500runs
0.0004999999999999996|0.09949999999999999|0.0005000000000000004|0.0004999999999999996|0.00032156895326775856|0.00028958990109625104|0.0|0.0006665276627163872
0.0049999999999999975|0.09949999999999999|0.0005000000000000004|0.003999999999999998|0.00344475765561778|0.003443740216414721|0.0006665276627163872|0.006224278732495167
0.009499999999999995|0.09949999999999999|0.0005000000000000004|0.0004999999999999987|0.006572619103547199|0.006604067214721255|0.006224278732495167|0.0068900288802094135
0.0004999999999999996|0.095|0.00399999999999999|0.0004999999999999996|0.00028958990109625104|0.00022827692137148664|0.0|5.177040736386179e-05
0.009499999999999995|0.095|0.00399999999999999|0.0004999999999999987|0.006604067214721255|0.005757542095479683|0.006860584500023074|0.007033499920619376
0.0004999999999999996|0.09050000000000001|0.0005000000000000004|0.0004999999999999996|0.00022827692137148664|0.00024809788376360155|0.0|0.0005251505898015176
0.0049999999999999975|0.09050000000000001|0.0005000000000000004|0.003999999999999998|0.0027236334232341405|0.0026776819490473463|0.0005251505898015176|0.005297880864725356
0.009499999999999995|0.09050000000000001|0.0005000000000000004|0.0004999999999999987|0.005757542095479683|0.005437259968549013|0.005297880864725356|0.0059898939354991465
0.013999999999999992|0.09949999999999999|0.0005000000000000004|0.003999999999999997|0.009472595121880478|0.00933100651851993|0.0068900288802094135|0.012728962829493786
0.05|0.09949999999999999|0.0005000000000000004|0.03200000000000001|0.03899756344914081|0.038990294755677425|0.012728962829493786|0.06637876590326093
0.08600000000000002|0.09949999999999999|0.0005000000000000004|0.0040000000000000036|0.06964442902890754|0.070060860909554|0.06637876590326093|0.07263704486074965
0.013999999999999992|0.095|0.00399999999999999|0.003999999999999997|0.00933100651851993|0.00889231464077508|0.007033499920619376|0.008415236725098502
0.08600000000000002|0.095|0.00399999999999999|0.0040000000000000036|0.070060860909554|0.07255821958485845|0.07213728514079211|0.07387193790518214
0.013999999999999992|0.09050000000000001|0.0005000000000000004|0.003999999999999997|0.00889231464077508|0.008950056316308809|0.0059898939354991465|0.012419625875160769
0.05|0.09050000000000001|0.0005000000000000004|0.03200000000000001|0.04015416052318872|0.04015416052318872|0.012419625875160769|0.06899144535780648
0.08600000000000002|0.09050000000000001|0.0005000000000000004|0.0040000000000000036|0.07255821958485845|0.0725961059621337|0.06899144535780648|0.07685684391278952
0.09050000000000001|0.09949999999999999|0.0005000000000000004|0.0005000000000000004|0.0728519147036304|0.07311324620842262|0.07263704486074965|0.07341619088643526
0.095|0.09949999999999999|0.0005000000000000004|0.00399999999999999|0.07665320500565125|0.07680175036865071|0.07341619088643526|0.08161221084412586
0.09949999999999999|0.09949999999999999|0.0005000000000000004|0.0005000000000000004|0.08172712657355537|0.08261332843131997|0.08161221084412586|0.08291479745199622
0.09050000000000001|0.095|0.00399999999999999|0.0005000000000000004|0.07311324620842262|0.07702105870282999|0.07387193790518214|0.07407382325649156
0.09949999999999999|0.095|0.00399999999999999|0.0005000000000000004|0.08261332843131997|0.08673943359035083|0.0858236803965667|0.08612917289912851
0.09050000000000001|0.09050000000000001|0.0005000000000000004|0.0005000000000000004|0.07702105870282999|0.07774511414727624|0.07685684391278952|0.07795377086754579
0.095|0.09050000000000001|0.0005000000000000004|0.00399999999999999|0.08258346627345503|0.08272266958430537|0.07795377086754579|0.08637940979889397
0.09949999999999999|0.09050000000000001|0.0005000000000000004|0.0005000000000000004|0.08673943359035083|0.0869809438597541|0.08637940979889397|0.08734900815934032
0.0004999999999999996|0.08600000000000002|0.0040000000000000036|0.0004999999999999996|0.00024809788376360155|0.00020533040911147935|0.0|0.0004612603007440168
0.0049999999999999975|0.08600000000000002|0.0040000000000000036|0.003999999999999998|0.0026776819490473463|0.002309709841714882|0.0004612603007440168|0.0037927147796366044
0.009499999999999995|0.08600000000000002|0.0040000000000000036|0.0004999999999999987|0.005437259968549013|0.0040123095759794615|0.0037927147796366044|0.003977445890451004
0.0004999999999999996|0.05|0.03200000000000001|0.0004999999999999996|0.00020533040911147935|0.00023706515064885196|0.0|6.701130860153723e-06
0.009499999999999995|0.05|0.03200000000000001|0.0004999999999999987|0.0040123095759794615|0.004543428123314025|0.004286423322638708|0.004286423322638708
0.0004999999999999996|0.013999999999999992|0.003999999999999997|0.0004999999999999996|0.00023706515064885196|0.000287656019719753|0.0|0.0005326017952478166
0.0049999999999999975|0.013999999999999992|0.003999999999999997|0.003999999999999998|0.002666710989909491|0.0031049910661609245|0.0005326017952478166|0.004363460086344112
0.009499999999999995|0.013999999999999992|0.003999999999999997|0.0004999999999999987|0.004543428123314025|0.006312001410493319|0.004363460086344112|0.00457555372339844
0.09050000000000001|0.08600000000000002|0.0040000000000000036|0.0005000000000000004|0.07774511414727624|0.08118132609493132|0.0806932032404686|0.08104383731114295
0.095|0.08600000000000002|0.0040000000000000036|0.00399999999999999|0.08272266958430537|0.08373964759283921|0.08104383731114295|0.08751708237348094
0.09949999999999999|0.08600000000000002|0.0040000000000000036|0.0005000000000000004|0.0869809438597541|0.08876756224573523|0.08751708237348094|0.08851684329167332
0.09050000000000001|0.05|0.03200000000000001|0.0005000000000000004|0.08118132609493132|0.09103715362555612|0.08498748852614967|0.08498748852614967
0.09949999999999999|0.05|0.03200000000000001|0.0005000000000000004|0.08876756224573523|0.09843551390294854|0.09499396644312798|0.09505799734804427
0.09050000000000001|0.013999999999999992|0.003999999999999997|0.0005000000000000004|0.09103715362555612|0.08995133975605564|0.09179336176298193|0.09215392794408075
0.095|0.013999999999999992|0.003999999999999997|0.00399999999999999|0.09502443717822157|0.09455230413617359|0.09215392794408075|0.09845056681781869
0.09949999999999999|0.013999999999999992|0.003999999999999997|0.0005000000000000004|0.09843551390294854|0.09901152297948489|0.09845056681781869|0.09936606727326777
0.0004999999999999996|0.009499999999999995|0.0004999999999999987|0.0004999999999999996|0.000287656019719753|0.00026476862204622586|0.0|0.000609202188564763
0.0049999999999999975|0.009499999999999995|0.0004999999999999987|0.003999999999999998|0.0031049910661609245|0.003159480593026369|0.000609202188564763|0.006154014832182311
0.009499999999999995|0.009499999999999995|0.0004999999999999987|0.0004999999999999987|0.006312001410493319|0.006688712375061704|0.006154014832182311|0.0069619872896885
0.0004999999999999996|0.0049999999999999975|0.003999999999999998|0.0004999999999999996|0.00026476862204622586|0.00033407273438770325|0.0|5.9868404722952814e-05
0.009499999999999995|0.0049999999999999975|0.003999999999999998|0.0004999999999999987|0.006688712375061704|0.007664307691840059|0.007972053961606898|0.008173009793534308
0.0004999999999999996|0.0004999999999999996|0.0004999999999999996|0.0004999999999999996|0.00033407273438770325|0.00036831074305472637|0.0|0.0007710402010482051
0.0049999999999999975|0.0004999999999999996|0.0004999999999999996|0.003999999999999998|0.0039928758649960365|0.0039928758649960365|0.0007710402010482051|0.007223006376192273
0.009499999999999995|0.0004999999999999996|0.0004999999999999996|0.0004999999999999987|0.007664307691840059|0.007625839408119204|0.007223006376192273|0.00799455949976708
0.013999999999999992|0.009499999999999995|0.0004999999999999987|0.003999999999999997|0.010430042489965173|0.01035920911054866|0.0069619872896885|0.014506485335051415
0.05|0.009499999999999995|0.0004999999999999987|0.03200000000000001|0.047095951582460556|0.047095951582460556|0.014506485335051415|0.08102904337519354
0.08600000000000002|0.009499999999999995|0.0004999999999999987|0.0040000000000000036|0.08526940598840795|0.08536037344346886|0.08102904337519354|0.08922645578110297
0.013999999999999992|0.0049999999999999975|0.003999999999999998|0.003999999999999997|0.01035920911054866|0.010815024256950459|0.008173009793534308|0.00978065644895357
0.08600000000000002|0.0049999999999999975|0.003999999999999998|0.0040000000000000036|0.08536037344346886|0.08483858917371802|0.08593404608092717|0.08772485738453224
0.013999999999999992|0.0004999999999999996|0.0004999999999999996|0.003999999999999997|0.010815024256950459|0.01094432023295007|0.00799455949976708|0.01495681211710794
0.05|0.0004999999999999996|0.0004999999999999996|0.03200000000000001|0.047056747190370896|0.047056747190370896|0.01495681211710794|0.08051810423639347
0.08600000000000002|0.0004999999999999996|0.0004999999999999996|0.0040000000000000036|0.08483858917371802|0.08469948081676217|0.08051810423639347|0.08808103667625333
0.09050000000000001|0.009499999999999995|0.0004999999999999987|0.0005000000000000004|0.08995133975605564|0.08952196999629339|0.08922645578110297|0.0902513315052707
0.095|0.009499999999999995|0.0004999999999999987|0.00399999999999999|0.09455230413617359|0.09449328750591758|0.0902513315052707|0.0985244348694827
0.09949999999999999|0.009499999999999995|0.0004999999999999987|0.0005000000000000004|0.09901152297948489|0.09913809658296585|0.0985244348694827|0.09949854541104083
0.09050000000000001|0.0049999999999999975|0.003999999999999998|0.0005000000000000004|0.08952196999629339|0.08842439570063651|0.08772485738453224|0.08792903392512186
0.09949999999999999|0.0049999999999999975|0.003999999999999998|0.0005000000000000004|0.09913809658296585|0.09890492083241403|0.09990964010787953|0.10017257857197569
0.09050000000000001|0.0004999999999999996|0.0004999999999999996|0.0005000000000000004|0.08842439570063651|0.08848631592257584|0.08808103667625333|0.08905780016961502
0.095|0.0004999999999999996|0.0004999999999999996|0.00399999999999999|0.09347481924548384|0.09347481924548384|0.08905780016961502|0.0981886386290052
0.09949999999999999|0.0004999999999999996|0.0004999999999999996|0.0005000000000000004|0.09890492083241403|0.09876520092155158|0.0981886386290052|0.099290495669001
0.10399999999999998|0.09949999999999999|0.0005000000000000004|0.0040000000000000036|0.08860824952094028|0.0886092455741184|0.08291479745199622|0.09444690541735129
0.13999999999999996|0.09949999999999999|0.0005000000000000004|0.03199999999999999|0.14115615258863962|0.14115615258863962|0.09444690541735129|0.18274869234924812
0.17599999999999993|0.09949999999999999|0.0005000000000000004|0.0040000000000000036|0.18794775981932418|0.18788663310980253|0.18274869234924812|0.19157679600511018
0.10399999999999998|0.095|0.00399999999999999|0.0040000000000000036|0.0886092455741184|0.0910057694510446|0.08612917289912851|0.08856686350254481
0.17599999999999993|0.095|0.00399999999999999|0.0040000000000000036|0.18788663310980253|0.18453088739646592|0.18811015265621495|0.19143756185793606
0.10399999999999998|0.09050000000000001|0.0005000000000000004|0.00399999999999999|0.0910057694510446|0.0914613576883631|0.08734900815934032|0.09657585825410132
0.13999999999999996|0.09050000000000001|0.0005000000000000004|0.03199999999999999|0.13870391214713398|0.13865587896675788|0.09657585825410132|0.17904130511767916
0.17599999999999993|0.09050000000000001|0.0005000000000000004|0.0040000000000000036|0.18453088739646592|0.1835930332266605|0.17904130511767916|0.18810372224852925
0.2119999999999999|0.09949999999999999|0.0005000000000000004|0.03199999999999997|0.2207041095473849|0.22048009841497587|0.19157679600511018|0.25173389911355554
0.5|0.09949999999999999|0.0005000000000000004|0.25600000000000006|0.49997221564292066|0.49997221564292066|0.25173389911355554|0.748139895044968
0.788|0.09949999999999999|0.0005000000000000004|0.03200000000000003|0.7791608549702239|0.7793842821171533|0.748139895044968|0.808249543236462
0.2119999999999999|0.095|0.00399999999999999|0.03199999999999997|0.22048009841497587|0.22009037110599802|0.19143756185793606|0.21878240021108838
0.788|0.095|0.00399999999999999|0.03200000000000003|0.7793842821171533|0.7797751272780175|0.7810771890277618|0.8083405998127603
0.2119999999999999|0.09050000000000001|0.0005000000000000004|0.03199999999999997|0.22009037110599802|0.22036053445697254|0.18810372224852925|0.25142862682684297
0.5|0.09050000000000001|0.0005000000000000004|0.25600000000000006|0.499973365785806|0.499973365785806|0.25142862682684297|0.748446446938298
0.788|0.09050000000000001|0.0005000000000000004|0.03200000000000003|0.7797751272780175|0.7795055820823595|0.748446446938298|0.8118135893321116
0.8240000000000001|0.09949999999999999|0.0005000000000000004|0.0040000000000000036|0.8118856292697418|0.8118690829484131|0.808249543236462|0.8170830589997153
0.8600000000000001|0.09949999999999999|0.0005000000000000004|0.03200000000000003|0.8586229088815476|0.8586229088815476|0.8170830589997153|0.905383943540748
0.8960000000000001|0.09949999999999999|0.0005000000000000004|0.0040000000000000036|0.9112294802907415|0.9112300332683939|0.905383943540748|0.9169302981015378
0.8240000000000001|0.095|0.00399999999999999|0.0040000000000000036|0.8118690829484131|0.8153930569584197|0.8083405998127603|0.811736712377782
0.8960000000000001|0.095|0.00399999999999999|0.0040000000000000036|0.9112300332683939|0.9088569555718189|0.9112834244549016|0.9137333634397835
0.8240000000000001|0.09050000000000001|0.0005000000000000004|0.0040000000000000036|0.8153930569584197|0.8163316635096177|0.8118135893321116|0.8208070547958815
0.8600000000000001|0.09050000000000001|0.0005000000000000004|0.03200000000000003|0.8611502429244619|0.8612359881395258|0.8208070547958815|0.9032866020684365
0.8960000000000001|0.09050000000000001|0.0005000000000000004|0.0040000000000000036|0.9088569555718189|0.9084034121568926|0.9032866020684365|0.912513153795328
0.10399999999999998|0.08600000000000002|0.0040000000000000036|0.0040000000000000036|0.0914613576883631|0.09299631510718498|0.08851684329167332|0.09773578025658573
0.13999999999999996|0.08600000000000002|0.0040000000000000036|0.03199999999999999|0.13865587896675788|0.13827161352374892|0.09773578025658573|0.17506970383860887
0.17599999999999993|0.08600000000000002|0.0040000000000000036|0.0040000000000000036|0.1835930332266605|0.17998485021474805|0.17506970383860887|0.17966946512796636
0.10399999999999998|0.05|0.03200000000000001|0.0040000000000000036|0.09299631510718498|0.102414950624872|0.09505799734804427|0.09557024458737456
0.17599999999999993|0.05|0.03200000000000001|0.0040000000000000036|0.17998485021474805|0.18488863092807836|0.18315741836422375|0.18315741836422375
0.10399999999999998|0.013999999999999992|0.003999999999999997|0.00399999999999999|0.102414950624872|0.10326950378689269|0.09936606727326777|0.10808034028921809
0.13999999999999996|0.013999999999999992|0.003999999999999997|0.03199999999999999|0.1465587515664894|0.14700174553663697|0.10808034028921809|0.18082642160255996
0.17599999999999993|0.013999999999999992|0.003999999999999997|0.0040000000000000036|0.18488863092807836|0.18935078995668295|0.18082642160255996|0.18518328529094538
0.8240000000000001|0.08600000000000002|0.0040000000000000036|0.0040000000000000036|0.8163316635096177|0.8198880272574718|0.8201909216234746|0.8248585918149283
0.8600000000000001|0.08600000000000002|0.0040000000000000036|0.03200000000000003|0.8612359881395258|0.8615845632178981|0.8248585918149283|0.9021329814424907
0.8960000000000001|0.08600000000000002|0.0040000000000000036|0.0040000000000000036|0.9084034121568926|0.9068910983479213|0.9021329814424907|0.911362251778157
0.8240000000000001|0.05|0.03200000000000001|0.0040000000000000036|0.8198880272574718|0.8151122596359077|0.8168142657882967|0.8168142657882967
0.8960000000000001|0.05|0.03200000000000001|0.0040000000000000036|0.9068910983479213|0.8976417399556619|0.9044076153667725|0.9049107936236369
0.8240000000000001|0.013999999999999992|0.003999999999999997|0.0040000000000000036|0.8151122596359077|0.8106732077179363|0.814899508866859|0.8191893352853814
0.8600000000000001|0.013999999999999992|0.003999999999999997|0.03200000000000003|0.8534745809816443|0.853029001243359|0.8191893352853814|0.8919872627625912
0.8960000000000001|0.013999999999999992|0.003999999999999997|0.0040000000000000036|0.8976417399556619|0.8968155351078434|0.8919872627625912|0.9007140804457638
0.10400000000000001|0.009499999999999995|0.0004999999999999987|0.0040000000000000036|0.10326950378689269|0.10313943991771496|0.09949854541104083|0.10812659764693679
0.13999999999999996|0.009499999999999995|0.0004999999999999987|0.03199999999999997|0.14700174553663697|0.14705711978290542|0.10812659764693679|0.18512224129670654
0.1759999999999999|0.009499999999999995|0.0004999999999999987|0.003999999999999976|0.18935078995668295|0.19042052044368243|0.18512224129670654|0.19383265132652663
0.10400000000000001|0.0049999999999999975|0.003999999999999998|0.0040000000000000036|0.10313943991771496|0.10325610678483092|0.10017257857197569|0.10217270021990892
0.1759999999999999|0.0049999999999999975|0.003999999999999998|0.003999999999999976|0.19042052044368243|0.19427835923439044|0.1942358681810779|0.19747965437800824
0.10400000000000001|0.0004999999999999996|0.0004999999999999996|0.004000000000000017|0.10325610678483092|0.10339153260544617|0.099290495669001|0.1087385192283809
0.13999999999999996|0.0004999999999999996|0.0004999999999999996|0.03199999999999997|0.15147944205758734|0.15147944205758734|0.1087385192283809|0.18953210415374727
0.1759999999999999|0.0004999999999999996|0.0004999999999999996|0.003999999999999976|0.19427835923439044|0.19436899589534992|0.18953210415374727|0.19780963607446342
0.2119999999999999|0.009499999999999995|0.0004999999999999987|0.03199999999999997|0.22554205237914554|0.22537464007370814|0.19383265132652663|0.2559485048032292
0.5|0.009499999999999995|0.0004999999999999987|0.25600000000000006|0.49992994522726714|0.49992994522726714|0.2559485048032292|0.7440321351007372
0.788|0.009499999999999995|0.0004999999999999987|0.03200000000000003|0.774453568070783|0.7747122459448894|0.7440321351007372|0.8061146345552515
0.2119999999999999|0.0049999999999999975|0.003999999999999998|0.03199999999999997|0.22537464007370814|0.22581129491067228|0.19747965437800824|0.22412633082249522
0.788|0.0049999999999999975|0.003999999999999998|0.03200000000000003|0.7747122459448894|0.7742799686141859|0.7760510604161436|0.8025613675095952
0.2119999999999999|0.0004999999999999996|0.0004999999999999996|0.032|0.22581129491067228|0.2260332890707302|0.19780963607446342|0.2563970040939537
0.5|0.0004999999999999996|0.0004999999999999996|0.25600000000000006|0.5000395455161877|0.5000395455161877|0.2563970040939537|0.7436933123698547
0.788|0.0004999999999999996|0.0004999999999999996|0.03200000000000003|0.7742799686141859|0.7740585821389413|0.7436933123698547|0.8023022787121012
0.8240000000000001|0.009499999999999995|0.0004999999999999987|0.0040000000000000036|0.8106732077179363|0.8096788869875501|0.8061146345552515|0.8148390496336171
0.8600000000000001|0.009499999999999995|0.0004999999999999987|0.03200000000000003|0.853029001243359|0.8529733037760733|0.8148390496336171|0.8919462158297714
0.8960000000000001|0.009499999999999995|0.0004999999999999987|0.0040000000000000036|0.8968155351078434|0.8969403868042776|0.8919462158297714|0.9005783630494224
0.8240000000000001|0.0049999999999999975|0.003999999999999998|0.0040000000000000036|0.8096788869875501|0.8058356776510853|0.8025613675095952|0.8058751558962767
0.8960000000000001|0.0049999999999999975|0.003999999999999998|0.0040000000000000036|0.8969403868042776|0.8968498606018647|0.897920842546629|0.8999331765258509
0.8240000000000001|0.0004999999999999996|0.0004999999999999996|0.0040000000000000036|0.8058356776510853|0.8057456546487478|0.8023022787121012|0.8105842897391032
0.8600000000000001|0.0004999999999999996|0.0004999999999999996|0.03200000000000003|0.8486528145504265|0.8486528145504265|0.8105842897391032|0.8913795593284108
0.8960000000000001|0.0004999999999999996|0.0004999999999999996|0.0040000000000000036|0.8968498606018647|0.896715987858769|0.8913795593284108|0.9008197269899926
0.9005000000000001|0.09949999999999999|0.0005000000000000004|0.000500000000000056|0.9181183781736825|0.9172416198737336|0.9169302981015378|0.9182433995595932
0.905|0.09949999999999999|0.0005000000000000004|0.0040000000000000036|0.9232078985416098|0.9230591802251614|0.9182433995595932|0.9264503762856198
0.9095|0.09949999999999999|0.0005000000000000004|0.0004999999999999449|0.9270285378808865|0.9267675412470293|0.9264503762856198|0.9272305954043453
0.9005000000000001|0.095|0.00399999999999999|0.000500000000000056|0.9172416198737336|0.9131217903818911|0.9137333634397835|0.9140396058128939
0.9095|0.095|0.00399999999999999|0.0004999999999999449|0.9267675412470293|0.9228668661723751|0.9258107704618513|0.9260128388941647
0.9005000000000001|0.09050000000000001|0.0005000000000000004|0.0004999999999999449|0.9131217903818911|0.9128821289958913|0.912513153795328|0.9134825176229143
0.905|0.09050000000000001|0.0005000000000000004|0.0040000000000000036|0.9172886250325654|0.9171601404930093|0.9134825176229143|0.9219214346113183
0.9095|0.09050000000000001|0.0005000000000000004|0.0004999999999999449|0.9228668661723751|0.9221315014110014|0.9219214346113183|0.9230316454112715
0.914|0.09949999999999999|0.0005000000000000004|0.0040000000000000036|0.9302387471943948|0.9298100445827804|0.9272305954043453|0.9334981172095671
0.95|0.09949999999999999|0.0005000000000000004|0.03199999999999992|0.9609290992717643|0.9609362260231982|0.9334981172095671|0.987248527063107
0.9859999999999999|0.09949999999999999|0.0005000000000000004|0.0040000000000000036|0.990510142294018|0.990652052034467|0.987248527063107|0.9930973618604825
0.914|0.095|0.00399999999999999|0.0040000000000000036|0.9298100445827804|0.9273310728053358|0.9260128388941647|0.9277486357237429
0.9859999999999999|0.095|0.00399999999999999|0.0040000000000000036|0.990652052034467|0.9910918926957036|0.9915679507654382|0.992953558599204
0.914|0.09050000000000001|0.0005000000000000004|0.0040000000000000036|0.9273310728053358|0.927280522232144|0.9230316454112715|0.9308908157986835
0.95|0.09050000000000001|0.0005000000000000004|0.03199999999999992|0.9597816126925258|0.9597816126925258|0.9308908157986835|0.9875591386474324
0.9859999999999999|0.09050000000000001|0.0005000000000000004|0.0040000000000000036|0.9910918926957036|0.9910340808495635|0.9875591386474324|0.9939990372919785
0.9904999999999999|0.09949999999999999|0.0005000000000000004|0.000500000000000056|0.9934152401530294|0.9933839637062085|0.9930973618604825|0.9937642850414921
0.9949999999999999|0.09949999999999999|0.0005000000000000004|0.0040000000000000036|0.9965492088354158|0.9965502874094734|0.9937642850414921|0.9993321937490914
0.9994999999999998|0.09949999999999999|0.0005000000000000004|0.0004999999999999449|0.9996778746263422|0.9997098548403867|0.9993321937490914|1.0
0.9904999999999999|0.095|0.00399999999999999|0.000500000000000056|0.9933839637062085|0.9942326188676424|0.992953558599204|0.9931267595784248
0.9994999999999998|0.095|0.00399999999999999|0.0004999999999999449|0.9997098548403867|0.9997712973297508|0.9999481315172157|1.0
0.9904999999999999|0.09050000000000001|0.0005000000000000004|0.000500000000000056|0.9942326188676424|0.9945526474687955|0.9939990372919785|0.9946922460026246
0.9949999999999999|0.09050000000000001|0.0005000000000000004|0.0040000000000000036|0.9972717171437364|0.9973172927739403|0.9946922460026246|0.9994738675870376
0.9994999999999998|0.09050000000000001|0.0005000000000000004|0.0004999999999999449|0.9997712973297508|0.999751442226252|0.9994738675870376|1.0
0.9005000000000001|0.08600000000000002|0.0040000000000000036|0.000500000000000056|0.9128821289958913|0.9111148438820046|0.911362251778157|0.9123545551621566
0.905|0.08600000000000002|0.0040000000000000036|0.0040000000000000036|0.9171601404930093|0.9161322641765598|0.9123545551621566|0.9188406748904729
0.9095|0.08600000000000002|0.0040000000000000036|0.0004999999999999449|0.9221315014110014|0.9187146952130909|0.9188406748904729|0.919179226229712
0.9005000000000001|0.05|0.03200000000000001|0.000500000000000056|0.9111148438820046|0.9016227121542606|0.9049107936236369|0.9049850071901036
0.9095|0.05|0.03200000000000001|0.0004999999999999449|0.9187146952130909|0.9090327972856906|0.9149984470801207|0.9149984470801207
0.9005000000000001|0.013999999999999992|0.003999999999999997|0.0004999999999999449|0.9016227121542606|0.9010644064783246|0.9007140804457638|0.9016310326642458
0.905|0.013999999999999992|0.003999999999999997|0.0040000000000000036|0.9050497472450584|0.9055197149120185|0.9016310326642458|0.9079115629842185
0.9095|0.013999999999999992|0.003999999999999997|0.0004999999999999449|0.9090327972856906|0.9101303902115169|0.9079115629842185|0.9082870910613869
0.9904999999999999|0.08600000000000002|0.0040000000000000036|0.000500000000000056|0.9945526474687955|0.9959809160060409|0.996014877028336|0.9961999687544392
0.9949999999999999|0.08600000000000002|0.0040000000000000036|0.0040000000000000036|0.9973172927739403|0.997685886404017|0.9961999687544392|0.9995378578604117
0.9994999999999998|0.08600000000000002|0.0040000000000000036|0.0004999999999999449|0.999751442226252|0.9997942766853126|0.9995378578604117|1.0
0.9904999999999999|0.05|0.03200000000000001|0.000500000000000056|0.9959809160060409|0.9954565744320365|0.9957090727037796|0.9957090727037796
0.9994999999999998|0.05|0.03200000000000001|0.0004999999999999449|0.9997942766853126|0.9997630103144153|0.999993294482123|1.0
0.9904999999999999|0.013999999999999992|0.003999999999999997|0.000500000000000056|0.9954565744320365|0.9936907674087959|0.9954253549123492|0.9956374229771847
0.9949999999999999|0.013999999999999992|0.003999999999999997|0.0040000000000000036|0.9973339674958692|0.9968958066417425|0.9956374229771847|0.9994675296220473
0.9994999999999998|0.013999999999999992|0.003999999999999997|0.0004999999999999449|0.9997630103144153|0.9997124202117271|0.9994675296220473|1.0
0.9005000000000001|0.009499999999999995|0.0004999999999999987|0.000500000000000056|0.9010644064783246|0.900951143906639|0.9005783630494224|0.9015519627099953
0.905|0.009499999999999995|0.0004999999999999987|0.0040000000000000036|0.9055197149120185|0.9055948845271302|0.9015519627099953|0.909829627513767
0.9095|0.009499999999999995|0.0004999999999999987|0.0004999999999999449|0.9101303902115169|0.9105770390487331|0.909829627513767|0.9108558992661444
0.9005000000000001|0.0049999999999999975|0.003999999999999998|0.000500000000000056|0.900951143906639|0.9011924492519442|0.8999331765258509|0.9001847182732539
0.9095|0.0049999999999999975|0.003999999999999998|0.0004999999999999449|0.9105770390487331|0.911666119116075|0.9121721617163123|0.912375261895805
0.9005000000000001|0.0004999999999999996|0.0004999999999999996|0.0004999999999999449|0.9011924492519442|0.9013326943813955|0.9008197269899926|0.9019089103033817
0.905|0.0004999999999999996|0.0004999999999999996|0.0040000000000000036|0.9066210070143698|0.9066210070143698|0.9019089103033817|0.9110339638478708
0.9095|0.0004999999999999996|0.0004999999999999996|0.0004999999999999449|0.911666119116075|0.9116050699344931|0.9110339638478708|0.9120276878854019
0.914|0.009499999999999995|0.0004999999999999987|0.0040000000000000036|0.9148166725530371|0.9147435747540918|0.9108558992661444|0.9190527189358654
0.95|0.009499999999999995|0.0004999999999999987|0.03199999999999992|0.9529512932088365|0.9529512932088365|0.9190527189358654|0.9855045684365299
0.9859999999999999|0.009499999999999995|0.0004999999999999987|0.0040000000000000036|0.9895750032412847|0.9896472374187705|0.9855045684365299|0.9930413355872939
0.914|0.0049999999999999975|0.003999999999999998|0.0040000000000000036|0.9147435747540918|0.9152697604782134|0.912375261895805|0.9141587923625306
0.9859999999999999|0.0049999999999999975|0.003999999999999998|0.0040000000000000036|0.9896472374187705|0.9891918669138645|0.990225110838656|0.9918311047298791
0.914|0.0004999999999999996|0.0004999999999999996|0.0040000000000000036|0.9152697604782134|0.9154086314926739|0.9120276878854019|0.919584614494442
0.95|0.0004999999999999996|0.0004999999999999996|0.03199999999999992|0.9530028388987025|0.9530028388987025|0.919584614494442|0.9850549077660791
0.9859999999999999|0.0004999999999999996|0.0004999999999999996|0.0040000000000000036|0.9891918669138645|0.9890627114232656|0.9850549077660791|0.9920095962193604
0.9904999999999999|0.009499999999999995|0.0004999999999999987|0.000500000000000056|0.9936907674087959|0.9933136137118485|0.9930413355872939|0.9938480683801517
0.9949999999999999|0.009499999999999995|0.0004999999999999987|0.0040000000000000036|0.9968958066417425|0.9968413463826971|0.9938480683801517|0.9993910111774161
0.9994999999999998|0.009499999999999995|0.0004999999999999987|0.0004999999999999449|0.9997124202117271|0.9997353228986564|0.9993910111774161|1.0
0.9904999999999999|0.0049999999999999975|0.003999999999999998|0.000500000000000056|0.9933136137118485|0.9923386518051264|0.9918311047298791|0.9920318539662824
0.9994999999999998|0.0049999999999999975|0.003999999999999998|0.0004999999999999449|0.9997353228986564|0.9996661009773824|0.9999401570691773|1.0
0.9904999999999999|0.0004999999999999996|0.0004999999999999996|0.000500000000000056|0.9923386518051264|0.9923779568188722|0.9920095962193604|0.9927813933185621
0.9949999999999999|0.0004999999999999996|0.0004999999999999996|0.0040000000000000036|0.9960088853160814|0.9960088853160814|0.9927813933185621|0.9992292935820738
0.9994999999999998|0.0004999999999999996|0.0004999999999999996|0.0004999999999999449|0.9996661009773824|0.9996318789941716|0.9992292935820738|1.0
0.9005000000000001|0.8960000000000001|0.0040000000000000036|0.000500000000000056|0.9181327424614613|0.9233624490363352|0.9219529377538752|0.9222148868113071
0.905|0.8960000000000001|0.0040000000000000036|0.0040000000000000036|0.9232156083885938|0.924412753674604|0.9222148868113071|0.927748241205014
0.9095|0.8960000000000001|0.0040000000000000036|0.0004999999999999449|0.9270393044144144|0.9294221693896589|0.927748241205014|0.9285368462547577
0.9005000000000001|0.8600000000000001|0.03200000000000003|0.000500000000000056|0.9233624490363352|0.9445215695835242|0.9347287735007941|0.9347287735007941
0.9095|0.8600000000000001|0.03200000000000003|0.0004999999999999449|0.9294221693896589|0.9466184192359762|0.9394781073364089|0.9394871765956015
0.9005000000000001|0.8240000000000001|0.0040000000000000036|0.000500000000000056|0.9445215695835242|0.9459540211794216|0.9457554829028672|0.9458517672294786
0.905|0.8240000000000001|0.0040000000000000036|0.0040000000000000036|0.9467102206773136|0.9468084363174554|0.9458517672294786|0.9474219873849656
0.9095|0.8240000000000001|0.0040000000000000036|0.0004999999999999449|0.9466184192359762|0.9475272604807964|0.9474219873849656|0.947676878804058
0.914|0.8960000000000001|0.0040000000000000036|0.0040000000000000036|0.9302433464440226|0.9324152960326915|0.9285368462547577|0.9347693842454118
0.95|0.8960000000000001|0.0040000000000000036|0.03199999999999992|0.9609373854015479|0.9609443453478816|0.9347693842454118|0.9870315496903964
0.9859999999999999|0.8960000000000001|0.0040000000000000036|0.0040000000000000036|0.9905095592115505|0.990558574997467|0.9870315496903964|0.9930614071781122
0.914|0.8600000000000001|0.03200000000000003|0.0040000000000000036|0.9324152960326915|0.948034284372867|0.9394871765956015|0.9396560713158435
0.9859999999999999|0.8600000000000001|0.03200000000000003|0.0040000000000000036|0.990558574997467|0.9924543040380488|0.9926875731115179|0.9929799240192597
0.914|0.8240000000000001|0.0040000000000000036|0.0040000000000000036|0.948034284372867|0.9490910360938553|0.947676878804058|0.9514956338287419
0.95|0.8240000000000001|0.0040000000000000036|0.03199999999999992|0.9708082164187181|0.9708082164187181|0.9514956338287419|0.9900234010577929
0.9859999999999999|0.8240000000000001|0.0040000000000000036|0.0040000000000000036|0.9924543040380488|0.9924252991376772|0.9900234010577929|0.9947928519781288
0.9904999999999999|0.8960000000000001|0.0040000000000000036|0.000500000000000056|0.9934156133611133|0.9933642818792607|0.9930614071781122|0.9937558135071939
0.9949999999999999|0.8960000000000001|0.0040000000000000036|0.0040000000000000036|0.9965487900432886|0.9965402525341245|0.9937558135071939|0.9993134840898606
0.9994999999999998|0.8960000000000001|0.0040000000000000036|0.0004999999999999449|0.9996778813114463|0.9996970982038103|0.9993134840898606|1.0
0.9904999999999999|0.8600000000000001|0.03200000000000003|0.000500000000000056|0.9933642818792607|0.9948585373942456|0.9929799240192597|0.9930164678827276
0.9994999999999998|0.8600000000000001|0.03200000000000003|0.0004999999999999449|0.9996970982038103|0.9997842324458295|0.9999921449599352|1.0
0.9904999999999999|0.8240000000000001|0.0040000000000000036|0.000500000000000056|0.9948585373942456|0.995499877055571|0.9947928519781288|0.9953594410931098
0.9949999999999999|0.8240000000000001|0.0040000000000000036|0.0040000000000000036|0.997531775806477|0.9977221539633859|0.9953594410931098|0.9995107745426801
0.9994999999999998|0.8240000000000001|0.0040000000000000036|0.0004999999999999449|0.9997842324458295|0.9997765416165489|0.9995107745426801|1.0
0.9005000000000001|0.788|0.03200000000000003|0.000500000000000056|0.9459540211794216|0.9476656221600529|0.9475507541763233|0.947548086730383
0.905|0.788|0.03200000000000003|0.0040000000000000036|0.9468084363174554|0.9476026453710739|0.947548086730383|0.947719347800411
0.9095|0.788|0.03200000000000003|0.0004999999999999449|0.9475272604807964|0.9478577019479943|0.947719347800411|0.947743406009944
0.9005000000000001|0.5|0.25600000000000006|0.000500000000000056|0.9476656221600529|0.947525644317414|0.9486540286561395|0.9486540286561395
0.9095|0.5|0.25600000000000006|0.0004999999999999449|0.9478577019479943|0.9477257225225546|0.9487720694523969|0.9487720694523969
0.9005000000000001|0.2119999999999999|0.03199999999999997|0.000500000000000056|0.947525644317414|0.9458197175855337|0.9473929945495553|0.9473988488007519
0.905|0.2119999999999999|0.03199999999999997|0.0040000000000000036|0.9474538760413864|0.9466691837335355|0.9473988488007519|0.9475711284494169
0.9095|0.2119999999999999|0.03199999999999997|0.0004999999999999449|0.9477257225225546|0.9474115799002762|0.9475711284494169|0.9475949291563244
0.9904999999999999|0.788|0.03200000000000003|0.000500000000000056|0.995499877055571|0.9987815318501408|0.9987885248346546|0.9988396394802816
0.9949999999999999|0.788|0.03200000000000003|0.0040000000000000036|0.9977221539633859|0.9992485566452974|0.9988396394802816|0.9998479842671502
0.9994999999999998|0.788|0.03200000000000003|0.0004999999999999449|0.9997765416165489|0.9999314614615472|0.9998479842671502|1.0
0.9904999999999999|0.5|0.25600000000000006|0.000500000000000056|0.9987815318501408|0.9987797856352063|0.9987255879740295|0.9987255879740295
0.9994999999999998|0.5|0.25600000000000006|0.0004999999999999449|0.9999314614615472|0.9999313518706381|0.9999997332239959|1.0
0.9904999999999999|0.2119999999999999|0.03199999999999997|0.000500000000000056|0.9987797856352063|0.995491795473409|0.9987865469056366|0.9988375711213423
0.9949999999999999|0.2119999999999999|0.03199999999999997|0.0040000000000000036|0.9992472364019276|0.9977184228801511|0.9988375711213423|0.9998477411172262
0.9994999999999998|0.2119999999999999|0.03199999999999997|0.0004999999999999449|0.9999313518706381|0.9997761736486672|0.9998477411172262|1.0
0.9005000000000001|0.17599999999999993|0.0040000000000000036|0.000500000000000056|0.9458197175855337|0.9444029007393615|0.9456230579650309|0.9457295529212785
0.905|0.17599999999999993|0.0040000000000000036|0.0040000000000000036|0.9466691837335355|0.9465815125712594|0.9457295529212785|0.947298978057491
0.9095|0.17599999999999993|0.0040000000000000036|0.0004999999999999449|0.9474115799002762|0.9464909349104099|0.947298978057491|0.9475559576281137
0.9005000000000001|0.13999999999999996|0.03199999999999999|0.000500000000000056|0.9444029007393615|0.9233354722727045|0.9346416429340055|0.9346416429340055
0.9095|0.13999999999999996|0.03199999999999999|0.0004999999999999449|0.9464909349104099|0.9293951277207072|0.9393961580103386|0.939417171235668
0.9005000000000001|0.10399999999999998|0.0040000000000000036|0.000500000000000056|0.9233354722727045|0.9181183781736825|0.9219222009400421|0.9221959199270777
0.905|0.10399999999999998|0.0040000000000000036|0.0040000000000000036|0.9243976450731973|0.9232078985416098|0.9221959199270777|0.927729941707505
0.9095|0.10399999999999998|0.0040000000000000036|0.0004999999999999449|0.9293951277207072|0.9270285378808865|0.927729941707505|0.9285179705166487
0.914|0.17599999999999993|0.0040000000000000036|0.0040000000000000036|0.948978752127029|0.9479268295832379|0.9475559576281137|0.9513976710659469
0.95|0.17599999999999993|0.0040000000000000036|0.03199999999999992|0.9707490225772886|0.9707490225772886|0.9513976710659469|0.9900054388217787
0.9859999999999999|0.17599999999999993|0.0040000000000000036|0.0040000000000000036|0.99241249085234|0.9924411619557929|0.9900054388217787|0.9947843258757981
0.914|0.13999999999999996|0.03199999999999999|0.0040000000000000036|0.9479268295832379|0.9323781852980858|0.939417171235668|0.9395969836225578
0.9859999999999999|0.13999999999999996|0.03199999999999999|0.0040000000000000036|0.9924411619557929|0.9905563469659889|0.9926822519694126|0.9929738014121161
0.914|0.10399999999999998|0.0040000000000000036|0.0040000000000000036|0.9323781852980858|0.9302387471943948|0.9285179705166487|0.9347617866704695
0.95|0.10399999999999998|0.0040000000000000036|0.03199999999999992|0.96093684519029|0.9609290992717643|0.9347617866704695|0.9870283339811108
0.9859999999999999|0.10399999999999998|0.0040000000000000036|0.0040000000000000036|0.9905563469659889|0.990510142294018|0.9870283339811108|0.9930620678464288
0.9904999999999999|0.17599999999999993|0.0040000000000000036|0.000500000000000056|0.995491795473409|0.9948508881250776|0.9947843258757981|0.9953526865270064
0.9949999999999999|0.17599999999999993|0.0040000000000000036|0.0040000000000000036|0.9977184228801511|0.9975277367132144|0.9953526865270064|0.9995100563652138
0.9994999999999998|0.17599999999999993|0.0040000000000000036|0.0004999999999999449|0.9997761736486672|0.9997838788583899|0.9995100563652138|1.0
0.9904999999999999|0.13999999999999996|0.03199999999999999|0.000500000000000056|0.9948508881250776|0.9933641702104847|0.9929738014121161|0.9930115510958533
0.9994999999999998|0.13999999999999996|0.03199999999999999|0.0004999999999999449|0.9997838788583899|0.9996971235253249|0.9999921405470891|1.0
0.9904999999999999|0.10399999999999998|0.0040000000000000036|0.000500000000000056|0.9933641702104847|0.9934152401530294|0.9930620678464288|0.9937562845601627
0.9949999999999999|0.10399999999999998|0.0040000000000000036|0.0040000000000000036|0.9965412231570082|0.9965492088354158|0.9937562845601627|0.9993136729966092
0.9994999999999998|0.10399999999999998|0.0040000000000000036|0.0004999999999999449|0.9996971235253249|0.9996778746263422|0.9993136729966092|1.0
0.9005000000000001|0.9994999999999998|0.0004999999999999449|0.000500000000000056|0.9013032314693719|0.9011765645893449|0.9007909381439273|0.9018914026555689
0.905|0.9994999999999998|0.0004999999999999449|0.0040000000000000036|0.9066123996940607|0.9066123996940607|0.9018914026555689|0.9110390327950336
0.9095|0.9994999999999998|0.0004999999999999449|0.0004999999999999449|0.9115923619326551|0.9116533243897523|0.9110390327950336|0.9119973678993416
0.9005000000000001|0.9949999999999999|0.0040000000000000036|0.000500000000000056|0.9011765645893449|0.9009431267705541|0.8999125560261751|0.9001632295491292
0.9095|0.9949999999999999|0.0040000000000000036|0.0004999999999999449|0.9116533243897523|0.9105305677217251|0.9121410240465297|0.9123617340595275
0.9005000000000001|0.9904999999999999|0.000500000000000056|0.0004999999999999449|0.9009431267705541|0.9010684409256594|0.9005708712523169|0.9015442089616229
0.905|0.9904999999999999|0.000500000000000056|0.0040000000000000036|0.9055729692687484|0.9055131940390729|0.9015442089616229|0.909817609551759
0.9095|0.9904999999999999|0.000500000000000056|0.0004999999999999449|0.9105305677217251|0.9101176665324827|0.909817609551759|0.9108431412849491
0.914|0.9994999999999998|0.0004999999999999449|0.0040000000000000036|0.9153946757049715|0.9152383263540026|0.9119973678993416|0.9195540155636935
0.95|0.9994999999999998|0.0004999999999999449|0.03199999999999992|0.9529686170507293|0.9529686170507293|0.9195540155636935|0.9850448615957733
0.9859999999999999|0.9994999999999998|0.0004999999999999449|0.0040000000000000036|0.9890572106409474|0.9891864340630111|0.9850448615957733|0.9920056549188634
0.914|0.9949999999999999|0.0040000000000000036|0.0040000000000000036|0.9152383263540026|0.9147124928219045|0.9123617340595275|0.9141448831271568
0.9859999999999999|0.9949999999999999|0.0040000000000000036|0.0040000000000000036|0.9891864340630111|0.9896419431128365|0.9902214931656923|0.991827169812118
0.914|0.9904999999999999|0.000500000000000056|0.0040000000000000036|0.9147124928219045|0.9148027548674607|0.9108431412849491|0.9190225038144058
0.95|0.9904999999999999|0.000500000000000056|0.03199999999999992|0.9529276424848865|0.9529276424848865|0.9190225038144058|0.9854971977413366
0.9859999999999999|0.9904999999999999|0.000500000000000056|0.0040000000000000036|0.9896419431128365|0.9895711069806796|0.9854971977413366|0.9930376397781261
0.9904999999999999|0.9994999999999998|0.0004999999999999449|0.000500000000000056|0.9923742104536031|0.9923357468875019|0.9920056549188634|0.9927778465161816
0.9949999999999999|0.9994999999999998|0.0004999999999999449|0.0040000000000000036|0.9960073252580464|0.9960073252580464|0.9927778465161816|0.9992289913452255
0.9994999999999998|0.9994999999999998|0.0004999999999999449|0.0004999999999999449|0.9996316996061229|0.9996659693606471|0.9992289913452255|1.0
0.9904999999999999|0.9949999999999999|0.0040000000000000036|0.000500000000000056|0.9923357468875019|0.9933113985015462|0.991827169812118|0.9920280383586929
0.9994999999999998|0.9949999999999999|0.0040000000000000036|0.0004999999999999449|0.9996659693606471|0.9997351880616975|0.9999401273968417|1.0
0.9904999999999999|0.9904999999999999|0.000500000000000056|0.000500000000000056|0.9933113985015462|0.9936886840514016|0.9930376397781261|0.9938460611614092
0.9949999999999999|0.9904999999999999|0.000500000000000056|0.0040000000000000036|0.9968400022974606|0.996894768377542|0.9938460611614092|0.9993906990473868
0.9994999999999998|0.9904999999999999|0.000500000000000056|0.0004999999999999449|0.9997351880616975|0.9997123226770704|0.9993906990473868|1.0
0.9005000000000001|0.9859999999999999|0.0040000000000000036|0.000500000000000056|0.9010684409256594|0.9016145134165465|0.9007062729781414|0.9016218613353312
0.905|0.9859999999999999|0.0040000000000000036|0.0040000000000000036|0.9055131940390729|0.9050491078986943|0.9016218613353312|0.9079136498848638
0.9095|0.9859999999999999|0.0040000000000000036|0.0004999999999999449|0.9101176665324827|0.9090204127227555|0.9079136498848638|0.9082734820952629
0.9005000000000001|0.95|0.03199999999999992|0.000500000000000056|0.9016145134165465|0.9111121603476448|0.9049047536855872|0.9049688609326071
0.9095|0.95|0.03199999999999992|0.0004999999999999449|0.9090204127227555|0.9187233883407911|0.9149958577426943|0.9149958577426943
0.9005000000000001|0.914|0.0040000000000000036|0.0004999999999999449|0.9111121603476448|0.9128914685355394|0.9113512397929425|0.9123530200371885
0.905|0.914|0.0040000000000000036|0.0040000000000000036|0.9161365981385031|0.917164999601217|0.9123530200371885|0.9188501372736586
0.9095|0.914|0.0040000000000000036|0.0004999999999999449|0.9187233883407911|0.9221469655443514|0.9188501372736586|0.9191893296655531
0.9904999999999999|0.9859999999999999|0.0040000000000000036|0.000500000000000056|0.9936886840514016|0.9954549933861095|0.995423608307393|0.995635751497482
0.9949999999999999|0.9859999999999999|0.0040000000000000036|0.0040000000000000036|0.996894768377542|0.997333107713087|0.995635751497482|0.9994673148532651
0.9994999999999998|0.9859999999999999|0.0040000000000000036|0.0004999999999999449|0.9997123226770704|0.9997629144074565|0.9994673148532651|1.0
0.9904999999999999|0.95|0.03199999999999992|0.000500000000000056|0.9954549933861095|0.9959804608803776|0.9957060740158411|0.9957060740158411
0.9994999999999998|0.95|0.03199999999999992|0.0004999999999999449|0.9997629144074565|0.9997943278766561|0.9999932937384287|1.0
0.9904999999999999|0.914|0.0040000000000000036|0.000500000000000056|0.9959804608803776|0.9945532230947715|0.9960147592384445|0.9962004246864158
0.9949999999999999|0.914|0.0040000000000000036|0.0040000000000000036|0.997686098469577|0.9973175105548663|0.9962004246864158|0.9995379030700914
0.9994999999999998|0.914|0.0040000000000000036|0.0004999999999999449|0.9997943278766561|0.9997514528736889|0.9995379030700914|1.0
0.9005000000000001|0.9095|0.0004999999999999449|0.000500000000000056|0.9128914685355394|0.9131233095445686|0.9125133069940039|0.9134855992357144
0.905|0.9095|0.0004999999999999449|0.0040000000000000036|0.917164999601217|0.9172935497840565|0.9134855992357144|0.9219363233352966
0.9095|0.9095|0.0004999999999999449|0.0004999999999999449|0.9221469655443514|0.9228835144175693|0.9219363233352966|0.9230360623979664
0.9005000000000001|0.905|0.0040000000000000036|0.000500000000000056|0.9131233095445686|0.917245505218572|0.9137345880862914|0.9140412187215331
0.9095|0.905|0.0040000000000000036|0.0004999999999999449|0.9228835144175693|0.926790217201289|0.9258182695245131|0.9260336688183827
0.9005000000000001|0.9005000000000001|0.000500000000000056|0.0004999999999999449|0.917245505218572|0.9181327424614613|0.9169416598177221|0.9182589841006946
0.905|0.9005000000000001|0.000500000000000056|0.0040000000000000036|0.9230778332313796|0.9232156083885938|0.9182589841006946|0.926472725312362
0.9095|0.9005000000000001|0.000500000000000056|0.0004999999999999449|0.926790217201289|0.9270393044144144|0.926472725312362|0.9272527931188322
0.914|0.9095|0.0004999999999999449|0.0040000000000000036|0.9272932405004256|0.9273447541303049|0.9230360623979664|0.9309029662012956
0.95|0.9095|0.0004999999999999449|0.03199999999999992|0.9597807718082559|0.9597807718082559|0.9309029662012956|0.987560263375287
0.9859999999999999|0.9095|0.0004999999999999449|0.0040000000000000036|0.9910326998211658|0.9910922173657903|0.987560263375287|0.9939988043095539
0.914|0.905|0.0040000000000000036|0.0040000000000000036|0.9273447541303049|0.929839329699283|0.9260336688183827|0.9277568631693398
0.9859999999999999|0.905|0.0040000000000000036|0.0040000000000000036|0.9910922173657903|0.9906529284526634|0.9915699248519934|0.9929536530991966
0.914|0.9005000000000001|0.000500000000000056|0.0040000000000000036|0.929839329699283|0.9302433464440226|0.9272527931188322|0.9335143465885398
0.95|0.9005000000000001|0.000500000000000056|0.03199999999999992|0.9609365154082563|0.9609373854015479|0.9335143465885398|0.9872493904177156
0.9859999999999999|0.9005000000000001|0.000500000000000056|0.0040000000000000036|0.9906529284526634|0.9905095592115505|0.9872493904177156|0.9930968068238986
0.9904999999999999|0.9095|0.0004999999999999449|0.000500000000000056|0.9945532230947715|0.994231346815673|0.9939988043095539|0.9946928588283278
0.9949999999999999|0.9095|0.0004999999999999449|0.0040000000000000036|0.9973175105548663|0.9972719217040338|0.9946928588283278|0.9994739038092859
0.9994999999999998|0.9095|0.0004999999999999449|0.0004999999999999449|0.9997514528736889|0.9997713096513987|0.9994739038092859|1.0
0.9904999999999999|0.905|0.0040000000000000036|0.000500000000000056|0.994231346815673|0.9933843974047155|0.9929536530991966|0.9931268150212479
0.9994999999999998|0.905|0.0040000000000000036|0.0004999999999999449|0.9997713096513987|0.9997098650503377|0.999948142257725|1.0
0.9904999999999999|0.9005000000000001|0.000500000000000056|0.000500000000000056|0.9933843974047155|0.9934156133611133|0.9930968068238986|0.993764735428125
0.9949999999999999|0.9005000000000001|0.000500000000000056|0.0040000000000000036|0.9965504834275642|0.9965487900432886|0.993764735428125|0.999332348384571
0.9994999999999998|0.9005000000000001|0.000500000000000056|0.0004999999999999449|0.9997098650503377|0.9996778813114463|0.999332348384571|1.0
0.10399999999999998|0.9994999999999998|0.0004999999999999449|0.0040000000000000036|0.103322107884371|0.1031959708654379|0.09923257924799314|0.10866880089794319
0.13999999999999996|0.9994999999999998|0.0004999999999999449|0.03199999999999999|0.15140668748876124|0.15140668748876124|0.10866880089794319|0.18946796328734702
0.17599999999999993|0.9994999999999998|0.0004999999999999449|0.0040000000000000036|0.19423005471094215|0.1942142802808752|0.18946796328734702|0.1977562607656695
0.10399999999999998|0.9949999999999999|0.0040000000000000036|0.0040000000000000036|0.1031959708654379|0.1030872746920766|0.10010266543137324|0.10210605910297546
0.17599999999999993|0.9949999999999999|0.0040000000000000036|0.0040000000000000036|0.1942142802808752|0.19034913006532794|0.1941637040362204|0.19747631929168868
0.10399999999999998|0.9904999999999999|0.000500000000000056|0.00399999999999999|0.1030872746920766|0.10320212048312448|0.09944948626180594|0.10807071655509706
0.13999999999999996|0.9904999999999999|0.000500000000000056|0.03199999999999999|0.14703243259863566|0.14694226993965656|0.10807071655509706|0.18511695404351686
0.17599999999999993|0.9904999999999999|0.000500000000000056|0.0040000000000000036|0.19034913006532794|0.18935208501216672|0.18511695404351686|0.1938377391064299
0.2119999999999999|0.9994999999999998|0.0004999999999999449|0.03199999999999997|0.22596590920348805|0.2257449461070377|0.1977562607656695|0.2564127809888498
0.5|0.9994999999999998|0.0004999999999999449|0.25600000000000006|0.4999877552717434|0.4999877552717434|0.2564127809888498|0.7436793571433495
0.788|0.9994999999999998|0.0004999999999999449|0.03200000000000003|0.7741408073773004|0.7744528710532024|0.7436793571433495|0.8023768965135434
0.2119999999999999|0.9949999999999999|0.0040000000000000036|0.03199999999999997|0.2257449461070377|0.22531797455749847|0.19747631929168868|0.2239772413354347
0.788|0.9949999999999999|0.0040000000000000036|0.03200000000000003|0.7744528710532024|0.7747888179360842|0.7761302096911866|0.8027101568672775
0.2119999999999999|0.9904999999999999|0.000500000000000056|0.03199999999999997|0.22531797455749847|0.22548556621025642|0.1938377391064299|0.2559993907182916
0.5|0.9904999999999999|0.000500000000000056|0.25600000000000006|0.5001100057030352|0.5001100057030352|0.2559993907182916|0.7442005906805523
0.788|0.9904999999999999|0.000500000000000056|0.03200000000000003|0.7747888179360842|0.7746211439666965|0.7442005906805523|0.8062660402611116
0.8240000000000001|0.9994999999999998|0.0004999999999999449|0.0040000000000000036|0.8058950188007628|0.8059090572403028|0.8023768965135434|0.8106540488302129
0.8600000000000001|0.9994999999999998|0.0004999999999999449|0.03200000000000003|0.8487262890658148|0.8487262890658148|0.8106540488302129|0.8913630023765327
0.8960000000000001|0.9994999999999998|0.0004999999999999449|0.0040000000000000036|0.8967015413719054|0.8968264629141545|0.8913630023765327|0.9007909381439273
0.8240000000000001|0.9949999999999999|0.0040000000000000036|0.0040000000000000036|0.8059090572403028|0.8097448678820921|0.8027101568672775|0.8059462062399747
0.8960000000000001|0.9949999999999999|0.0040000000000000036|0.0040000000000000036|0.8968264629141545|0.8969345118802774|0.8979071678425438|0.8999125560261751
0.8240000000000001|0.9904999999999999|0.000500000000000056|0.0040000000000000036|0.8097448678820921|0.8107363115558992|0.8062660402611116|0.8149697551618235
0.8600000000000001|0.9904999999999999|0.000500000000000056|0.03200000000000003|0.8530453502742069|0.8531343238775904|0.8149697551618235|0.8919498654837956
0.8960000000000001|0.9904999999999999|0.000500000000000056|0.0040000000000000036|0.8969345118802774|0.8968109040074351|0.8919498654837956|0.9005708712523169
0.10399999999999998|0.9859999999999999|0.0040000000000000036|0.0040000000000000036|0.10320212048312448|0.10236019848350171|0.09930410442015608|0.10802366310129506
0.13999999999999996|0.9859999999999999|0.0040000000000000036|0.03199999999999999|0.14694226993965656|0.14652584163479507|0.10802366310129506|0.18076182561806853
0.17599999999999993|0.9859999999999999|0.0040000000000000036|0.0040000000000000036|0.18935208501216672|0.18481869979643853|0.18076182561806853|0.1851146793618885
0.10399999999999998|0.95|0.03199999999999992|0.0040000000000000036|0.10236019848350171|0.09294783261154611|0.09500912428505318|0.09551183039567802
0.17599999999999993|0.95|0.03199999999999992|0.0040000000000000036|0.18481869979643853|0.1799660484360803|0.18307643736957604|0.18307643736957604
0.10399999999999998|0.914|0.0040000000000000036|0.00399999999999999|0.09294783261154611|0.0914161325809512|0.08846772433720436|0.09768982116075366
0.13999999999999996|0.914|0.0040000000000000036|0.03199999999999999|0.13819913968732597|0.1385824708702366|0.09768982116075366|0.17497968202694142
0.17599999999999993|0.914|0.0040000000000000036|0.0040000000000000036|0.1799660484360803|0.18342218828466053|0.17497968202694142|0.17957724981939333
0.8240000000000001|0.9859999999999999|0.0040000000000000036|0.0040000000000000036|0.8107363115558992|0.815138918590447|0.814944357820889|0.8192980575313559
0.8600000000000001|0.9859999999999999|0.0040000000000000036|0.03200000000000003|0.8531343238775904|0.8535438224740063|0.8192980575313559|0.8919927270322061
0.8960000000000001|0.9859999999999999|0.0040000000000000036|0.0040000000000000036|0.8968109040074351|0.8976388301783483|0.8919927270322061|0.9007062729781414
0.8240000000000001|0.95|0.03199999999999992|0.0040000000000000036|0.815138918590447|0.8196277081870303|0.8166954047469098|0.8166954047469098
0.8960000000000001|0.95|0.03199999999999992|0.0040000000000000036|0.8976388301783483|0.9068740086118843|0.9044012796835863|0.9049047536855872
0.8240000000000001|0.914|0.0040000000000000036|0.0040000000000000036|0.8196277081870303|0.8160257191839921|0.8199122815289387|0.8245242698974662
0.8600000000000001|0.914|0.0040000000000000036|0.03200000000000003|0.861420176845688|0.8610685897074316|0.8245242698974662|0.9021035189419337
0.8960000000000001|0.914|0.0040000000000000036|0.0040000000000000036|0.9068740086118843|0.9083919588437782|0.9021035189419337|0.9113512397929425
0.10400000000000001|0.9095|0.0004999999999999449|0.0040000000000000036|0.0914161325809512|0.09095685082459898|0.08730618084604942|0.09652356337814265
0.13999999999999996|0.9095|0.0004999999999999449|0.03199999999999997|0.1385824708702366|0.13863038726810042|0.09652356337814265|0.17887639768690783
0.1759999999999999|0.9095|0.0004999999999999449|0.003999999999999976|0.18342218828466053|0.18435887514962793|0.17887639768690783|0.1880034273861224
0.10400000000000001|0.905|0.0040000000000000036|0.0040000000000000036|0.09095685082459898|0.0885748820979074|0.08608566727642969|0.08852449457794984
0.1759999999999999|0.905|0.0040000000000000036|0.003999999999999976|0.18435887514962793|0.1878057232723341|0.188014177631931|0.19140720974830883
0.10400000000000001|0.9005000000000001|0.000500000000000056|0.004000000000000017|0.0885748820979074|0.08857487645700085|0.08288767251423215|0.09440617381084648
0.13999999999999996|0.9005000000000001|0.000500000000000056|0.03199999999999997|0.14109589448342202|0.14109589448342202|0.09440617381084648|0.18259697015649806
0.1759999999999999|0.9005000000000001|0.000500000000000056|0.003999999999999976|0.1878057232723341|0.1877895223458588|0.18259697015649806|0.19142984724629003
0.2119999999999999|0.9095|0.0004999999999999449|0.03199999999999997|0.2202243303076973|0.21995421492591746|0.1880034273861224|0.25118796045252306
0.5|0.9095|0.0004999999999999449|0.25600000000000006|0.49965517641878204|0.49965517641878204|0.25118796045252306|0.7481730775709229
0.788|0.9095|0.0004999999999999449|0.03200000000000003|0.7792378152149405|0.7794132199166042|0.7481730775709229|0.8114982322318075
0.2119999999999999|0.905|0.0040000000000000036|0.03199999999999997|0.21995421492591746|0.220330115364139|0.19140720974830883|0.21864575964705796
0.788|0.905|0.0040000000000000036|0.03200000000000003|0.7794132199166042|0.7790267877731097|0.7807211460871861|0.8080710858419756
0.2119999999999999|0.9005000000000001|0.000500000000000056|0.032|0.220330115364139|0.22055244644973993|0.19142984724629003|0.25156747040768734
0.5|0.9005000000000001|0.000500000000000056|0.25600000000000006|0.4996876620712663|0.4996876620712663|0.25156747040768734|0.7477902549443712
0.788|0.9005000000000001|0.000500000000000056|0.03200000000000003|0.7790267877731097|0.7787069040360979|0.7477902549443712|0.8079702533789207
0.8240000000000001|0.9095|0.0004999999999999449|0.0040000000000000036|0.8160257191839921|0.815080465472479|0.8114982322318075|0.8205851391341338
0.8600000000000001|0.9095|0.0004999999999999449|0.03200000000000003|0.8610685897074316|0.8609820819245151|0.8205851391341338|0.9032625926894655
0.8960000000000001|0.9095|0.0004999999999999449|0.0040000000000000036|0.9083919588437782|0.9088472110970747|0.9032625926894655|0.9125133069940039
0.8240000000000001|0.905|0.0040000000000000036|0.0040000000000000036|0.815080465472479|0.8116007906375291|0.8080710858419756|0.8113980956556802
0.8960000000000001|0.905|0.0040000000000000036|0.0040000000000000036|0.9088472110970747|0.9112326492013486|0.9112815430043593|0.9137345880862914
0.8240000000000001|0.9005000000000001|0.000500000000000056|0.0040000000000000036|0.8116007906375291|0.8115359669087076|0.8079702533789207|0.8168252083401736
0.8600000000000001|0.9005000000000001|0.000500000000000056|0.03200000000000003|0.8584576880696645|0.8584576880696645|0.8168252083401736|0.9053640172228883
0.8960000000000001|0.9005000000000001|0.000500000000000056|0.0040000000000000036|0.9112326492013486|0.9112273083670412|0.9053640172228883|0.9169416598177221
0.0004999999999999996|0.9994999999999998|0.0004999999999999449|0.0004999999999999996|0.0003685118789641414|0.0003342512147159329|0.0|0.0007714406077618003
0.0049999999999999975|0.9994999999999998|0.0004999999999999449|0.003999999999999998|0.003994870438143072|0.003994870438143072|0.0007714406077618003|0.007225557670646378
0.009499999999999995|0.9994999999999998|0.0004999999999999449|0.0004999999999999987|0.007629348327291702|0.007667860836766102|0.007225557670646378|0.007998689012280465
0.0004999999999999996|0.9949999999999999|0.0040000000000000036|0.0004999999999999996|0.0003342512147159329|0.00026494772439173363|0.0|5.990643123400515e-05
0.009499999999999995|0.9949999999999999|0.0040000000000000036|0.0004999999999999987|0.007667860836766102|0.006691818732568386|0.007975133481204003|0.008176789169329193
0.0004999999999999996|0.9904999999999999|0.000500000000000056|0.0004999999999999996|0.00026494772439173363|0.0002878289150207546|0.0|0.0006095526746039996
0.0049999999999999975|0.9904999999999999|0.000500000000000056|0.003999999999999998|0.00316153232394222|0.0031067440766713154|0.0006095526746039996|0.0061570025168228605
0.009499999999999995|0.9904999999999999|0.000500000000000056|0.0004999999999999987|0.006691818732568386|0.006314464091948595|0.0061570025168228605|0.00696561635293021
0.013999999999999992|0.9994999999999998|0.0004999999999999449|0.003999999999999997|0.01094555689702933|0.010817744401552826|0.007998689012280465|0.014956469387167645
0.05|0.9994999999999998|0.0004999999999999449|0.03200000000000001|0.04703194009400553|0.04703194009400553|0.014956469387167645|0.08043954523022337
0.08600000000000002|0.9994999999999998|0.0004999999999999449|0.0040000000000000036|0.08461549587225059|0.08477145814855473|0.08043954523022337|0.0880155092067918
0.013999999999999992|0.9949999999999999|0.0040000000000000036|0.003999999999999997|0.010817744401552826|0.010362021664279703|0.008176789169329193|0.009783415223472043
0.08600000000000002|0.9949999999999999|0.0040000000000000036|0.0040000000000000036|0.08477145814855473|0.08528835749883755|0.08586190268025438|0.08764795915427145
0.013999999999999992|0.9904999999999999|0.000500000000000056|0.003999999999999997|0.010362021664279703|0.010432787824411122|0.00696561635293021|0.014505582449192868
0.05|0.9904999999999999|0.000500000000000056|0.03200000000000001|0.04707669309110598|0.04707669309110598|0.014505582449192868|0.08097807222612827
0.08600000000000002|0.9904999999999999|0.000500000000000056|0.0040000000000000036|0.08528835749883755|0.08519734220894906|0.08097807222612827|0.08916755842049323
0.09050000000000001|0.9994999999999998|0.0004999999999999449|0.0005000000000000004|0.08842087395519313|0.08835955830512764|0.0880155092067918|0.08899206592852674
0.095|0.9994999999999998|0.0004999999999999449|0.00399999999999999|0.09340639074756499|0.09340639074756499|0.08899206592852674|0.09811856721166519
0.09949999999999999|0.9994999999999998|0.0004999999999999449|0.0005000000000000004|0.09870758926967771|0.09883463806299575|0.09811856721166519|0.09923257924799314
0.09050000000000001|0.9949999999999999|0.0040000000000000036|0.0005000000000000004|0.08835955830512764|0.08947931450981818|0.08764795915427145|0.08786903310460364
0.09949999999999999|0.9949999999999999|0.0040000000000000036|0.0005000000000000004|0.09883463806299575|0.09906582652066988|0.09985102840954012|0.10010266543137324
0.09050000000000001|0.9904999999999999|0.000500000000000056|0.0005000000000000004|0.08947931450981818|0.08989177917659708|0.08916755842049323|0.09019179115290359
0.095|0.9904999999999999|0.000500000000000056|0.00399999999999999|0.09443257583393364|0.09449153230390141|0.09019179115290359|0.09846377623449139
0.09949999999999999|0.9904999999999999|0.000500000000000056|0.0005000000000000004|0.09906582652066988|0.09895073825058934|0.09846377623449139|0.09944948626180594
0.0004999999999999996|0.9859999999999999|0.0040000000000000036|0.0004999999999999996|0.0002878289150207546|0.00023722229639061684|0.0|0.0005329540000053628
0.0049999999999999975|0.9859999999999999|0.0040000000000000036|0.003999999999999998|0.0031067440766713154|0.00266843809850413|0.0005329540000053628|0.00436668481032394
0.009499999999999995|0.9859999999999999|0.0040000000000000036|0.0004999999999999987|0.006314464091948595|0.004547026756251257|0.00436668481032394|0.0045786250961942524
0.0004999999999999996|0.95|0.03199999999999992|0.0004999999999999996|0.00023722229639061684|0.00020536021549230502|0.0|6.703669362879585e-06
0.009499999999999995|0.95|0.03199999999999992|0.0004999999999999987|0.004547026756251257|0.004013806074397124|0.004294240036707292|0.004294240036707292
0.0004999999999999996|0.914|0.0040000000000000036|0.0004999999999999996|0.00020536021549230502|0.0002481093120220574|0.0|0.0004613230670991312
0.0049999999999999975|0.914|0.0040000000000000036|0.003999999999999998|0.002310017206949999|0.0026778278720859913|0.0004613230670991312|0.0037933760753448955
0.009499999999999995|0.914|0.0040000000000000036|0.0004999999999999987|0.004013806074397124|0.0054372762830603985|0.0037933760753448955|0.003978751829108352
0.09050000000000001|0.9859999999999999|0.0040000000000000036|0.0005000000000000004|0.08989177917659708|0.09099204019939941|0.091732468047175|0.09209299947067233
0.095|0.9859999999999999|0.0040000000000000036|0.00399999999999999|0.09449153230390141|0.09496318406364365|0.09209299947067233|0.09838879140990818
0.09949999999999999|0.9859999999999999|0.0040000000000000036|0.0005000000000000004|0.09895073825058934|0.09838522014535003|0.09838879140990818|0.09930410442015608
0.09050000000000001|0.95|0.03199999999999992|0.0005000000000000004|0.09099204019939941|0.08113839784480273|0.08492370870122597|0.08492370870122597
0.09949999999999999|0.95|0.03199999999999992|0.0005000000000000004|0.09838522014535003|0.08872538579639275|0.09493492826641926|0.09500912428505318
0.09050000000000001|0.914|0.0040000000000000036|0.0005000000000000004|0.08113839784480273|0.07770827299920674|0.08065065848873021|0.08100082192712822
0.095|0.914|0.0040000000000000036|0.00399999999999999|0.08369235230831114|0.08266258276231313|0.08100082192712822|0.08747624736824129
0.09949999999999999|0.914|0.0040000000000000036|0.0005000000000000004|0.08872538579639275|0.08693018125091585|0.08747624736824129|0.08846772433720436
0.0004999999999999996|0.9095|0.0004999999999999449|0.0004999999999999996|0.0002481093120220574|0.00022828954858904803|0.0|0.0005252618463611104
0.0049999999999999975|0.9095|0.0004999999999999449|0.003999999999999998|0.0026778278720859913|0.0027237601004420913|0.0005252618463611104|0.0052978327576530555
0.009499999999999995|0.9095|0.0004999999999999449|0.0004999999999999987|0.0054372762830603985|0.005757540428037978|0.0052978327576530555|0.005989602787393379
0.0004999999999999996|0.905|0.0040000000000000036|0.0004999999999999996|0.00022828954858904803|0.0002896634811521974|0.0|5.177030382983432e-05
0.009499999999999995|0.905|0.0040000000000000036|0.0004999999999999987|0.005757540428037978|0.0066039695857469756|0.006859889926540971|0.007034015293998944
0.0004999999999999996|0.9005000000000001|0.000500000000000056|0.0004999999999999996|0.0002896634811521974|0.00032159457566583523|0.0|0.0006665710563315086
0.0049999999999999975|0.9005000000000001|0.000500000000000056|0.003999999999999998|0.003443317466969111|0.003444996941607026|0.0006665710563315086|0.006224282725870338
0.009499999999999995|0.9005000000000001|0.000500000000000056|0.0004999999999999987|0.0066039695857469756|0.006572734212549482|0.006224282725870338|0.006889888514612186
0.013999999999999992|0.9095|0.0004999999999999449|0.003999999999999997|0.008949690368104994|0.008892013092399021|0.005989602787393379|0.012414941646651264
0.05|0.9095|0.0004999999999999449|0.03200000000000001|0.04013695187502141|0.04013695187502141|0.012414941646651264|0.06897449316494737
0.08600000000000002|0.9095|0.0004999999999999449|0.0040000000000000036|0.07256501386330429|0.07251446993914389|0.06897449316494737|0.07680848934901983
0.013999999999999992|0.905|0.0040000000000000036|0.003999999999999997|0.008892013092399021|0.00932981201887291|0.007034015293998944|0.008415528560323425
0.08600000000000002|0.905|0.0040000000000000036|0.0040000000000000036|0.07251446993914389|0.07002863183935192|0.07211011854586069|0.07384011683119181
0.013999999999999992|0.9005000000000001|0.000500000000000056|0.003999999999999997|0.00932981201887291|0.00947138826025213|0.006889888514612186|0.012726814319667955
0.05|0.9005000000000001|0.000500000000000056|0.03200000000000001|0.03898854926747892|0.03898768510815561|0.012726814319667955|0.06636007801504118
0.08600000000000002|0.9005000000000001|0.000500000000000056|0.0040000000000000036|0.07002863183935192|0.06962480893296291|0.06636007801504118|0.07260966273534666
0.09050000000000001|0.9095|0.0004999999999999449|0.0005000000000000004|0.07770827299920674|0.07697271458025076|0.07680848934901983|0.07790474015146978
0.095|0.9095|0.0004999999999999449|0.00399999999999999|0.08266258276231313|0.0825338615690634|0.07790474015146978|0.0863372739385185
0.09949999999999999|0.9095|0.0004999999999999449|0.0005000000000000004|0.08693018125091585|0.08669675277581188|0.0863372739385185|0.08730618084604942
0.09050000000000001|0.905|0.0040000000000000036|0.0005000000000000004|0.07697271458025076|0.07308316516155727|0.07384011683119181|0.07404304094438216
0.09949999999999999|0.905|0.0040000000000000036|0.0005000000000000004|0.08669675277581188|0.08256855837497505|0.08578002697831548|0.08608566727642969
0.09050000000000001|0.9005000000000001|0.000500000000000056|0.0005000000000000004|0.07308316516155727|0.07282407293309923|0.07260966273534666|0.07337526033545498
0.095|0.9005000000000001|0.000500000000000056|0.00399999999999999|0.07677711574901669|0.0766291153012023|0.07337526033545498|0.08157681021334505
0.09949999999999999|0.9005000000000001|0.000500000000000056|0.0005000000000000004|0.08256855837497505|0.08169313919404132|0.08157681021334505|0.08288767251423215
0.0004999999999999996|0.8960000000000001|0.0040000000000000036|0.0004999999999999996|0.00032159457566583523|0.00030229121390230195|0.0|0.0006851295137074306
0.0049999999999999975|0.8960000000000001|0.0040000000000000036|0.003999999999999998|0.003444996941607026|0.0034527552048977993|0.0006851295137074306|0.0062326088350401895
0.009499999999999995|0.8960000000000001|0.0040000000000000036|0.0004999999999999987|0.006572734212549482|0.006624395047142577|0.0062326088350401895|0.006925533437085432
0.0004999999999999996|0.8600000000000001|0.03200000000000003|0.0004999999999999996|0.00030229121390230195|0.000215896493451577|0.0|7.848616083158691e-06
0.009499999999999995|0.8600000000000001|0.03200000000000003|0.0004999999999999987|0.006624395047142577|0.005144234420047868|0.006979469223250815|0.007015991016424038
0.0004999999999999996|0.8240000000000001|0.0040000000000000036|0.0004999999999999996|0.000215896493451577|0.00022362874485414898|0.0|0.0004895142302117407
0.0049999999999999975|0.8240000000000001|0.0040000000000000036|0.003999999999999998|0.0024700907649059254|0.0022791945622431782|0.0004895142302117407|0.004643192369120659
0.009499999999999995|0.8240000000000001|0.0040000000000000036|0.0004999999999999987|0.005144234420047868|0.004503455365451586|0.004643192369120659|0.0052110464436824315
0.013999999999999992|0.8960000000000001|0.0040000000000000036|0.003999999999999997|0.00947138826025213|0.009425098135966859|0.006925533437085432|0.012944276632829018
0.05|0.8960000000000001|0.0040000000000000036|0.03200000000000001|0.03898768510815561|0.038980771833569204|0.012944276632829018|0.06511767834640711
0.08600000000000002|0.8960000000000001|0.0040000000000000036|0.0040000000000000036|0.06962480893296291|0.06748872422260693|0.06511767834640711|0.07134149797127706
0.013999999999999992|0.8600000000000001|0.03200000000000003|0.003999999999999997|0.009425098135966859|0.007550487205500532|0.007015991016424038|0.007308165361809811
0.08600000000000002|0.8600000000000001|0.03200000000000003|0.0040000000000000036|0.06748872422260693|0.05201771321144414|0.06031650971385297|0.06049807028583931
0.013999999999999992|0.8240000000000001|0.0040000000000000036|0.003999999999999997|0.007550487205500532|0.0075794917987874015|0.0052110464436824315|0.00998594671820993
0.05|0.8240000000000001|0.0040000000000000036|0.03200000000000001|0.029227300976194377|0.029227300976194377|0.00998594671820993|0.048562062106561256
0.08600000000000002|0.8240000000000001|0.0040000000000000036|0.0040000000000000036|0.05201771321144414|0.05096981692000814|0.048562062106561256|0.05239329749551825
0.09050000000000001|0.8960000000000001|0.0040000000000000036|0.0005000000000000004|0.07282407293309923|0.0704676662291811|0.07134149797127706|0.07212608875830728
0.095|0.8960000000000001|0.0040000000000000036|0.00399999999999999|0.0766291153012023|0.07543301719615209|0.07212608875830728|0.07762834961310938
0.09949999999999999|0.8960000000000001|0.0040000000000000036|0.0005000000000000004|0.08169313919404132|0.07649586064567535|0.07762834961310938|0.0778899222028523
0.09050000000000001|0.8600000000000001|0.03200000000000003|0.0005000000000000004|0.0704676662291811|0.05346156005242785|0.06049807028583931|0.06050751120213337
0.09949999999999999|0.8600000000000001|0.03200000000000003|0.0005000000000000004|0.07649586064567535|0.055548224157597845|0.06524085450121546|0.06524085450121546
0.09050000000000001|0.8240000000000001|0.0040000000000000036|0.0005000000000000004|0.05346156005242785|0.052550082582676794|0.05239329749551825|0.05265995651179805
0.095|0.8240000000000001|0.0040000000000000036|0.00399999999999999|0.05337883839437531|0.053284557621718624|0.05265995651179805|0.05422890497788611
0.09949999999999999|0.8240000000000001|0.0040000000000000036|0.0005000000000000004|0.055548224157597845|0.054140677573968975|0.05422890497788611|0.054335163300824954
0.0004999999999999996|0.788|0.03200000000000003|0.0004999999999999996|0.00022362874485414898|6.85819752266444e-05|0.0|0.0001521106793824443
0.0049999999999999975|0.788|0.03200000000000003|0.003999999999999998|0.0022791945622431782|0.0007520249409412028|0.0001521106793824443|0.0011612985328906002
0.009499999999999995|0.788|0.03200000000000003|0.0004999999999999987|0.004503455365451586|0.0012188400968963667|0.0011612985328906002|0.0012122786990393412
0.0004999999999999996|0.5|0.25600000000000006|0.0004999999999999996|6.85819752266444e-05|6.84939041398576e-05|0.0|2.665630410330942e-07
0.009499999999999995|0.5|0.25600000000000006|0.0004999999999999987|0.0012188400968963667|0.0012174625101798561|0.001271331279752569|0.001271331279752569
0.0004999999999999996|0.2119999999999999|0.03199999999999997|0.0004999999999999996|6.84939041398576e-05|0.00022336697968683062|0.0|0.00015191495214247693
0.0049999999999999975|0.2119999999999999|0.03199999999999997|0.003999999999999998|0.0007509396530348174|0.0022761907159828676|0.00015191495214247693|0.001159641218322328
0.009499999999999995|0.2119999999999999|0.03199999999999997|0.0004999999999999987|0.0012174625101798561|0.00449754049183201|0.001159641218322328|0.0012107289139832668
0.09050000000000001|0.788|0.03200000000000003|0.0005000000000000004|0.052550082582676794|0.052260055216862306|0.05238997303228411|0.05240556618874869
0.095|0.788|0.03200000000000003|0.00399999999999999|0.053284557621718624|0.05253031144046524|0.05240556618874869|0.05257873839038166
0.09949999999999999|0.788|0.03200000000000003|0.0005000000000000004|0.054140677573968975|0.05244618870988081|0.05257873839038166|0.05258479175912121
0.09050000000000001|0.5|0.25600000000000006|0.0005000000000000004|0.052260055216862306|0.0521646843038623|0.051220712693487803|0.051220712693487803
0.09949999999999999|0.5|0.25600000000000006|0.0005000000000000004|0.05244618870988081|0.052350656815620504|0.05133530637522825|0.05133530637522825
0.09050000000000001|0.2119999999999999|0.03199999999999997|0.0005000000000000004|0.0521646843038623|0.05246037890152678|0.052274249852924067|0.052298151192776615
0.095|0.2119999999999999|0.03199999999999997|0.00399999999999999|0.05241557630294195|0.053197949952287264|0.052298151192776615|0.05247137638542548
0.09949999999999999|0.2119999999999999|0.03199999999999997|0.0005000000000000004|0.052350656815620504|0.05405196815498174|0.05247137638542548|0.05247731837807836
0.0004999999999999996|0.17599999999999993|0.0040000000000000036|0.0004999999999999996|0.00022336697968683062|0.00021568199404216765|0.0|0.0004889490870870788
0.0049999999999999975|0.17599999999999993|0.0040000000000000036|0.003999999999999998|0.0022761907159828676|0.002466832551035404|0.0004889490870870788|0.004637107562615582
0.009499999999999995|0.17599999999999993|0.0040000000000000036|0.0004999999999999987|0.00449754049183201|0.005137851159040286|0.004637107562615582|0.005203339621345555
0.0004999999999999996|0.13999999999999996|0.03199999999999999|0.0004999999999999996|0.00021568199404216765|0.00030230446348154116|0.0|7.845520317374945e-06
0.009499999999999995|0.13999999999999996|0.03199999999999999|0.0004999999999999987|0.005137851159040286|0.006622661485102432|0.006973524918857735|0.007010024210553316
0.0004999999999999996|0.10399999999999998|0.0040000000000000036|0.0004999999999999996|0.00030230446348154116|0.00032156895326775856|0.0|0.0006851596092589023
0.0049999999999999975|0.10399999999999998|0.0040000000000000036|0.003999999999999998|0.0034528971692422525|0.00344475765561778|0.0006851596092589023|0.006231480624034046
0.009499999999999995|0.10399999999999998|0.0040000000000000036|0.0004999999999999987|0.006622661485102432|0.006572619103547199|0.006231480624034046|0.006925508031810324
0.013999999999999992|0.17599999999999993|0.0040000000000000036|0.003999999999999997|0.007569577970952011|0.0075411553495350865|0.005203339621345555|0.009970806581025197
0.05|0.17599999999999993|0.0040000000000000036|0.03200000000000001|0.029180635461610684|0.029180635461610684|0.009970806581025197|0.04849492190594317
0.08600000000000002|0.17599999999999993|0.0040000000000000036|0.0040000000000000036|0.05089924531407144|0.05194217287736853|0.04849492190594317|0.052316145892138954
0.013999999999999992|0.13999999999999996|0.03199999999999999|0.003999999999999997|0.0075411553495350865|0.009424137451652026|0.007010024210553316|0.007302018544117956
0.08600000000000002|0.13999999999999996|0.03199999999999999|0.0040000000000000036|0.05194217287736853|0.06748897545594837|0.060285593383745145|0.060454567917653405
0.013999999999999992|0.10399999999999998|0.0040000000000000036|0.003999999999999997|0.009424137451652026|0.009472595121880478|0.006925508031810324|0.012946621788234395
0.05|0.10399999999999998|0.0040000000000000036|0.03200000000000001|0.03898263036315018|0.03899756344914081|0.012946621788234395|0.06512286845431353
0.08600000000000002|0.10399999999999998|0.0040000000000000036|0.0040000000000000036|0.06748897545594837|0.06964442902890754|0.06512286845431353|0.07136479498605681
0.09050000000000001|0.17599999999999993|0.0040000000000000036|0.0005000000000000004|0.05246037890152678|0.053379162106180635|0.052316145892138954|0.05258127587355907
0.095|0.17599999999999993|0.0040000000000000036|0.00399999999999999|0.053197949952287264|0.05328524429231293|0.05258127587355907|0.05414278985083947
0.09949999999999999|0.17599999999999993|0.0040000000000000036|0.0005000000000000004|0.05405196815498174|0.055466697774066806|0.05414278985083947|0.05423918789180538
0.09050000000000001|0.13999999999999996|0.03199999999999999|0.0005000000000000004|0.053379162106180635|0.07047267868615491|0.060454567917653405|0.06047568973439193
0.09949999999999999|0.13999999999999996|0.03199999999999999|0.0005000000000000004|0.055466697774066806|0.07651196432772699|0.0652098849498439|0.0652098849498439
0.09050000000000001|0.10399999999999998|0.0040000000000000036|0.0005000000000000004|0.07047267868615491|0.0728519147036304|0.07136479498605681|0.07213814006029531
0.095|0.10399999999999998|0.0040000000000000036|0.00399999999999999|0.0754527465597884|0.07665320500565125|0.07213814006029531|0.07765140401126162
0.09949999999999999|0.10399999999999998|0.0040000000000000036|0.0005000000000000004|0.07651196432772699|0.08172712657355537|0.07765140401126162|0.07791340176252187
