500runs
0.0078125|0.2421875|0.0078125|0.0078125|0.0|0.0|0.012196063061359444|0.015225287482267449
0.03125|0.2421875|0.015625|0.0078125|0.015225287482267449|0.012196063061359444|0.041570489737075805|0.03912814410947733
0.0546875|0.2421875|0.0078125|0.0078125|0.03912814410947733|0.041570489737075805|0.05440331194770438|0.055080999816053
0.0078125|0.21875|0.0078125|0.015625|0.0|0.0|0.011028810378509356|0.012196063061359444
0.0546875|0.21875|0.0078125|0.015625|0.041570489737075805|0.03864263040420747|0.052031916839984066|0.05440331194770438
0.0078125|0.1953125|0.0078125|0.0078125|0.0|0.0|0.013210042339398128|0.011028810378509356
0.03125|0.1953125|0.015625|0.0078125|0.011028810378509356|0.013210042339398128|0.033549761961675424|0.03864263040420747
0.0546875|0.1953125|0.0078125|0.0078125|0.03864263040420747|0.033549761961675424|0.04682491063573272|0.052031916839984066
0.078125|0.2421875|0.015625|0.0078125|0.055080999816053|0.05440331194770438|0.07392168659341379|0.07961036550667999
0.125|0.2421875|0.03125|0.0078125|0.07961036550667999|0.07392168659341379|0.1364005356274077|0.12646620095701608
0.171875|0.2421875|0.015625|0.0078125|0.12646620095701608|0.1364005356274077|0.15665534275234386|0.15127294448141065
0.078125|0.21875|0.015625|0.015625|0.05440331194770438|0.052031916839984066|0.0738369871625841|0.07392168659341379
0.171875|0.21875|0.015625|0.015625|0.1364005356274077|0.14322133083076966|0.16607352913447523|0.15665534275234386
0.078125|0.1953125|0.015625|0.0078125|0.052031916839984066|0.04682491063573272|0.07910989153067755|0.0738369871625841
0.125|0.1953125|0.03125|0.0078125|0.0738369871625841|0.07910989153067755|0.13944464830838008|0.14322133083076966
0.171875|0.1953125|0.015625|0.0078125|0.14322133083076966|0.13944464830838008|0.17528414599834344|0.16607352913447523
0.1953125|0.2421875|0.0078125|0.0078125|0.15127294448141065|0.15665534275234386|0.16904851859275058|0.16720382293207653
0.21875|0.2421875|0.015625|0.0078125|0.16720382293207653|0.16904851859275058|0.20167108113438553|0.19121474778342643
0.2421875|0.2421875|0.0078125|0.0078125|0.19121474778342643|0.20167108113438553|0.21877383289169838|0.20823811431145461
0.1953125|0.21875|0.0078125|0.015625|0.15665534275234386|0.16607352913447523|0.18206544510291872|0.16904851859275058
0.2421875|0.21875|0.0078125|0.015625|0.20167108113438553|0.21482782594762623|0.22804267304095022|0.21877383289169838
0.1953125|0.1953125|0.0078125|0.0078125|0.16607352913447523|0.17528414599834344|0.1912557768464458|0.18206544510291872
0.21875|0.1953125|0.015625|0.0078125|0.18206544510291872|0.1912557768464458|0.2159737398745932|0.21482782594762623
0.2421875|0.1953125|0.0078125|0.0078125|0.21482782594762623|0.2159737398745932|0.23281915213644097|0.22804267304095022
0.0078125|0.171875|0.0078125|0.015625|0.0|0.0|0.011728343443654553|0.013210042339398128
0.03125|0.171875|0.015625|0.015625|0.013210042339398128|0.011728343443654553|0.03170642427885187|0.033549761961675424
0.0546875|0.171875|0.0078125|0.015625|0.033549761961675424|0.03170642427885187|0.03640015945388992|0.04682491063573272
0.0078125|0.125|0.0078125|0.03125|0.0|0.0|0.012610378872338684|0.011728343443654553
0.0546875|0.125|0.0078125|0.03125|0.03170642427885187|0.03371772819866333|0.03846222674397679|0.03640015945388992
0.0078125|0.078125|0.0078125|0.015625|0.0|0.0|0.014509672560656|0.012610378872338684
0.03125|0.078125|0.015625|0.015625|0.012610378872338684|0.014509672560656|0.03700754664251531|0.03371772819866333
0.0546875|0.078125|0.0078125|0.015625|0.03371772819866333|0.03700754664251531|0.052013259468235304|0.03846222674397679
0.1953125|0.171875|0.0078125|0.015625|0.17528414599834344|0.19278780889985403|0.19748710622591642|0.1912557768464458
0.21875|0.171875|0.015625|0.015625|0.1912557768464458|0.19748710622591642|0.22188457379612156|0.2159737398745932
0.2421875|0.171875|0.0078125|0.015625|0.2159737398745932|0.22188457379612156|0.23853694618024587|0.23281915213644097
0.1953125|0.125|0.0078125|0.03125|0.19278780889985403|0.20058328306096995|0.2067085715361877|0.19748710622591642
0.2421875|0.125|0.0078125|0.03125|0.22188457379612156|0.23072104981500458|0.24523008491687961|0.23853694618024587
0.1953125|0.078125|0.0078125|0.015625|0.20058328306096995|0.1912000056686892|0.20641543136210466|0.2067085715361877
0.21875|0.078125|0.015625|0.015625|0.2067085715361877|0.20641543136210466|0.23078079230056228|0.23072104981500458
0.2421875|0.078125|0.0078125|0.015625|0.23072104981500458|0.23078079230056228|0.24697417392748275|0.24523008491687961
0.0078125|0.0546875|0.0078125|0.0078125|0.0|0.0|0.012226699757568947|0.014509672560656
0.03125|0.0546875|0.015625|0.0078125|0.014509672560656|0.012226699757568947|0.043235578102260294|0.03700754664251531
0.0546875|0.0546875|0.0078125|0.0078125|0.03700754664251531|0.043235578102260294|0.058493585912599656|0.052013259468235304
0.0078125|0.03125|0.0078125|0.015625|0.0|0.0|0.013658960337692741|0.012226699757568947
0.0546875|0.03125|0.0078125|0.015625|0.043235578102260294|0.047115031252391505|0.06189809416946973|0.058493585912599656
0.0078125|0.0078125|0.0078125|0.0078125|0.0|0.0|0.016443519333034267|0.013658960337692741
0.03125|0.0078125|0.015625|0.0078125|0.013658960337692741|0.016443519333034267|0.04495662945342452|0.047115031252391505
0.0546875|0.0078125|0.0078125|0.0078125|0.047115031252391505|0.04495662945342452|0.06231740848400538|0.06189809416946973
0.078125|0.0546875|0.015625|0.0078125|0.052013259468235304|0.058493585912599656|0.08308211219335894|0.08866871224932989
0.125|0.0546875|0.03125|0.0078125|0.08866871224932989|0.08308211219335894|0.16113313534829243|0.15531342679594026
0.171875|0.0546875|0.015625|0.0078125|0.15531342679594026|0.16113313534829243|0.18575801019736105|0.1912000056686892
0.078125|0.03125|0.015625|0.015625|0.058493585912599656|0.06189809416946973|0.08524840191615542|0.08308211219335894
0.171875|0.03125|0.015625|0.015625|0.16113313534829243|0.15974905849551205|0.18330033220234204|0.18575801019736105
0.078125|0.0078125|0.015625|0.0078125|0.06189809416946973|0.06231740848400538|0.09194581498642569|0.08524840191615542
0.125|0.0078125|0.03125|0.0078125|0.08524840191615542|0.09194581498642569|0.1532198963481827|0.15974905849551205
0.171875|0.0078125|0.015625|0.0078125|0.15974905849551205|0.1532198963481827|0.18315139351664778|0.18330033220234204
0.1953125|0.0546875|0.0078125|0.0078125|0.1912000056686892|0.18575801019736105|0.2012001334315351|0.20641543136210466
0.21875|0.0546875|0.015625|0.0078125|0.20641543136210466|0.2012001334315351|0.2342515615699613|0.23078079230056228
0.2421875|0.0546875|0.0078125|0.0078125|0.23078079230056228|0.2342515615699613|0.24791850011086458|0.24697417392748275
0.1953125|0.03125|0.0078125|0.015625|0.18575801019736105|0.18330033220234204|0.19865015545990714|0.2012001334315351
0.2421875|0.03125|0.0078125|0.015625|0.2342515615699613|0.2340570199435511|0.24886597596758842|0.24791850011086458
0.1953125|0.0078125|0.0078125|0.0078125|0.18330033220234204|0.18315139351664778|0.20113787626883578|0.19865015545990714
0.21875|0.0078125|0.015625|0.0078125|0.19865015545990714|0.20113787626883578|0.23126048120420345|0.2340570199435511
0.2421875|0.0078125|0.0078125|0.0078125|0.2340570199435511|0.23126048120420345|0.24875264081131976|0.24886597596758842
0.265625|0.2421875|0.015625|0.0078125|0.20823811431145461|0.21877383289169838|0.24483073059548746|0.2496571310071206
0.3125|0.2421875|0.03125|0.0078125|0.2496571310071206|0.24483073059548746|0.3262084219076726|0.3201246577909885
0.359375|0.2421875|0.015625|0.0078125|0.3201246577909885|0.3262084219076726|0.3546098478519297|0.35529743055249774
0.265625|0.21875|0.015625|0.015625|0.21877383289169838|0.22804267304095022|0.2500133482840683|0.24483073059548746
0.359375|0.21875|0.015625|0.015625|0.3262084219076726|0.3219493310115792|0.34953503974015593|0.3546098478519297
0.265625|0.1953125|0.015625|0.0078125|0.22804267304095022|0.23281915213644097|0.2592214547276374|0.2500133482840683
0.3125|0.1953125|0.03125|0.0078125|0.2500133482840683|0.2592214547276374|0.3091866243954826|0.3219493310115792
0.359375|0.1953125|0.015625|0.0078125|0.3219493310115792|0.3091866243954826|0.33607001929577474|0.34953503974015593
0.40625|0.2421875|0.03125|0.0078125|0.35529743055249774|0.3546098478519297|0.40689148764725763|0.424130488048707
0.5|0.2421875|0.0625|0.0078125|0.424130488048707|0.40689148764725763|0.5934861725396301|0.5762465780848292
0.59375|0.2421875|0.03125|0.0078125|0.5762465780848292|0.5934861725396301|0.6457633979006174|0.64507460649518
0.40625|0.21875|0.03125|0.015625|0.3546098478519297|0.34953503974015593|0.4034807140647461|0.40689148764725763
0.59375|0.21875|0.03125|0.015625|0.5934861725396301|0.596899892557335|0.6508418836909191|0.6457633979006174
0.40625|0.1953125|0.03125|0.0078125|0.34953503974015593|0.33607001929577474|0.4186391530170518|0.4034807140647461
0.5|0.1953125|0.0625|0.0078125|0.4034807140647461|0.4186391530170518|0.5817426568681302|0.596899892557335
0.59375|0.1953125|0.03125|0.0078125|0.596899892557335|0.5817426568681302|0.6643097530345278|0.6508418836909191
0.640625|0.2421875|0.015625|0.0078125|0.64507460649518|0.6457633979006174|0.6741562206901016|0.6802356697520272
0.6875|0.2421875|0.03125|0.0078125|0.6802356697520272|0.6741562206901016|0.755493337575752|0.7506671354807392
0.734375|0.2421875|0.015625|0.0078125|0.7506671354807392|0.755493337575752|0.7815323288666344|0.7920522761174069
0.640625|0.21875|0.015625|0.015625|0.6457633979006174|0.6508418836909191|0.6784221180210028|0.6741562206901016
0.734375|0.21875|0.015625|0.015625|0.755493337575752|0.7503267405809624|0.7722833478369358|0.7815323288666344
0.640625|0.1953125|0.015625|0.0078125|0.6508418836909191|0.6643097530345278|0.691186253521766|0.6784221180210028
0.6875|0.1953125|0.03125|0.0078125|0.6784221180210028|0.691186253521766|0.7411307199965799|0.7503267405809624
0.734375|0.1953125|0.015625|0.0078125|0.7503267405809624|0.7411307199965799|0.767517106514978|0.7722833478369358
0.265625|0.171875|0.015625|0.015625|0.23281915213644097|0.23853694618024587|0.2586758388622924|0.2592214547276374
0.3125|0.171875|0.03125|0.015625|0.2592214547276374|0.2586758388622924|0.30639676095563845|0.3091866243954826
0.359375|0.171875|0.015625|0.015625|0.3091866243954826|0.30639676095563845|0.31531588572521196|0.33607001929577474
0.265625|0.125|0.015625|0.03125|0.23853694618024587|0.24523008491687961|0.2653132756288614|0.2586758388622924
0.359375|0.125|0.015625|0.03125|0.30639676095563845|0.31139873159194814|0.31911769760956143|0.31531588572521196
0.265625|0.078125|0.015625|0.015625|0.24523008491687961|0.24697417392748275|0.2713777461370961|0.2653132756288614
0.3125|0.078125|0.03125|0.015625|0.2653132756288614|0.2713777461370961|0.31779122697446627|0.31139873159194814
0.359375|0.078125|0.015625|0.015625|0.31139873159194814|0.31779122697446627|0.3434849879122305|0.31911769760956143
0.640625|0.171875|0.015625|0.015625|0.6643097530345278|0.6850697976232096|0.6939848479888544|0.691186253521766
0.6875|0.171875|0.03125|0.015625|0.691186253521766|0.6939848479888544|0.7416837465651546|0.7411307199965799
0.734375|0.171875|0.015625|0.015625|0.7411307199965799|0.7416837465651546|0.7618101519929915|0.767517106514978
0.640625|0.125|0.015625|0.03125|0.6850697976232096|0.6812835303776441|0.6890013009253538|0.6939848479888544
0.734375|0.125|0.015625|0.03125|0.7416837465651546|0.7350653647878171|0.7551363294083867|0.7618101519929915
0.640625|0.078125|0.015625|0.015625|0.6812835303776441|0.6569273786558042|0.6826139615694211|0.6890013009253538
0.6875|0.078125|0.03125|0.015625|0.6890013009253538|0.6826139615694211|0.729007947143819|0.7350653647878171
0.734375|0.078125|0.015625|0.015625|0.7350653647878171|0.729007947143819|0.7533971728491217|0.7551363294083867
0.265625|0.0546875|0.015625|0.0078125|0.24697417392748275|0.24791850011086458|0.26761701464288806|0.2713777461370961
0.3125|0.0546875|0.03125|0.0078125|0.2713777461370961|0.26761701464288806|0.3323056553556249|0.31779122697446627
0.359375|0.0546875|0.015625|0.0078125|0.31779122697446627|0.3323056553556249|0.3584077821811556|0.3434849879122305
0.265625|0.03125|0.015625|0.015625|0.24791850011086458|0.24886597596758842|0.2709407991730231|0.26761701464288806
0.359375|0.03125|0.015625|0.015625|0.3323056553556249|0.34043356495271365|0.3653912592635695|0.3584077821811556
0.265625|0.0078125|0.015625|0.0078125|0.24886597596758842|0.24875264081131976|0.2771447042522303|0.2709407991730231
0.3125|0.0078125|0.03125|0.0078125|0.2709407991730231|0.2771447042522303|0.3359729247057405|0.34043356495271365
0.359375|0.0078125|0.015625|0.0078125|0.34043356495271365|0.3359729247057405|0.3668367878248193|0.3653912592635695
0.40625|0.0546875|0.03125|0.0078125|0.3434849879122305|0.3584077821811556|0.40923072349529693|0.42301607523289697
0.5|0.0546875|0.0625|0.0078125|0.42301607523289697|0.40923072349529693|0.5911926406487802|0.5774065698072518
0.59375|0.0546875|0.03125|0.0078125|0.5774065698072518|0.5911926406487802|0.6420099329932308|0.6569273786558042
0.40625|0.03125|0.03125|0.015625|0.3584077821811556|0.3653912592635695|0.4134892445473514|0.40923072349529693
0.59375|0.03125|0.03125|0.015625|0.5911926406487802|0.5869368442811171|0.6350311899048893|0.6420099329932308
0.40625|0.0078125|0.03125|0.0078125|0.3653912592635695|0.3668367878248193|0.4298722810966025|0.4134892445473514
0.5|0.0078125|0.0625|0.0078125|0.4134892445473514|0.4298722810966025|0.5705547506770795|0.5869368442811171
0.59375|0.0078125|0.03125|0.0078125|0.5869368442811171|0.5705547506770795|0.6335862327265738|0.6350311899048893
0.640625|0.0546875|0.015625|0.0078125|0.6569273786558042|0.6420099329932308|0.6681056202360451|0.6826139615694211
0.6875|0.0546875|0.03125|0.0078125|0.6826139615694211|0.6681056202360451|0.7327693636232842|0.729007947143819
0.734375|0.0546875|0.015625|0.0078125|0.729007947143819|0.7327693636232842|0.7524583040753381|0.7533971728491217
0.640625|0.03125|0.015625|0.015625|0.6420099329932308|0.6350311899048893|0.6599830909614942|0.6681056202360451
0.734375|0.03125|0.015625|0.015625|0.7327693636232842|0.729449930096373|0.751512535438633|0.7524583040753381
0.640625|0.0078125|0.015625|0.0078125|0.6350311899048893|0.6335862327265738|0.664442887241013|0.6599830909614942
0.6875|0.0078125|0.03125|0.0078125|0.6599830909614942|0.664442887241013|0.7232490196901022|0.729449930096373
0.734375|0.0078125|0.015625|0.0078125|0.729449930096373|0.7232490196901022|0.7516261562993231|0.751512535438633
0.7578125|0.2421875|0.0078125|0.0078125|0.7920522761174069|0.7815323288666344|0.7986189392719022|0.8090590607043372
0.78125|0.2421875|0.015625|0.0078125|0.8090590607043372|0.7986189392719022|0.8312056596085652|0.8330428154398328
0.8046875|0.2421875|0.0078125|0.0078125|0.8330428154398328|0.8312056596085652|0.8435831819608194|0.8489528013314306
0.7578125|0.21875|0.0078125|0.015625|0.7815323288666344|0.7722833478369358|0.7854881160376401|0.7986189392719022
0.8046875|0.21875|0.0078125|0.015625|0.8312056596085652|0.8182154906511848|0.8341844953389407|0.8435831819608194
0.7578125|0.1953125|0.0078125|0.0078125|0.7722833478369358|0.767517106514978|0.7843480083454777|0.7854881160376401
0.78125|0.1953125|0.015625|0.0078125|0.7854881160376401|0.7843480083454777|0.8090394212005685|0.8182154906511848
0.8046875|0.1953125|0.0078125|0.0078125|0.8182154906511848|0.8090394212005685|0.8249895438830824|0.8341844953389407
0.828125|0.2421875|0.015625|0.0078125|0.8489528013314306|0.8435831819608194|0.8638089210613964|0.8737243696955656
0.875|0.2421875|0.03125|0.0078125|0.8737243696955656|0.8638089210613964|0.9261952442644245|0.9205130045712683
0.921875|0.2421875|0.015625|0.0078125|0.9205130045712683|0.9261952442644245|0.9456843336012735|0.945005678317832
0.828125|0.21875|0.015625|0.015625|0.8435831819608194|0.8341844953389407|0.8570031488661027|0.8638089210613964
0.921875|0.21875|0.015625|0.015625|0.9261952442644245|0.9262825863394288|0.9480533471114635|0.9456843336012735
0.828125|0.1953125|0.015625|0.0078125|0.8341844953389407|0.8249895438830824|0.8607757618547871|0.8570031488661027
0.875|0.1953125|0.03125|0.0078125|0.8570031488661027|0.8607757618547871|0.9210179671341129|0.9262825863394288
0.921875|0.1953125|0.015625|0.0078125|0.9262825863394288|0.9210179671341129|0.9532530492008569|0.9480533471114635
0.9453125|0.2421875|0.0078125|0.0078125|0.945005678317832|0.9456843336012735|0.9584963513789914|0.9609343799732171
0.96875|0.2421875|0.015625|0.0078125|0.9609343799732171|0.9584963513789914|0.9878236282685177|0.984799158272848
0.9921875|0.2421875|0.0078125|0.0078125|0.984799158272848|0.9878236282685177|1.0|1.0
0.9453125|0.21875|0.0078125|0.015625|0.9456843336012735|0.9480533471114635|0.9614214670890606|0.9584963513789914
0.9921875|0.21875|0.0078125|0.015625|0.9878236282685177|0.9889897164971082|1.0|1.0
0.9453125|0.1953125|0.0078125|0.0078125|0.9480533471114635|0.9532530492008569|0.966506840755647|0.9614214670890606
0.96875|0.1953125|0.015625|0.0078125|0.9614214670890606|0.966506840755647|0.9868123950160689|0.9889897164971082
0.9921875|0.1953125|0.0078125|0.0078125|0.9889897164971082|0.9868123950160689|1.0|1.0
0.7578125|0.171875|0.0078125|0.015625|0.767517106514978|0.7618101519929915|0.7784480385111576|0.7843480083454777
0.78125|0.171875|0.015625|0.015625|0.7843480083454777|0.7784480385111576|0.8028223656867958|0.8090394212005685
0.8046875|0.171875|0.0078125|0.015625|0.8090394212005685|0.8028223656867958|0.8075168769903381|0.8249895438830824
0.7578125|0.125|0.0078125|0.03125|0.7618101519929915|0.7551363294083867|0.7696345061246342|0.7784480385111576
0.8046875|0.125|0.0078125|0.03125|0.8028223656867958|0.7936237627259795|0.7997420777501594|0.8075168769903381
0.7578125|0.078125|0.0078125|0.015625|0.7551363294083867|0.7533971728491217|0.7695796420319426|0.7696345061246342
0.78125|0.078125|0.015625|0.015625|0.7696345061246342|0.7695796420319426|0.7939190368529334|0.7936237627259795
0.8046875|0.078125|0.0078125|0.015625|0.7936237627259795|0.7939190368529334|0.8091161873631108|0.7997420777501594
0.9453125|0.171875|0.0078125|0.015625|0.9532530492008569|0.9636627180586486|0.9683484286887923|0.966506840755647
0.96875|0.171875|0.015625|0.015625|0.966506840755647|0.9683484286887923|0.9882918646193596|0.9868123950160689
0.9921875|0.171875|0.0078125|0.015625|0.9868123950160689|0.9882918646193596|1.0|1.0
0.9453125|0.125|0.0078125|0.03125|0.9636627180586486|0.9616075069922688|0.9663436947412456|0.9683484286887923
0.9921875|0.125|0.0078125|0.03125|0.9882918646193596|0.9874127238900124|1.0|1.0
0.9453125|0.078125|0.0078125|0.015625|0.9616075069922688|0.9480809329329596|0.9630602966225607|0.9663436947412456
0.96875|0.078125|0.015625|0.015625|0.9663436947412456|0.9630602966225607|0.9855169260739068|0.9874127238900124
0.9921875|0.078125|0.0078125|0.015625|0.9874127238900124|0.9855169260739068|1.0|1.0
0.7578125|0.0546875|0.0078125|0.0078125|0.7533971728491217|0.7524583040753381|0.7661140039167743|0.7695796420319426
0.78125|0.0546875|0.015625|0.0078125|0.7695796420319426|0.7661140039167743|0.7991300694595481|0.7939190368529334
0.8046875|0.0546875|0.0078125|0.0078125|0.7939190368529334|0.7991300694595481|0.8145532673274943|0.8091161873631108
0.7578125|0.03125|0.0078125|0.015625|0.7524583040753381|0.751512535438633|0.7663099961419507|0.7661140039167743
0.8046875|0.03125|0.0078125|0.015625|0.7991300694595481|0.8016788088899659|0.8170080809361026|0.8145532673274943
0.7578125|0.0078125|0.0078125|0.0078125|0.751512535438633|0.7516261562993231|0.7691037292206627|0.7663099961419507
0.78125|0.0078125|0.015625|0.0078125|0.7663099961419507|0.7691037292206627|0.7991941660485868|0.8016788088899659
0.8046875|0.0078125|0.0078125|0.0078125|0.8016788088899659|0.7991941660485868|0.8171557117279815|0.8170080809361026
0.828125|0.0546875|0.015625|0.0078125|0.8091161873631108|0.8145532673274943|0.839140315858813|0.844950521877665
0.875|0.0546875|0.03125|0.0078125|0.844950521877665|0.839140315858813|0.9170658074702369|0.9114873948400027
0.921875|0.0546875|0.015625|0.0078125|0.9114873948400027|0.9170658074702369|0.9416124028243311|0.9480809329329596
0.828125|0.03125|0.015625|0.015625|0.8145532673274943|0.8170080809361026|0.8405236326437331|0.839140315858813
0.921875|0.03125|0.015625|0.015625|0.9170658074702369|0.9149037865912407|0.9382146302370246|0.9416124028243311
0.828125|0.0078125|0.015625|0.0078125|0.8170080809361026|0.8171557117279815|0.8470427041950926|0.8405236326437331
0.875|0.0078125|0.03125|0.0078125|0.8405236326437331|0.8470427041950926|0.9082167107461325|0.9149037865912407
0.921875|0.0078125|0.015625|0.0078125|0.9149037865912407|0.9082167107461325|0.9377960130262053|0.9382146302370246
0.9453125|0.0546875|0.0078125|0.0078125|0.9480809329329596|0.9416124028243311|0.9568435175930419|0.9630602966225607
0.96875|0.0546875|0.015625|0.0078125|0.9630602966225607|0.9568435175930419|0.9877959258002902|0.9855169260739068
0.9921875|0.0546875|0.0078125|0.0078125|0.9855169260739068|0.9877959258002902|1.0|1.0
0.9453125|0.03125|0.0078125|0.015625|0.9416124028243311|0.9382146302370246|0.952971120620385|0.9568435175930419
0.9921875|0.03125|0.0078125|0.015625|0.9877959258002902|0.986366270484291|1.0|1.0
0.9453125|0.0078125|0.0078125|0.0078125|0.9382146302370246|0.9377960130262053|0.9551256847535767|0.952971120620385
0.96875|0.0078125|0.015625|0.0078125|0.952971120620385|0.9551256847535767|0.9835867793334169|0.986366270484291
0.9921875|0.0078125|0.0078125|0.0078125|0.986366270484291|0.9835867793334169|1.0|1.0
0.7578125|0.734375|0.0078125|0.015625|0.7918715359053896|0.8157152893927445|0.8189196058273475|0.8088912364222374
0.78125|0.734375|0.015625|0.015625|0.8088912364222374|0.8189196058273475|0.8399855779121023|0.8328939416450385
0.8046875|0.734375|0.0078125|0.015625|0.8328939416450385|0.8399855779121023|0.8556881992182139|0.8488172707619468
0.7578125|0.6875|0.0078125|0.03125|0.8157152893927445|0.8374179802053484|0.8414641439345494|0.8189196058273475
0.8046875|0.6875|0.0078125|0.03125|0.8399855779121023|0.8545743662965105|0.8639167875630556|0.8556881992182139
0.7578125|0.640625|0.0078125|0.015625|0.8374179802053484|0.8437719212408955|0.8466365866339967|0.8414641439345494
0.78125|0.640625|0.015625|0.015625|0.8414641439345494|0.8466365866339967|0.8547520346702578|0.8545743662965105
0.8046875|0.640625|0.0078125|0.015625|0.8545743662965105|0.8547520346702578|0.8637995930770992|0.8639167875630556
0.828125|0.734375|0.015625|0.015625|0.8488172707619468|0.8556881992182139|0.874578781033595|0.8736106206063626
0.875|0.734375|0.03125|0.015625|0.8736106206063626|0.874578781033595|0.924649635472078|0.9204392956879608
0.921875|0.734375|0.015625|0.015625|0.9204392956879608|0.924649635472078|0.9447784950501728|0.944954102442495
0.828125|0.6875|0.015625|0.03125|0.8556881992182139|0.8639167875630556|0.8813184757519943|0.874578781033595
0.921875|0.6875|0.015625|0.03125|0.924649635472078|0.9290673819956673|0.9481577293209011|0.9447784950501728
0.828125|0.640625|0.015625|0.015625|0.8639167875630556|0.8637995930770992|0.8861396253398623|0.8813184757519943
0.875|0.640625|0.03125|0.015625|0.8813184757519943|0.8861396253398623|0.9261246536374742|0.9290673819956673
0.921875|0.640625|0.015625|0.015625|0.9290673819956673|0.9261246536374742|0.9529188516760536|0.9481577293209011
0.9453125|0.734375|0.0078125|0.015625|0.944954102442495|0.9447784950501728|0.9598057849839066|0.9608973971817174
0.96875|0.734375|0.015625|0.015625|0.9608973971817174|0.9598057849839066|0.9861764027500132|0.984784783652041
0.9921875|0.734375|0.0078125|0.015625|0.984784783652041|0.9861764027500132|1.0|1.0
0.9453125|0.6875|0.0078125|0.03125|0.9447784950501728|0.9481577293209011|0.9631219762638802|0.9598057849839066
0.9921875|0.6875|0.0078125|0.03125|0.9861764027500132|0.9874375208091802|1.0|1.0
0.9453125|0.640625|0.0078125|0.015625|0.9481577293209011|0.9529188516760536|0.967574932715024|0.9631219762638802
0.96875|0.640625|0.015625|0.015625|0.9631219762638802|0.967574932715024|0.9856839318792797|0.9874375208091802
0.9921875|0.640625|0.0078125|0.015625|0.9874375208091802|0.9856839318792797|1.0|1.0
0.7578125|0.59375|0.0078125|0.03125|0.8437719212408955|0.8468740615610836|0.8485044262584207|0.8466365866339967
0.78125|0.59375|0.015625|0.03125|0.8466365866339967|0.8485044262584207|0.8548233321793168|0.8547520346702578
0.8046875|0.59375|0.0078125|0.03125|0.8547520346702578|0.8548233321793168|0.857047080678586|0.8637995930770992
0.7578125|0.5|0.0078125|0.0625|0.8468740615610836|0.8469170004685155|0.8485565481067131|0.8485044262584207
0.8046875|0.5|0.0078125|0.0625|0.8548233321793168|0.8548748149714266|0.8570893907882503|0.857047080678586
0.7578125|0.40625|0.0078125|0.03125|0.8469170004685155|0.8438537895268958|0.846718262050012|0.8485565481067131
0.78125|0.40625|0.015625|0.03125|0.8485565481067131|0.846718262050012|0.8548308586374357|0.8548748149714266
0.8046875|0.40625|0.0078125|0.03125|0.8548748149714266|0.8548308586374357|0.8638799419574811|0.8570893907882503
0.9453125|0.59375|0.0078125|0.03125|0.9529188516760536|0.9650679562853072|0.9698287659124437|0.967574932715024
0.96875|0.59375|0.015625|0.03125|0.967574932715024|0.9698287659124437|0.9874462530382261|0.9856839318792797
0.9921875|0.59375|0.0078125|0.03125|0.9856839318792797|0.9874462530382261|1.0|1.0
0.9453125|0.5|0.0078125|0.0625|0.9650679562853072|0.9650817806127524|0.9698422386720237|0.9698287659124437
0.9921875|0.5|0.0078125|0.0625|0.9874462530382261|0.9874529289781833|1.0|1.0
0.9453125|0.40625|0.0078125|0.03125|0.9650817806127524|0.9529528405696099|0.9675972342086333|0.9698422386720237
0.96875|0.40625|0.015625|0.03125|0.9698422386720237|0.9675972342086333|0.9856935807180037|0.9874529289781833
0.9921875|0.40625|0.0078125|0.03125|0.9874529289781833|0.9856935807180037|1.0|1.0
0.7578125|0.359375|0.0078125|0.015625|0.8438537895268958|0.8375220837906378|0.8415620612033352|0.846718262050012
0.78125|0.359375|0.015625|0.015625|0.846718262050012|0.8415620612033352|0.8546659443738526|0.8548308586374357
0.8046875|0.359375|0.0078125|0.015625|0.8548308586374357|0.8546659443738526|0.8640109389036359|0.8638799419574811
0.7578125|0.3125|0.0078125|0.03125|0.8375220837906378|0.8158657682677106|0.8190704285664688|0.8415620612033352
0.8046875|0.3125|0.0078125|0.03125|0.8546659443738526|0.8401196406054596|0.8558095574938072|0.8640109389036359
0.7578125|0.265625|0.0078125|0.015625|0.8158657682677106|0.7920522761174069|0.8090590607043372|0.8190704285664688
0.78125|0.265625|0.015625|0.015625|0.8190704285664688|0.8090590607043372|0.8330428154398328|0.8401196406054596
0.8046875|0.265625|0.0078125|0.015625|0.8401196406054596|0.8330428154398328|0.8489528013314306|0.8558095574938072
0.828125|0.359375|0.015625|0.015625|0.8638799419574811|0.8640109389036359|0.8814031443509323|0.8862175762926708
0.875|0.359375|0.03125|0.015625|0.8862175762926708|0.8814031443509323|0.9291210922416208|0.9261794412612956
0.921875|0.359375|0.015625|0.015625|0.9261794412612956|0.9291210922416208|0.9481984994661897|0.9529528405696099
0.828125|0.3125|0.015625|0.03125|0.8640109389036359|0.8558095574938072|0.8746858418702554|0.8814031443509323
0.921875|0.3125|0.015625|0.03125|0.9291210922416208|0.9247160834417787|0.9448272869186982|0.9481984994661897
0.828125|0.265625|0.015625|0.015625|0.8558095574938072|0.8489528013314306|0.8737243696955656|0.8746858418702554
0.875|0.265625|0.03125|0.015625|0.8746858418702554|0.8737243696955656|0.9205130045712683|0.9247160834417787
0.921875|0.265625|0.015625|0.015625|0.9247160834417787|0.9205130045712683|0.945005678317832|0.9448272869186982
0.9453125|0.359375|0.0078125|0.015625|0.9529528405696099|0.9481984994661897|0.9631505184331459|0.9675972342086333
0.96875|0.359375|0.015625|0.015625|0.9675972342086333|0.9631505184331459|0.9874467544162167|0.9856935807180037
0.9921875|0.359375|0.0078125|0.015625|0.9856935807180037|0.9874467544162167|1.0|1.0
0.9453125|0.3125|0.0078125|0.03125|0.9481984994661897|0.9448272869186982|0.9598418206793662|0.9631505184331459
0.9921875|0.3125|0.0078125|0.03125|0.9874467544162167|0.986188991711051|1.0|1.0
0.9453125|0.265625|0.0078125|0.015625|0.9448272869186982|0.945005678317832|0.9609343799732171|0.9598418206793662
0.96875|0.265625|0.015625|0.015625|0.9598418206793662|0.9609343799732171|0.984799158272848|0.986188991711051
0.9921875|0.265625|0.0078125|0.015625|0.986188991711051|0.984799158272848|1.0|1.0
0.7578125|0.9921875|0.0078125|0.0078125|0.7513748745992515|0.7512615192625567|0.7660676628818901|0.768862930721042
0.78125|0.9921875|0.015625|0.0078125|0.768862930721042|0.7660676628818901|0.8014635706669041|0.7989761332001029
0.8046875|0.9921875|0.0078125|0.0078125|0.7989761332001029|0.8014635706669041|0.8168066202820103|0.8169527872315294
0.7578125|0.96875|0.0078125|0.015625|0.7512615192625567|0.7522103205161125|0.7658728689426282|0.7660676628818901
0.8046875|0.96875|0.0078125|0.015625|0.8014635706669041|0.7989143236538787|0.8143498708301934|0.8168066202820103
0.7578125|0.9453125|0.0078125|0.0078125|0.7522103205161125|0.7531521666158867|0.7693439173358853|0.7658728689426282
0.78125|0.9453125|0.015625|0.0078125|0.7658728689426282|0.7693439173358853|0.7937001421657693|0.7989143236538787
0.8046875|0.9453125|0.0078125|0.0078125|0.7989143236538787|0.7937001421657693|0.8089099518624225|0.8143498708301934
0.828125|0.9921875|0.015625|0.0078125|0.8169527872315294|0.8168066202820103|0.8403454808404853|0.8468713162662803
0.875|0.9921875|0.03125|0.0078125|0.8468713162662803|0.8403454808404853|0.9148046951313159|0.9081112925582951
0.921875|0.9921875|0.015625|0.0078125|0.9081112925582951|0.9148046951313159|0.9381414030498436|0.9377226985461408
0.828125|0.96875|0.015625|0.015625|0.8168066202820103|0.8143498708301934|0.8389623001441132|0.8403454808404853
0.921875|0.96875|0.015625|0.015625|0.9148046951313159|0.9169705216672986|0.9415439935825446|0.9381414030498436
0.828125|0.9453125|0.015625|0.0078125|0.8143498708301934|0.8089099518624225|0.8447788164395997|0.8389623001441132
0.875|0.9453125|0.03125|0.0078125|0.8389623001441132|0.8447788164395997|0.9113862693347367|0.9169705216672986
0.921875|0.9453125|0.015625|0.0078125|0.9169705216672986|0.9113862693347367|0.9480199888451637|0.9415439935825446
0.9453125|0.9921875|0.0078125|0.0078125|0.9377226985461408|0.9381414030498436|0.9529149748900957|0.9550719125432241
0.96875|0.9921875|0.015625|0.0078125|0.9550719125432241|0.9529149748900957|0.9863499591718892|0.9835671477930307
0.9921875|0.9921875|0.0078125|0.0078125|0.9835671477930307|0.9863499591718892|1.0|1.0
0.9453125|0.96875|0.0078125|0.015625|0.9381414030498436|0.9415439935825446|0.9567926990596715|0.9529149748900957
0.9921875|0.96875|0.0078125|0.015625|0.9863499591718892|0.9877813880324251|1.0|1.0
0.9453125|0.9453125|0.0078125|0.0078125|0.9415439935825446|0.9480199888451637|0.9630166709519841|0.9567926990596715
0.96875|0.9453125|0.015625|0.0078125|0.9567926990596715|0.9630166709519841|0.9854997688086437|0.9877813880324251
0.9921875|0.9453125|0.0078125|0.0078125|0.9877813880324251|0.9854997688086437|1.0|1.0
0.7578125|0.921875|0.0078125|0.015625|0.7531521666158867|0.7548953196243525|0.7694006930507911|0.7693439173358853
0.78125|0.921875|0.015625|0.015625|0.7693439173358853|0.7694006930507911|0.7934079677105653|0.7937001421657693
0.8046875|0.921875|0.0078125|0.015625|0.7937001421657693|0.7934079677105653|0.7995305265144785|0.8089099518624225
0.7578125|0.875|0.0078125|0.03125|0.7548953196243525|0.7615844157575853|0.7782331147178143|0.7694006930507911
0.8046875|0.875|0.0078125|0.03125|0.7934079677105653|0.8026261110076217|0.8073230316497539|0.7995305265144785
0.7578125|0.828125|0.0078125|0.015625|0.7615844157575853|0.7673012982713305|0.7841421216062738|0.7782331147178143
0.78125|0.828125|0.015625|0.015625|0.7782331147178143|0.7841421216062738|0.8088528951412614|0.8026261110076217
0.8046875|0.828125|0.0078125|0.015625|0.8026261110076217|0.8088528951412614|0.8248164118893687|0.8073230316497539
0.9453125|0.921875|0.0078125|0.015625|0.9480199888451637|0.961563208399463|0.9663042827235868|0.9630166709519841
0.96875|0.921875|0.015625|0.015625|0.9630166709519841|0.9663042827235868|0.9873978778816799|0.9854997688086437
0.9921875|0.921875|0.0078125|0.015625|0.9854997688086437|0.9873978778816799|1.0|1.0
0.9453125|0.875|0.0078125|0.03125|0.961563208399463|0.9636235120948057|0.9683144703568513|0.9663042827235868
0.9921875|0.875|0.0078125|0.03125|0.9873978778816799|0.9882793112177004|1.0|1.0
0.9453125|0.828125|0.0078125|0.015625|0.9636235120948057|0.9532054618566392|0.9664723245024578|0.9683144703568513
0.96875|0.828125|0.015625|0.015625|0.9683144703568513|0.9664723245024578|0.9867986579596743|0.9882793112177004
0.9921875|0.828125|0.0078125|0.015625|0.9882793112177004|0.9867986579596743|1.0|1.0
0.7578125|0.8046875|0.0078125|0.0078125|0.7673012982713305|0.7720752029138561|0.7852875200271829|0.7841421216062738
0.78125|0.8046875|0.015625|0.0078125|0.7841421216062738|0.7852875200271829|0.818039755816827|0.8088528951412614
0.8046875|0.8046875|0.0078125|0.0078125|0.8088528951412614|0.818039755816827|0.834023269851176|0.8248164118893687
0.7578125|0.78125|0.0078125|0.015625|0.7720752029138561|0.7813388970570468|0.7984368400639313|0.7852875200271829
0.8046875|0.78125|0.0078125|0.015625|0.818039755816827|0.8310486285208158|0.8434366569649485|0.834023269851176
0.7578125|0.7578125|0.0078125|0.0078125|0.7813388970570468|0.7918715359053896|0.8088912364222374|0.7984368400639313
0.78125|0.7578125|0.015625|0.0078125|0.7984368400639313|0.8088912364222374|0.8328939416450385|0.8310486285208158
0.8046875|0.7578125|0.0078125|0.0078125|0.8310486285208158|0.8328939416450385|0.8488172707619468|0.8434366569649485
0.828125|0.8046875|0.015625|0.0078125|0.8248164118893687|0.834023269851176|0.8568629371110952|0.860638171096749
0.875|0.8046875|0.03125|0.0078125|0.860638171096749|0.8568629371110952|0.9262097600698592|0.9209392082257803
0.921875|0.8046875|0.015625|0.0078125|0.9209392082257803|0.9262097600698592|0.948001659007476|0.9532054618566392
0.828125|0.78125|0.015625|0.015625|0.834023269851176|0.8434366569649485|0.8636807400832165|0.8568629371110952
0.921875|0.78125|0.015625|0.015625|0.9262097600698592|0.9261244226570964|0.9456317491001882|0.948001659007476
0.828125|0.7578125|0.015625|0.0078125|0.8434366569649485|0.8488172707619468|0.8736106206063626|0.8636807400832165
0.875|0.7578125|0.03125|0.0078125|0.8636807400832165|0.8736106206063626|0.9204392956879608|0.9261244226570964
0.921875|0.7578125|0.015625|0.0078125|0.9261244226570964|0.9204392956879608|0.944954102442495|0.9456317491001882
0.9453125|0.8046875|0.0078125|0.0078125|0.9532054618566392|0.948001659007476|0.9613825701897859|0.9664723245024578
0.96875|0.8046875|0.015625|0.0078125|0.9664723245024578|0.9613825701897859|0.988978452721715|0.9867986579596743
0.9921875|0.8046875|0.0078125|0.0078125|0.9867986579596743|0.988978452721715|1.0|1.0
0.9453125|0.78125|0.0078125|0.015625|0.948001659007476|0.9456317491001882|0.9584563462826988|0.9613825701897859
0.9921875|0.78125|0.0078125|0.015625|0.988978452721715|0.9878119037461489|1.0|1.0
0.9453125|0.7578125|0.0078125|0.0078125|0.9456317491001882|0.944954102442495|0.9608973971817174|0.9584563462826988
0.96875|0.7578125|0.015625|0.0078125|0.9584563462826988|0.9608973971817174|0.984784783652041|0.9878119037461489
0.9921875|0.7578125|0.0078125|0.0078125|0.9878119037461489|0.984784783652041|1.0|1.0
0.265625|0.9921875|0.015625|0.0078125|0.2484582538775271|0.24857191708132|0.2706391958672947|0.276841195261205
0.3125|0.9921875|0.03125|0.0078125|0.276841195261205|0.2706391958672947|0.3401183017408156|0.3356576220116979
0.359375|0.9921875|0.015625|0.0078125|0.3356576220116979|0.3401183017408156|0.3650736106875007|0.3665188751606528
0.265625|0.96875|0.015625|0.015625|0.24857191708132|0.24762640794280924|0.26731931472121984|0.2706391958672947
0.359375|0.96875|0.015625|0.015625|0.3401183017408156|0.3319944054221474|0.35809382160152875|0.3650736106875007
0.265625|0.9453125|0.015625|0.0078125|0.24762640794280924|0.24668669442521174|0.27108082449996124|0.26731931472121984
0.3125|0.9453125|0.03125|0.0078125|0.26731931472121984|0.27108082449996124|0.31748371671870657|0.3319944054221474
0.359375|0.9453125|0.015625|0.0078125|0.3319944054221474|0.31748371671870657|0.3431741452354794|0.35809382160152875
0.40625|0.9921875|0.03125|0.0078125|0.3665188751606528|0.3650736106875007|0.41317369448208163|0.42955753610476805
0.5|0.9921875|0.0625|0.0078125|0.42955753610476805|0.41317369448208163|0.586638333630417|0.5702540121935081
0.59375|0.9921875|0.03125|0.0078125|0.5702540121935081|0.586638333630417|0.6347404888700088|0.6332944287666666
0.40625|0.96875|0.03125|0.015625|0.3650736106875007|0.35809382160152875|0.4089169627211308|0.41317369448208163
0.59375|0.96875|0.03125|0.015625|0.586638333630417|0.590897173446004|0.6417231080139234|0.6347404888700088
0.40625|0.9453125|0.03125|0.0078125|0.35809382160152875|0.3431741452354794|0.42270424329294837|0.4089169627211308
0.5|0.9453125|0.0625|0.0078125|0.4089169627211308|0.42270424329294837|0.5771101254241825|0.590897173446004
0.59375|0.9453125|0.03125|0.0078125|0.590897173446004|0.5771101254241825|0.6566451396531549|0.6417231080139234
0.640625|0.9921875|0.015625|0.0078125|0.6332944287666666|0.6347404888700088|0.6596989260048287|0.6641587448185515
0.6875|0.9921875|0.03125|0.0078125|0.6641587448185515|0.6596989260048287|0.729189487790421|0.7229852487162687
0.734375|0.9921875|0.015625|0.0078125|0.7229852487162687|0.729189487790421|0.7512615192625567|0.7513748745992515
0.640625|0.96875|0.015625|0.015625|0.6347404888700088|0.6417231080139234|0.6678244977497979|0.6596989260048287
0.734375|0.96875|0.015625|0.015625|0.729189487790421|0.7325128576042605|0.7522103205161125|0.7512615192625567
0.640625|0.9453125|0.015625|0.0078125|0.6417231080139234|0.6566451396531549|0.6823393716756531|0.6678244977497979
0.6875|0.9453125|0.03125|0.0078125|0.6678244977497979|0.6823393716756531|0.7287519367162927|0.7325128576042605
0.734375|0.9453125|0.015625|0.0078125|0.7325128576042605|0.7287519367162927|0.7531521666158867|0.7522103205161125
0.265625|0.921875|0.015625|0.015625|0.24668669442521174|0.24494807757614362|0.2650234244673618|0.27108082449996124
0.3125|0.921875|0.03125|0.015625|0.27108082449996124|0.2650234244673618|0.31109521354752334|0.31748371671870657
0.359375|0.921875|0.015625|0.015625|0.31748371671870657|0.31109521354752334|0.318814122815406|0.3431741452354794
0.265625|0.875|0.015625|0.03125|0.24494807757614362|0.23827235679928171|0.2584028843797755|0.2650234244673618
0.359375|0.875|0.015625|0.03125|0.31109521354752334|0.30610952118037693|0.3150262572120633|0.318814122815406
0.265625|0.828125|0.015625|0.015625|0.23827235679928171|0.2325642625134904|0.2589557120993917|0.2584028843797755
0.3125|0.828125|0.03125|0.015625|0.2584028843797755|0.2589557120993917|0.3089081267559393|0.30610952118037693
0.359375|0.828125|0.015625|0.015625|0.30610952118037693|0.3089081267559393|0.3357877949453171|0.3150262572120633
0.640625|0.921875|0.015625|0.015625|0.6566451396531549|0.6810123709999774|0.6887326410467204|0.6823393716756531
0.6875|0.921875|0.03125|0.015625|0.6823393716756531|0.6887326410467204|0.7348152345185044|0.7287519367162927
0.734375|0.921875|0.015625|0.015625|0.7287519367162927|0.7348152345185044|0.7548953196243525|0.7531521666158867
0.640625|0.875|0.015625|0.03125|0.6810123709999774|0.6848110918120175|0.6937307158741501|0.6887326410467204
0.734375|0.875|0.015625|0.03125|0.7348152345185044|0.7414498480900561|0.7615844157575853|0.7548953196243525
0.640625|0.828125|0.015625|0.015625|0.6848110918120175|0.6640548667783458|0.6909377482218592|0.6937307158741501
0.6875|0.828125|0.03125|0.015625|0.6937307158741501|0.6909377482218592|0.7409024350694062|0.7414498480900561
0.734375|0.828125|0.015625|0.015625|0.7414498480900561|0.7409024350694062|0.7673012982713305|0.7615844157575853
0.265625|0.8046875|0.015625|0.0078125|0.2325642625134904|0.2277973058276083|0.24975712087465451|0.2589557120993917
0.3125|0.8046875|0.03125|0.0078125|0.2589557120993917|0.24975712087465451|0.3216731825292575|0.3089081267559393
0.359375|0.8046875|0.015625|0.0078125|0.3089081267559393|0.3216731825292575|0.34925679790080255|0.3357877949453171
0.265625|0.78125|0.015625|0.015625|0.2277973058276083|0.2185461892233866|0.2445898561139025|0.24975712087465451
0.359375|0.78125|0.015625|0.015625|0.3216731825292575|0.32593923379560935|0.35433567159432283|0.34925679790080255
0.265625|0.7578125|0.015625|0.0078125|0.2185461892233866|0.20802451598661287|0.2494168799990153|0.2445898561139025
0.3125|0.7578125|0.03125|0.0078125|0.2445898561139025|0.2494168799990153|0.31985879583513877|0.32593923379560935
0.359375|0.7578125|0.015625|0.0078125|0.32593923379560935|0.31985879583513877|0.3550246635745019|0.35433567159432283
0.40625|0.8046875|0.03125|0.0078125|0.3357877949453171|0.34925679790080255|0.40320403244575015|0.41836260807362696
0.5|0.8046875|0.0625|0.0078125|0.41836260807362696|0.40320403244575015|0.5966390191707182|0.5814796241011934
0.59375|0.8046875|0.03125|0.0078125|0.5814796241011934|0.5966390191707182|0.6505869131508644|0.6640548667783458
0.40625|0.78125|0.03125|0.015625|0.34925679790080255|0.35433567159432283|0.4066178836982485|0.40320403244575015
0.59375|0.78125|0.03125|0.015625|0.5966390191707182|0.5932272642387759|0.645511953133798|0.6505869131508644
0.40625|0.7578125|0.03125|0.0078125|0.35433567159432283|0.3550246635745019|0.4238588981445439|0.4066178836982485
0.5|0.7578125|0.0625|0.0078125|0.4066178836982485|0.4238588981445439|0.5759859744380063|0.5932272642387759
0.59375|0.7578125|0.03125|0.0078125|0.5932272642387759|0.5759859744380063|0.6448244137904893|0.645511953133798
0.640625|0.8046875|0.015625|0.0078125|0.6640548667783458|0.6505869131508644|0.6781742153283309|0.6909377482218592
0.6875|0.8046875|0.03125|0.0078125|0.6909377482218592|0.6781742153283309|0.7501073310513288|0.7409024350694062
0.734375|0.8046875|0.015625|0.0078125|0.7409024350694062|0.7501073310513288|0.7720752029138561|0.7673012982713305
0.640625|0.78125|0.015625|0.015625|0.6505869131508644|0.645511953133798|0.6739131388732797|0.6781742153283309
0.734375|0.78125|0.015625|0.015625|0.7501073310513288|0.7552865094691102|0.7813388970570468|0.7720752029138561
0.640625|0.7578125|0.015625|0.0078125|0.645511953133798|0.6448244137904893|0.6799954592394027|0.6739131388732797
0.6875|0.7578125|0.03125|0.0078125|0.6739131388732797|0.6799954592394027|0.7504591378682554|0.7552865094691102
0.734375|0.7578125|0.015625|0.0078125|0.7552865094691102|0.7504591378682554|0.7918715359053896|0.7813388970570468
0.0078125|0.9921875|0.0078125|0.0078125|0.0|0.0|0.01363892266508428|0.016419470358138614
0.03125|0.9921875|0.015625|0.0078125|0.016419470358138614|0.01363892266508428|0.04704660129667524|0.04489147723658578
0.0546875|0.9921875|0.0078125|0.0078125|0.04489147723658578|0.04704660129667524|0.06180887779284595|0.06222727458041844
0.0078125|0.96875|0.0078125|0.015625|0.0|0.0|0.012208787135359861|0.01363892266508428
0.0546875|0.96875|0.0078125|0.015625|0.04704660129667524|0.043172997746889326|0.05840967214170091|0.06180887779284595
0.0078125|0.9453125|0.0078125|0.0078125|0.0|0.0|0.014488624092879968|0.012208787135359861
0.03125|0.9453125|0.015625|0.0078125|0.012208787135359861|0.014488624092879968|0.03695394669690206|0.043172997746889326
0.0546875|0.9453125|0.0078125|0.0078125|0.043172997746889326|0.03695394669690206|0.05193883553364157|0.05840967214170091
0.078125|0.9921875|0.015625|0.0078125|0.06222727458041844|0.06180887779284595|0.08512817782901731|0.09181733172823996
0.125|0.9921875|0.03125|0.0078125|0.09181733172823996|0.08512817782901731|0.15953469599671097|0.15301329017601537
0.171875|0.9921875|0.015625|0.0078125|0.15301329017601537|0.15953469599671097|0.1830580751402715|0.18291090542414015
0.078125|0.96875|0.015625|0.015625|0.06180887779284595|0.05840967214170091|0.08296512633296539|0.08512817782901731
0.171875|0.96875|0.015625|0.015625|0.15953469599671097|0.16091793884767727|0.1855142000131987|0.1830580751402715
0.078125|0.9453125|0.015625|0.0078125|0.05840967214170091|0.05193883553364157|0.08854570572301636|0.08296512633296539
0.125|0.9453125|0.03125|0.0078125|0.08296512633296539|0.08854570572301636|0.15510629663735098|0.16091793884767727
0.171875|0.9453125|0.015625|0.0078125|0.16091793884767727|0.15510629663735098|0.19095256277346379|0.1855142000131987
0.1953125|0.9921875|0.0078125|0.0078125|0.18291090542414015|0.1830580751402715|0.19839202466911762|0.20087797238667476
0.21875|0.9921875|0.015625|0.0078125|0.20087797238667476|0.19839202466911762|0.23377158225255368|0.23097647774937557
0.2421875|0.9921875|0.0078125|0.0078125|0.23097647774937557|0.23377158225255368|0.24857191708132|0.2484582538775271
0.1953125|0.96875|0.0078125|0.015625|0.1830580751402715|0.1855142000131987|0.20094238965704006|0.19839202466911762
0.2421875|0.96875|0.0078125|0.015625|0.23377158225255368|0.23396707615706314|0.24762640794280924|0.24857191708132
0.1953125|0.9453125|0.0078125|0.0078125|0.1855142000131987|0.19095256277346379|0.20615517486299464|0.20094238965704006
0.21875|0.9453125|0.015625|0.0078125|0.20094238965704006|0.20615517486299464|0.2305013751757891|0.23396707615706314
0.2421875|0.9453125|0.0078125|0.0078125|0.23396707615706314|0.2305013751757891|0.24668669442521174|0.24762640794280924
0.0078125|0.921875|0.0078125|0.015625|0.0|0.0|0.012592150378867229|0.014488624092879968
0.03125|0.921875|0.015625|0.015625|0.014488624092879968|0.012592150378867229|0.03366955923441239|0.03695394669690206
0.0546875|0.921875|0.0078125|0.015625|0.03695394669690206|0.03366955923441239|0.03840754896277915|0.05193883553364157
0.0078125|0.875|0.0078125|0.03125|0.0|0.0|0.011712989938224764|0.012592150378867229
0.0546875|0.875|0.0078125|0.03125|0.03366955923441239|0.03166477449625085|0.03635216366241184|0.03840754896277915
0.0078125|0.828125|0.0078125|0.015625|0.0|0.0|0.013193173505535578|0.011712989938224764
0.03125|0.828125|0.015625|0.015625|0.011712989938224764|0.013193173505535578|0.033507026973741465|0.03166477449625085
0.0546875|0.828125|0.0078125|0.015625|0.03166477449625085|0.033507026973741465|0.04676611208856223|0.03635216366241184
0.1953125|0.921875|0.0078125|0.015625|0.19095256277346379|0.20033103663111745|0.20645038913911415|0.20615517486299464
0.21875|0.921875|0.015625|0.015625|0.20615517486299464|0.20645038913911415|0.2304462714576089|0.2305013751757891
0.2421875|0.921875|0.0078125|0.015625|0.2305013751757891|0.2304462714576089|0.24494807757614362|0.24668669442521174
0.1953125|0.875|0.0078125|0.03125|0.20033103663111745|0.19255504639945625|0.1972509279802564|0.20645038913911415
0.2421875|0.875|0.0078125|0.03125|0.2304462714576089|0.22163140625065939|0.23827235679928171|0.24494807757614362
0.1953125|0.828125|0.0078125|0.015625|0.19255504639945625|0.17507645547125017|0.19103242471269327|0.1972509279802564
0.21875|0.828125|0.015625|0.015625|0.1972509279802564|0.19103242471269327|0.2157298186109736|0.22163140625065939
0.2421875|0.828125|0.0078125|0.015625|0.22163140625065939|0.2157298186109736|0.2325642625134904|0.23827235679928171
0.0078125|0.8046875|0.0078125|0.0078125|0.0|0.0|0.011014882086525101|0.013193173505535578
0.03125|0.8046875|0.015625|0.0078125|0.013193173505535578|0.011014882086525101|0.03859453300361251|0.033507026973741465
0.0546875|0.8046875|0.0078125|0.0078125|0.033507026973741465|0.03859453300361251|0.05196813569882773|0.04676611208856223
0.0078125|0.78125|0.0078125|0.015625|0.0|0.0|0.012181616348792406|0.011014882086525101
0.0546875|0.78125|0.0078125|0.015625|0.03859453300361251|0.041521119781190725|0.05433866306547681|0.05196813569882773
0.0078125|0.7578125|0.0078125|0.0078125|0.0|0.0|0.015207363378930326|0.012181616348792406
0.03125|0.7578125|0.015625|0.0078125|0.012181616348792406|0.015207363378930326|0.039082397026480684|0.041521119781190725
0.0546875|0.7578125|0.0078125|0.0078125|0.041521119781190725|0.039082397026480684|0.05501767909705785|0.05433866306547681
0.078125|0.8046875|0.015625|0.0078125|0.04676611208856223|0.05196813569882773|0.07374737249525681|0.07901389109067405
0.125|0.8046875|0.03125|0.0078125|0.07901389109067405|0.07374737249525681|0.14305246437476388|0.13927890857832526
0.171875|0.8046875|0.015625|0.0078125|0.13927890857832526|0.14305246437476388|0.1658801964070393|0.17507645547125017
0.078125|0.78125|0.015625|0.015625|0.05196813569882773|0.05433866306547681|0.07383582927463407|0.07374737249525681
0.171875|0.78125|0.015625|0.015625|0.14305246437476388|0.13624548293529956|0.1564783916663705|0.1658801964070393
0.078125|0.7578125|0.015625|0.0078125|0.05433866306547681|0.05501767909705785|0.07952057285708898|0.07383582927463407
0.125|0.7578125|0.03125|0.0078125|0.07383582927463407|0.07952057285708898|0.12632714212395724|0.13624548293529956
0.171875|0.7578125|0.015625|0.0078125|0.13624548293529956|0.12632714212395724|0.15110812674594526|0.1564783916663705
0.1953125|0.8046875|0.0078125|0.0078125|0.17507645547125017|0.1658801964070393|0.18185412704853438|0.19103242471269327
0.21875|0.8046875|0.015625|0.0078125|0.19103242471269327|0.18185412704853438|0.21458943342995562|0.2157298186109736
0.2421875|0.8046875|0.0078125|0.0078125|0.2157298186109736|0.21458943342995562|0.2277973058276083|0.2325642625134904
0.1953125|0.78125|0.0078125|0.015625|0.1658801964070393|0.1564783916663705|0.1688610562604967|0.18185412704853438
0.2421875|0.78125|0.0078125|0.015625|0.21458943342995562|0.2014565254425431|0.2185461892233866|0.2277973058276083
0.1953125|0.7578125|0.0078125|0.0078125|0.1564783916663705|0.15110812674594526|0.16702405468505913|0.1688610562604967
0.21875|0.7578125|0.015625|0.0078125|0.1688610562604967|0.16702405468505913|0.19101462195296462|0.2014565254425431
0.2421875|0.7578125|0.0078125|0.0078125|0.2014565254425431|0.19101462195296462|0.20802451598661287|0.2185461892233866
0.0078125|0.734375|0.0078125|0.015625|0.0|0.0|0.013816945291527934|0.015207363378930326
0.03125|0.734375|0.015625|0.015625|0.015207363378930326|0.013816945291527934|0.04017585989108406|0.039082397026480684
0.0546875|0.734375|0.0078125|0.015625|0.039082397026480684|0.04017585989108406|0.055196576158208666|0.05501767909705785
0.0078125|0.6875|0.0078125|0.03125|0.0|0.0|0.012559127269611677|0.013816945291527934
0.0546875|0.6875|0.0078125|0.03125|0.04017585989108406|0.036866436915217855|0.05182529868462037|0.055196576158208666
0.0078125|0.640625|0.0078125|0.015625|0.0|0.0|0.014313223557268759|0.012559127269611677
0.03125|0.640625|0.015625|0.015625|0.012559127269611677|0.014313223557268759|0.0324180110728064|0.036866436915217855
0.0546875|0.640625|0.0078125|0.015625|0.036866436915217855|0.0324180110728064|0.047069091530220875|0.05182529868462037
0.078125|0.734375|0.015625|0.015625|0.05501767909705785|0.055196576158208666|0.07531608251289253|0.07952057285708898
0.125|0.734375|0.03125|0.015625|0.07952057285708898|0.07531608251289253|0.12536738493408597|0.12632714212395724
0.171875|0.734375|0.015625|0.015625|0.12632714212395724|0.12536738493408597|0.14425124719834442|0.15110812674594526
0.078125|0.6875|0.015625|0.03125|0.055196576158208666|0.05182529868462037|0.07091078323999302|0.07531608251289253
0.171875|0.6875|0.015625|0.03125|0.12536738493408597|0.11864978495598065|0.1360501983487988|0.14425124719834442
0.078125|0.640625|0.015625|0.015625|0.05182529868462037|0.047069091530220875|0.07385422501514578|0.07091078323999302
0.125|0.640625|0.03125|0.015625|0.07091078323999302|0.07385422501514578|0.11383414024675857|0.11864978495598065
0.171875|0.640625|0.015625|0.015625|0.11864978495598065|0.11383414024675857|0.1361829119506712|0.1360501983487988
0.1953125|0.734375|0.0078125|0.015625|0.15110812674594526|0.14425124719834442|0.15994594012549512|0.16702405468505913
0.21875|0.734375|0.015625|0.015625|0.16702405468505913|0.15994594012549512|0.18100207954233435|0.19101462195296462
0.2421875|0.734375|0.0078125|0.015625|0.19101462195296462|0.18100207954233435|0.1842087420251664|0.20802451598661287
0.1953125|0.6875|0.0078125|0.03125|0.14425124719834442|0.1360501983487988|0.14540004555612615|0.15994594012549512
0.2421875|0.6875|0.0078125|0.03125|0.18100207954233435|0.15851021058329473|0.1625499496354315|0.1842087420251664
0.1953125|0.640625|0.0078125|0.015625|0.1360501983487988|0.1361829119506712|0.1452377491726673|0.14540004555612615
0.21875|0.640625|0.015625|0.015625|0.14540004555612615|0.1452377491726673|0.15335354129824177|0.15851021058329473
0.2421875|0.640625|0.0078125|0.015625|0.15851021058329473|0.15335354129824177|0.1562190575816502|0.1625499496354315
0.0078125|0.59375|0.0078125|0.03125|0.0|0.0|0.012553364265930622|0.014313223557268759
0.03125|0.59375|0.015625|0.03125|0.014313223557268759|0.012553364265930622|0.03017299158890621|0.0324180110728064
0.0546875|0.59375|0.0078125|0.03125|0.0324180110728064|0.03017299158890621|0.03493577206159553|0.047069091530220875
0.0078125|0.5|0.0078125|0.0625|0.0|0.0|0.012561728576461206|0.012553364265930622
0.0546875|0.5|0.0078125|0.0625|0.03017299158890621|0.030189902200703826|0.034953290653090316|0.03493577206159553
0.0078125|0.40625|0.0078125|0.03125|0.0|0.0|0.014325243579217948|0.012561728576461206
0.03125|0.40625|0.015625|0.03125|0.012561728576461206|0.014325243579217948|0.0324459582610101|0.030189902200703826
0.0546875|0.40625|0.0078125|0.03125|0.030189902200703826|0.0324459582610101|0.047111583482776186|0.034953290653090316
0.1953125|0.59375|0.0078125|0.03125|0.1361829119506712|0.14298283171236112|0.14519823206582472|0.1452377491726673
0.21875|0.59375|0.015625|0.03125|0.1452377491726673|0.14519823206582472|0.15151943012222438|0.15335354129824177
0.2421875|0.59375|0.0078125|0.03125|0.15335354129824177|0.15151943012222438|0.15316072625760746|0.1562190575816502
0.1953125|0.5|0.0078125|0.0625|0.14298283171236112|0.14303501915486455|0.14526040341203458|0.14519823206582472
0.2421875|0.5|0.0078125|0.0625|0.15151943012222438|0.15158186325770664|0.15321255016417282|0.15316072625760746
0.1953125|0.40625|0.0078125|0.03125|0.14303501915486455|0.13628151736761215|0.14533327295556725|0.14526040341203458
0.21875|0.40625|0.015625|0.03125|0.14526040341203458|0.14533327295556725|0.15345241706052612|0.15158186325770664
0.2421875|0.40625|0.0078125|0.03125|0.15158186325770664|0.15345241706052612|0.1563201758097495|0.15321255016417282
0.0078125|0.359375|0.0078125|0.015625|0.0|0.0|0.012570610469780141|0.014325243579217948
0.03125|0.359375|0.015625|0.015625|0.014325243579217948|0.012570610469780141|0.03690169843113531|0.0324459582610101
0.0546875|0.359375|0.0078125|0.015625|0.0324459582610101|0.03690169843113531|0.05187535241807705|0.047111583482776186
0.0078125|0.3125|0.0078125|0.03125|0.0|0.0|0.01383268831916655|0.012570610469780141
0.0546875|0.3125|0.0078125|0.03125|0.03690169843113531|0.040220569586330024|0.055257184514135714|0.05187535241807705
0.0078125|0.265625|0.0078125|0.015625|0.0|0.0|0.015225287482267449|0.01383268831916655
0.03125|0.265625|0.015625|0.015625|0.01383268831916655|0.015225287482267449|0.03912814410947733|0.040220569586330024
0.0546875|0.265625|0.0078125|0.015625|0.040220569586330024|0.03912814410947733|0.055080999816053|0.055257184514135714
0.078125|0.359375|0.015625|0.015625|0.047111583482776186|0.05187535241807705|0.07097718637893186|0.07392199505392892
0.125|0.359375|0.03125|0.015625|0.07392199505392892|0.07097718637893186|0.11875417449650637|0.11393012386503841
0.171875|0.359375|0.015625|0.015625|0.11393012386503841|0.11875417449650637|0.1361643399344173|0.13628151736761215
0.078125|0.3125|0.015625|0.03125|0.05187535241807705|0.055257184514135714|0.07539837135980976|0.07097718637893186
0.171875|0.3125|0.015625|0.03125|0.11875417449650637|0.12549680215923223|0.1443971282464157|0.1361643399344173
0.078125|0.265625|0.015625|0.015625|0.055257184514135714|0.055080999816053|0.07961036550667999|0.07539837135980976
0.125|0.265625|0.03125|0.015625|0.07539837135980976|0.07961036550667999|0.12646620095701608|0.12549680215923223
0.171875|0.265625|0.015625|0.015625|0.12549680215923223|0.12646620095701608|0.15127294448141065|0.1443971282464157
0.1953125|0.359375|0.0078125|0.015625|0.13628151736761215|0.1361643399344173|0.14551288963588405|0.14533327295556725
0.21875|0.359375|0.015625|0.015625|0.14533327295556725|0.14551288963588405|0.15862928988705643|0.15345241706052612
0.2421875|0.359375|0.0078125|0.015625|0.15345241706052612|0.15862928988705643|0.1626770995431834|0.1563201758097495
0.1953125|0.3125|0.0078125|0.03125|0.1361643399344173|0.1443971282464157|0.16010828414520645|0.14551288963588405
0.2421875|0.3125|0.0078125|0.03125|0.15862928988705643|0.1811816252598731|0.18438894721775528|0.1626770995431834
0.1953125|0.265625|0.0078125|0.015625|0.1443971282464157|0.15127294448141065|0.16720382293207653|0.16010828414520645
0.21875|0.265625|0.015625|0.015625|0.16010828414520645|0.16720382293207653|0.19121474778342643|0.1811816252598731
0.2421875|0.265625|0.0078125|0.015625|0.1811816252598731|0.19121474778342643|0.20823811431145461|0.18438894721775528
