10000runs
0.0078125|0.2421875|0.0078125|0.0078125|0.004655841857800331|0.003629325375519413|0.0|0.010121442199511605
0.03125|0.2421875|0.0078125|0.015625|0.02113633662439804|0.02116102188194066|0.010121442199511605|0.03224997207498595
0.0546875|0.2421875|0.0078125|0.0078125|0.03764151664186694|0.03851995239017741|0.03224997207498595|0.04276634756956512
0.0078125|0.21875|0.015625|0.0078125|0.003629325375519413|0.003109360262570582|0.0|0.0016846714096388582
0.0546875|0.21875|0.015625|0.0078125|0.03851995239017741|0.03582722106959993|0.03997096283154905|0.04276833892836576
0.0078125|0.1953125|0.0078125|0.0078125|0.003109360262570582|0.00374235546257898|0.0|0.00843510303015514
0.03125|0.1953125|0.0078125|0.015625|0.017661899713216096|0.01691081455997|0.00843510303015514|0.02839086669661707
0.0546875|0.1953125|0.0078125|0.0078125|0.03582722106959993|0.030830358804159495|0.02839086669661707|0.039972954178384874
0.078125|0.2421875|0.0078125|0.015625|0.05262714201262147|0.05126112928621423|0.04276634756956512|0.06571800003177256
0.125|0.2421875|0.0078125|0.03125|0.09143713759929169|0.0917337033617656|0.06571800003177256|0.11893566970456382
0.171875|0.2421875|0.0078125|0.015625|0.13084026466956933|0.13592011048761746|0.11893566970456382|0.14276349723330714
0.078125|0.21875|0.015625|0.015625|0.05126112928621423|0.051059805144746735|0.04276833892836576|0.048363091123668746
0.171875|0.21875|0.015625|0.015625|0.13592011048761746|0.14302880460600173|0.14268702570783517|0.14911216201145994
0.078125|0.1953125|0.0078125|0.015625|0.051059805144746735|0.0524081621579039|0.039972954178384874|0.0675400841472883
0.125|0.1953125|0.0078125|0.03125|0.09780392813283027|0.09780392813283027|0.0675400841472883|0.1280677720799313
0.171875|0.1953125|0.0078125|0.015625|0.14302880460600173|0.14319969405966126|0.1280677720799313|0.158673394900978
0.1953125|0.2421875|0.0078125|0.0078125|0.14600917333762434|0.14935952298896737|0.14276349723330714|0.15337548404738632
0.21875|0.2421875|0.0078125|0.015625|0.1623766984285799|0.16437261333881942|0.15337548404738632|0.1793615724094005
0.2421875|0.2421875|0.0078125|0.0078125|0.1807401383886852|0.19172374673746617|0.1793615724094005|0.1955987502480849
0.1953125|0.21875|0.015625|0.0078125|0.14935952298896737|0.16171507360208318|0.14911216201145994|0.15232473016327233
0.2421875|0.21875|0.015625|0.0078125|0.19172374673746617|0.20410853722316144|0.20145913630666223|0.20500213061241943
0.1953125|0.1953125|0.0078125|0.0078125|0.16171507360208318|0.1715056910242189|0.158673394900978|0.17374682175302317
0.21875|0.1953125|0.0078125|0.015625|0.18841997461687476|0.19008546333233242|0.17374682175302317|0.19976214999330597
0.2421875|0.1953125|0.0078125|0.0078125|0.20410853722316144|0.20699974687737568|0.19976214999330597|0.21086251661974567
0.0078125|0.171875|0.015625|0.0078125|0.00374235546257898|0.0027089477462666754|0.0|0.007525319424817683
0.03125|0.171875|0.015625|0.015625|0.01691081455997|0.015408644255246837|0.007525319424817683|0.021789798777190814
0.0546875|0.171875|0.015625|0.0078125|0.030830358804159495|0.025511547788910415|0.021789798777190814|0.024980376038431687
0.0078125|0.125|0.03125|0.0078125|0.0027089477462666754|0.0030482275677416928|0.0|0.0009595292190888765
0.0546875|0.125|0.03125|0.0078125|0.025511547788910415|0.027636234780777286|0.02657389128986786|0.02657389128986786
0.0078125|0.078125|0.015625|0.0078125|0.0030482275677416928|0.0043210686974780935|0.0|0.008593082093592582
0.03125|0.078125|0.015625|0.015625|0.017594092796335132|0.01954622767586724|0.008593082093592582|0.024642968616374588
0.0546875|0.078125|0.015625|0.0078125|0.027636234780777286|0.03574745408876778|0.024642968616374588|0.028167406527628322
0.1953125|0.171875|0.015625|0.0078125|0.1715056910242189|0.1840742348646327|0.18169658242000356|0.18560320186781668
0.21875|0.171875|0.015625|0.015625|0.19008546333233242|0.19341644078032444|0.18560320186781668|0.2045606571004719
0.2421875|0.171875|0.015625|0.0078125|0.20699974687737568|0.2140275967608366|0.2045606571004719|0.21532396685256405
0.1953125|0.125|0.03125|0.0078125|0.1840742348646327|0.19358484460196637|0.18882953976500422|0.18882953976500422
0.2421875|0.125|0.03125|0.0078125|0.2140275967608366|0.22293471093939474|0.22181725975565034|0.22348531268631142
0.1953125|0.078125|0.015625|0.0078125|0.19358484460196637|0.18983295497807948|0.195962497029196|0.2002160942449895
0.21875|0.078125|0.015625|0.015625|0.20872328867657652|0.20738371784119028|0.2002160942449895|0.21857005391303677
0.2421875|0.078125|0.015625|0.0078125|0.22293471093939474|0.22426469523948633|0.21857005391303677|0.2283105525722642
0.0078125|0.0546875|0.0078125|0.0078125|0.0043210686974780935|0.003622548513742364|0.0|0.009797641488615422
0.03125|0.0546875|0.0078125|0.015625|0.01954622767586724|0.02052229511631413|0.009797641488615422|0.033199083618102775
0.0546875|0.0546875|0.0078125|0.0078125|0.03574745408876778|0.04229311901222798|0.033199083618102775|0.04691025475305588
0.0078125|0.03125|0.015625|0.0078125|0.003622548513742364|0.004365516249916519|0.0|0.0019970161910141206
0.0546875|0.03125|0.015625|0.0078125|0.04229311901222798|0.04657070984770279|0.04780440129957691|0.05117688816378966
0.0078125|0.0078125|0.0078125|0.0078125|0.004365516249916519|0.00554976627955108|0.0|0.012283782587453995
0.03125|0.0078125|0.0078125|0.015625|0.025751815204474598|0.025751815204474598|0.012283782587453995|0.03921984781471647
0.0546875|0.0078125|0.0078125|0.0078125|0.04657070984770279|0.04595386412176573|0.03921984781471647|0.05207103469387995
0.078125|0.0546875|0.0078125|0.015625|0.06165580852248642|0.060411159644400116|0.04691025475305588|0.07889066002816457
0.125|0.0546875|0.0078125|0.03125|0.11336036304706561|0.11336036304706561|0.07889066002816457|0.14783006602332044
0.171875|0.0546875|0.0078125|0.015625|0.1650649175132264|0.1664479210937254|0.14783006602332044|0.1795337618117984
0.078125|0.03125|0.015625|0.015625|0.060411159644400116|0.06217753785890643|0.05117688816378966|0.057921861892215154
0.171875|0.03125|0.015625|0.015625|0.1664479210937254|0.16523496169291527|0.16921392825472334|0.1759589019567899
0.078125|0.0078125|0.0078125|0.015625|0.06217753785890643|0.06430537584319397|0.05207103469387995|0.08079539294692599
0.125|0.0078125|0.0078125|0.03125|0.11377542715439|0.11377542715439|0.08079539294692599|0.14675546132613748
0.171875|0.0078125|0.0078125|0.015625|0.16523496169291527|0.16324547841201123|0.14675546132613748|0.17575652890603344
0.1953125|0.0546875|0.0078125|0.0078125|0.18983295497807948|0.18428925223775938|0.1795337618117984|0.19341676678290676
0.21875|0.0546875|0.0078125|0.015625|0.20738371784119028|0.20671393243261446|0.19341676678290676|0.2186715272045812
0.2421875|0.0546875|0.0078125|0.0078125|0.22426469523948633|0.22604437723409931|0.2186715272045812|0.2296206986835625
0.1953125|0.03125|0.015625|0.0078125|0.18428925223775938|0.18111849903615174|0.1759589019567899|0.17933138880782318
0.2421875|0.03125|0.015625|0.0078125|0.22604437723409931|0.22621518493468704|0.22883248250880137|0.23153518390089986
0.1953125|0.0078125|0.0078125|0.0078125|0.18111849903615174|0.18201205415854832|0.17575652890603344|0.18916113449495753
0.21875|0.0078125|0.0078125|0.015625|0.20345929518475223|0.20345929518475223|0.18916113449495753|0.21775745582683648
0.2421875|0.0078125|0.0078125|0.0078125|0.22621518493468704|0.2249065361572374|0.21775745582683648|0.23074696766559574
0.265625|0.2421875|0.0078125|0.015625|0.21308414683851842|0.21275213763365688|0.1955987502480849|0.23123356180289
0.3125|0.2421875|0.0078125|0.03125|0.26753239173163323|0.26753239173163323|0.23123356180289|0.3038312215887872
0.359375|0.2421875|0.0078125|0.015625|0.3219806365275007|0.3232855861308736|0.3038312215887872|0.33752015221134135
0.265625|0.21875|0.015625|0.015625|0.21275213763365688|0.21851008940167108|0.20500213061241943|0.2120881192239338
0.359375|0.21875|0.015625|0.015625|0.3232855861308736|0.3174511291874187|0.3258954853445791|0.33694974066675715
0.265625|0.1953125|0.0078125|0.015625|0.21851008940167108|0.22304950633730405|0.21086251661974567|0.2363447388085748
0.3125|0.1953125|0.0078125|0.03125|0.2655920674512429|0.26496441897705936|0.2363447388085748|0.2973499898919599
0.359375|0.1953125|0.0078125|0.015625|0.3174511291874187|0.3081346284732061|0.2973499898919599|0.3308522014192184
0.40625|0.2421875|0.0078125|0.03125|0.3685991835860857|0.36541887282769264|0.33752015221134135|0.4123994578814704
0.5|0.2421875|0.0078125|0.0625|0.5000000064935325|0.5000000064935325|0.4123994578814704|0.5876005549624067
0.59375|0.2421875|0.0078125|0.03125|0.6314008292074836|0.6345811399483172|0.5876005549624067|0.6624798603763998
0.40625|0.21875|0.015625|0.03125|0.36541887282769264|0.36375188513035656|0.33694974066675715|0.3590582513250327
0.59375|0.21875|0.015625|0.03125|0.6345811399483172|0.6362481276586908|0.6409417614511467|0.663050271985315
0.40625|0.1953125|0.0078125|0.03125|0.36375188513035656|0.3660987020330185|0.3308522014192184|0.4107324701868462
0.5|0.1953125|0.0078125|0.0625|0.5000000064945016|0.5000000064945016|0.4107324701868462|0.5892675426660469
0.59375|0.1953125|0.0078125|0.03125|0.6362481276586908|0.6339013107624628|0.5892675426660469|0.6691478111893163
0.640625|0.2421875|0.0078125|0.015625|0.6780193759643862|0.676714426389129|0.6624798603763998|0.6961687906409554
0.6875|0.2421875|0.0078125|0.03125|0.7324676200143598|0.7324676200143598|0.6961687906409554|0.7687664493100533
0.734375|0.2421875|0.0078125|0.015625|0.786915863961141|0.7872478731965895|0.7687664493100533|0.804401260105585
0.640625|0.21875|0.015625|0.015625|0.676714426389129|0.6825488833549817|0.663050271985315|0.6741045272593496
0.734375|0.21875|0.015625|0.015625|0.7872478731965895|0.7814899216690941|0.7879118916674865|0.7949978801068215
0.640625|0.1953125|0.0078125|0.015625|0.6825488833549817|0.6918653840310127|0.6691478111893163|0.7026500224349183
0.6875|0.1953125|0.0078125|0.03125|0.7344079444988003|0.7350355929680757|0.7026500224349183|0.7636552726128653
0.734375|0.1953125|0.0078125|0.015625|0.7814899216690941|0.7769505048719113|0.7636552726128653|0.789137494287567
0.265625|0.171875|0.015625|0.015625|0.22304950633730405|0.2260780528802626|0.21532396685256405|0.2383739540345178
0.3125|0.171875|0.015625|0.03125|0.26496441897705936|0.2637091220484884|0.2383739540345178|0.2865336961461506
0.359375|0.171875|0.015625|0.015625|0.3081346284732061|0.29916962493108523|0.2865336961461506|0.2979459831949817
0.265625|0.125|0.03125|0.015625|0.2260780528802626|0.2342369959562575|0.22348531268631142|0.22682141856662277
0.359375|0.125|0.03125|0.015625|0.29916962493108523|0.30406419186085115|0.301616908424116|0.301616908424116
0.265625|0.078125|0.015625|0.015625|0.2342369959562575|0.23902255944751957|0.2283105525722642|0.25020903061487226
0.3125|0.078125|0.015625|0.03125|0.27473752253609907|0.2768183314511928|0.25020903061487226|0.2951043965648951
0.359375|0.078125|0.015625|0.015625|0.30406419186085115|0.31669491229400476|0.2951043965648951|0.30528783358986533
0.640625|0.171875|0.015625|0.015625|0.6918653840310127|0.7008303876292814|0.7020540292804924|0.7134663161536725
0.6875|0.171875|0.015625|0.03125|0.7350355929680757|0.7362908899066266|0.7134663161536725|0.7616260574903299
0.734375|0.171875|0.015625|0.015625|0.7769505048719113|0.7739219585049392|0.7616260574903299|0.7846760442240978
0.640625|0.125|0.03125|0.015625|0.7008303876292814|0.6959358209893584|0.6983831043338955|0.6983831043338955
0.734375|0.125|0.03125|0.015625|0.7739219585049392|0.7657630157726251|0.7731785929693045|0.7765146987743584
0.640625|0.078125|0.015625|0.015625|0.6959358209893584|0.6833051007367895|0.6947121793242145|0.7048956161966543
0.6875|0.078125|0.015625|0.03125|0.725262489962681|0.7231816810788575|0.7048956161966543|0.749790981441261
0.734375|0.078125|0.015625|0.015625|0.7657630157726251|0.7609774524377473|0.749790981441261|0.7716894590453434
0.265625|0.0546875|0.0078125|0.015625|0.23902255944751957|0.23868782679982622|0.2296206986835625|0.2523272098668288
0.3125|0.0546875|0.0078125|0.03125|0.2768183314511928|0.27785873591911275|0.2523272098668288|0.3075518797394623
0.359375|0.0546875|0.0078125|0.015625|0.31669491229400476|0.32700858273075545|0.3075518797394623|0.3394318400654785
0.265625|0.03125|0.015625|0.015625|0.23868782679982622|0.2405987493605304|0.23153518390089986|0.23694058669802925
0.359375|0.03125|0.015625|0.015625|0.32700858273075545|0.3350509379933761|0.3362288448929921|0.3466270139182071
0.265625|0.0078125|0.0078125|0.015625|0.2405987493605304|0.24242783070166526|0.23074696766559574|0.2577668563540079
0.3125|0.0078125|0.0078125|0.03125|0.28844490767892056|0.28844490767892056|0.2577668563540079|0.3191229589196791
0.359375|0.0078125|0.0078125|0.015625|0.3350509379933761|0.33446198455088655|0.3191229589196791|0.34862310322397855
0.40625|0.0546875|0.0078125|0.03125|0.3734986168971613|0.3714735285925334|0.3394318400654785|0.4156657468731897
0.5|0.0546875|0.0078125|0.0625|0.5000000068252466|0.5000000068252466|0.4156657468731897|0.5843342666417506
0.59375|0.0546875|0.0078125|0.03125|0.6265013965500026|0.6285264848504467|0.5843342666417506|0.6605681731452869
0.40625|0.03125|0.015625|0.03125|0.3714735285925334|0.3737713443842921|0.3466270139182071|0.3674233519832775
0.59375|0.03125|0.015625|0.03125|0.6285264848504467|0.6262286690986445|0.6325766614736026|0.6533729994030696
0.40625|0.0078125|0.0078125|0.03125|0.3737713443842921|0.37694534058479945|0.34862310322397855|0.4179635626732047
0.5|0.0078125|0.0078125|0.0625|0.5000000068575815|0.5000000068575815|0.4179635626732047|0.582036450890782
0.59375|0.0078125|0.0078125|0.03125|0.6262286690986445|0.6230546729111655|0.582036450890782|0.6513769100998141
0.640625|0.0546875|0.0078125|0.015625|0.6833051007367895|0.6729914304215984|0.6605681731452869|0.692448133174432
0.6875|0.0546875|0.0078125|0.03125|0.7231816810788575|0.7221412766369457|0.692448133174432|0.7476728022487045
0.734375|0.0546875|0.0078125|0.015625|0.7609774524377473|0.7613121851004516|0.7476728022487045|0.77037931299691
0.640625|0.03125|0.015625|0.015625|0.6729914304215984|0.664949075253308|0.6533729994030696|0.6637711683715163
0.734375|0.03125|0.015625|0.015625|0.7613121851004516|0.7594012625681357|0.7630594251918177|0.7684648278609819
0.640625|0.0078125|0.0078125|0.015625|0.664949075253308|0.6655380287051696|0.6513769100998141|0.6808770541412176
0.6875|0.0078125|0.0078125|0.03125|0.7115551050349385|0.7115551050349385|0.6808770541412176|0.7422331558446298
0.734375|0.0078125|0.0078125|0.015625|0.7594012625681357|0.757572181259574|0.7422331558446298|0.7692530440110987
0.7578125|0.2421875|0.0078125|0.0078125|0.8192598715739113|0.8082762635617025|0.804401260105585|0.8206384374586232
0.78125|0.2421875|0.0078125|0.015625|0.8376233108564302|0.8356273960142312|0.8206384374586232|0.8466245248338216
0.8046875|0.2421875|0.0078125|0.0078125|0.8539908352570316|0.8506404857173039|0.8466245248338216|0.8572365111669177
0.7578125|0.21875|0.015625|0.0078125|0.8082762635617025|0.7958914735133596|0.7949978801068215|0.7985408743353659
0.8046875|0.21875|0.015625|0.0078125|0.8506404857173039|0.8382849355921649|0.8476752786643874|0.8508878466522231
0.7578125|0.1953125|0.0078125|0.0078125|0.7958914735133596|0.7930002639686072|0.789137494287567|0.8002378606100478
0.78125|0.1953125|0.0078125|0.015625|0.81158003562543|0.8099145469726253|0.8002378606100478|0.8262531879125125
0.8046875|0.1953125|0.0078125|0.0078125|0.8382849355921649|0.8284943185858631|0.8262531879125125|0.8413266141129543
0.828125|0.2421875|0.0078125|0.015625|0.8691597431518416|0.8640798975466119|0.8572365111669177|0.8810643374153835
0.875|0.2421875|0.0078125|0.03125|0.9085628679898511|0.9082663022429575|0.8810643374153835|0.9342820040334257
0.921875|0.2421875|0.0078125|0.015625|0.9473728612856848|0.9487388739200769|0.9342820040334257|0.9572336551253685
0.828125|0.21875|0.015625|0.015625|0.8640798975466119|0.8569712037001027|0.8508878466522231|0.8573129826422559
0.921875|0.21875|0.015625|0.015625|0.9487388739200769|0.948940198014469|0.9516369118998136|0.9572316637582189
0.828125|0.1953125|0.0078125|0.015625|0.8569712037001027|0.8568003142313324|0.8413266141129543|0.8719322353797253
0.875|0.1953125|0.0078125|0.03125|0.9021960776765114|0.9021960776765114|0.8719322353797253|0.9324599199412246
0.921875|0.1953125|0.0078125|0.015625|0.948940198014469|0.9475918410735812|0.9324599199412246|0.9600270483099619
0.9453125|0.2421875|0.0078125|0.0078125|0.9623584857455868|0.9614800500444395|0.9572336551253685|0.9677500299711094
0.96875|0.2421875|0.0078125|0.015625|0.9788636647238432|0.9788389794681773|0.9677500299711094|0.9898785584464571
0.9921875|0.2421875|0.0078125|0.0078125|0.9953441584401664|0.9963706748566062|0.9898785584464571|1.0
0.9453125|0.21875|0.015625|0.0078125|0.9614800500444395|0.9641727811804626|0.9572316637582189|0.9600290396888139
0.9921875|0.21875|0.015625|0.0078125|0.9963706748566062|0.9968906399346625|0.9983153286979384|1.0
0.9453125|0.1953125|0.0078125|0.0078125|0.9641727811804626|0.969169643129184|0.9600270483099619|0.9716091350860111
0.96875|0.1953125|0.0078125|0.015625|0.9823381014017291|0.98308918650731|0.9716091350860111|0.9915648975025927
0.9921875|0.1953125|0.0078125|0.0078125|0.9968906399346625|0.9962576447743086|0.9915648975025927|1.0
0.7578125|0.171875|0.015625|0.0078125|0.7930002639686072|0.7859724143556656|0.7846760442240978|0.7954393536897445
0.78125|0.171875|0.015625|0.015625|0.8099145469726253|0.8065835696670158|0.7954393536897445|0.814396808315624
0.8046875|0.171875|0.015625|0.0078125|0.8284943185858631|0.8159257753202428|0.814396808315624|0.8183034276454819
0.7578125|0.125|0.03125|0.0078125|0.7859724143556656|0.7770653005451494|0.7765146987743584|0.7781827516831986
0.8046875|0.125|0.03125|0.0078125|0.8159257753202428|0.8064151659558708|0.8111704706697648|0.8111704706697648
0.7578125|0.078125|0.015625|0.0078125|0.7770653005451494|0.7757353163039878|0.7716894590453434|0.7814299574488869
0.78125|0.078125|0.015625|0.015625|0.7912767223942051|0.7926162931604344|0.7814299574488869|0.7997839165305679
0.8046875|0.078125|0.015625|0.0078125|0.8064151659558708|0.8101670553607426|0.7997839165305679|0.8040375136076712
0.9453125|0.171875|0.015625|0.0078125|0.969169643129184|0.9744884538104076|0.9750196255344544|0.9782102025959727
0.96875|0.171875|0.015625|0.015625|0.98308918650731|0.9845913567190094|0.9782102025959727|0.9924746810510044
0.9921875|0.171875|0.015625|0.0078125|0.9962576447743086|0.9972910524247166|0.9924746810510044|1.0
0.9453125|0.125|0.03125|0.0078125|0.9744884538104076|0.9723637669051022|0.9734261103623142|0.9734261103623142
0.9921875|0.125|0.03125|0.0078125|0.9972910524247166|0.9969517726173347|0.9990404708403966|1.0
0.9453125|0.078125|0.015625|0.0078125|0.9723637669051022|0.9642525480482879|0.9718325951774373|0.9753570328743005
0.96875|0.078125|0.015625|0.015625|0.9824059082680273|0.9804537735002373|0.9753570328743005|0.9914069184265449
0.9921875|0.078125|0.015625|0.0078125|0.9969517726173347|0.9956789315634329|0.9914069184265449|1.0
0.7578125|0.0546875|0.0078125|0.0078125|0.7757353163039878|0.7739556343771752|0.77037931299691|0.78132848415551
0.78125|0.0546875|0.0078125|0.015625|0.7926162931604344|0.7932860785526615|0.78132848415551|0.8065832436737198
0.8046875|0.0546875|0.0078125|0.0078125|0.8101670553607426|0.8157107578512658|0.8065832436737198|0.8204662480408856
0.7578125|0.03125|0.015625|0.0078125|0.7739556343771752|0.7737848266575219|0.7684648278609819|0.7711675292053027
0.8046875|0.03125|0.015625|0.0078125|0.8157107578512658|0.8188815109004901|0.8206686210792404|0.8240411077662456
0.7578125|0.0078125|0.0078125|0.0078125|0.7737848266575219|0.7750934753932313|0.7692530440110987|0.7822425554727449
0.78125|0.0078125|0.0078125|0.015625|0.7965407156317722|0.7965407156317722|0.7822425554727449|0.8108388757493453
0.8046875|0.0078125|0.0078125|0.0078125|0.8188815109004901|0.8179879558166177|0.8108388757493453|0.8242434807615227
0.828125|0.0546875|0.0078125|0.015625|0.8349350916531583|0.8335520881454853|0.8204662480408856|0.8521699422302268
0.875|0.0546875|0.0078125|0.03125|0.8866396433944803|0.8866396433944803|0.8521699422302268|0.921109344523229
0.921875|0.0546875|0.0078125|0.015625|0.938344195089595|0.9395888439002505|0.921109344523229|0.953089748018657
0.828125|0.03125|0.015625|0.015625|0.8335520881454853|0.8347650474883106|0.8240411077662456|0.830786081140256
0.921875|0.03125|0.015625|0.015625|0.9395888439002505|0.9378224657863757|0.9420781415215617|0.9488231148668418
0.828125|0.0078125|0.0078125|0.015625|0.8347650474883106|0.8367545306673488|0.8242434807615227|0.8532445468811756
0.875|0.0078125|0.0078125|0.03125|0.8862245793188508|0.8862245793188508|0.8532445468811756|0.9192046117182429
0.921875|0.0078125|0.0078125|0.015625|0.9378224657863757|0.9356946279218015|0.9192046117182429|0.9479289683771484
0.9453125|0.0546875|0.0078125|0.0078125|0.9642525480482879|0.9577068835029303|0.953089748018657|0.9668009183627609
0.96875|0.0546875|0.0078125|0.015625|0.9804537735002373|0.9794777061173164|0.9668009183627609|0.9902023591003242
0.9921875|0.0546875|0.0078125|0.0078125|0.9956789315634329|0.9963774517045909|0.9902023591003242|1.0
0.9453125|0.03125|0.015625|0.0078125|0.9577068835029303|0.9534292929156862|0.9488231148668418|0.9521956015404234
0.9921875|0.03125|0.015625|0.0078125|0.9963774517045909|0.9956344840115755|0.9980029839292074|1.0
0.9453125|0.0078125|0.0078125|0.0078125|0.9534292929156862|0.9540461386048217|0.9479289683771484|0.9607801545128035
0.96875|0.0078125|0.0078125|0.015625|0.974248186332623|0.974248186332623|0.9607801545128035|0.9877162181460695
0.9921875|0.0078125|0.0078125|0.0078125|0.9956344840115755|0.9944502340527928|0.9877162181460695|1.0
0.7578125|0.734375|0.015625|0.0078125|0.8192598717486588|0.8369745637846236|0.831491698519763|0.8348661792452775
0.78125|0.734375|0.015625|0.015625|0.8376233110163144|0.8416151407073569|0.8348661792452775|0.8523559318394369
0.8046875|0.734375|0.015625|0.0078125|0.8539908353995848|0.8623184823988345|0.8523559318394369|0.8626683914608346
0.7578125|0.6875|0.03125|0.0078125|0.8369745637846236|0.8589060248183106|0.847940294330696|0.847940294330696
0.8046875|0.6875|0.03125|0.0078125|0.8623184823988345|0.874984488589445|0.8715027923998566|0.8729284458400305
0.7578125|0.640625|0.015625|0.0078125|0.8589060248183106|0.8657596063811911|0.8643888900621177|0.8664449645045925
0.78125|0.640625|0.015625|0.015625|0.8705571133995178|0.8705571134139264|0.8664449645045925|0.8746692622559987
0.8046875|0.640625|0.015625|0.0078125|0.874984488589445|0.8753546204202628|0.8746692622559987|0.8803371932781844
0.828125|0.734375|0.015625|0.015625|0.8691597432750319|0.873628263954493|0.8626683914608346|0.884753679569707
0.875|0.734375|0.015625|0.03125|0.9085628680735475|0.9091559995748414|0.884753679569707|0.9347445825570334
0.921875|0.734375|0.015625|0.015625|0.9473728613374441|0.9504155297228974|0.9347445825570334|0.9576225225660465
0.828125|0.6875|0.03125|0.015625|0.873628263954493|0.8836338552160264|0.8729284458400305|0.8757797527203781
0.921875|0.6875|0.03125|0.015625|0.9504155297228974|0.9550332756677911|0.9561688410724337|0.9596132794438303
0.828125|0.640625|0.015625|0.015625|0.8836338552160264|0.8875609064660744|0.8803371932781844|0.8987116708874597
0.875|0.640625|0.015625|0.03125|0.9210131997302303|0.9210131997302303|0.8987116708874597|0.9433147285553966
0.921875|0.640625|0.015625|0.015625|0.9550332756677911|0.9544654929679797|0.9433147285553966|0.9650484746722755
0.9453125|0.734375|0.015625|0.0078125|0.9623584857823975|0.9622213974266648|0.9576225225660465|0.9680805763043563
0.96875|0.734375|0.015625|0.015625|0.9788636647452963|0.9789130352584455|0.9680805763043563|0.9897948647214471
0.9921875|0.734375|0.015625|0.0078125|0.9953441584447339|0.9964807888311568|0.9897948647214471|1.0
0.9453125|0.6875|0.03125|0.0078125|0.9622213974266648|0.9673384765594585|0.9596132794438303|0.9613354986295286
0.9921875|0.6875|0.03125|0.0078125|0.9964807888311568|0.9973440566891735|0.9989708075868023|1.0
0.9453125|0.640625|0.015625|0.0078125|0.9673384765594585|0.974465140402382|0.9650484746722755|0.9750696134157968
0.96875|0.640625|0.015625|0.015625|0.9845289092013546|0.9859870236236737|0.9750696134157968|0.9925300905605092
0.9921875|0.640625|0.015625|0.0078125|0.9973440566891735|0.9967798496312917|0.9925300905605092|1.0
0.7578125|0.59375|0.03125|0.0078125|0.8657596063811911|0.8685010390258383|0.8685010390193376|0.869186397163675
0.78125|0.59375|0.03125|0.015625|0.8705571134139264|0.8705571134523495|0.869186397163675|0.8719278297456562
0.8046875|0.59375|0.03125|0.0078125|0.8753546204202628|0.8726131879030558|0.8719278297456562|0.8726131878923097
0.7578125|0.5|0.0625|0.0078125|0.8685010390258383|0.8685010389871765|0.8685010390536759|0.8685010390536759
0.8046875|0.5|0.0625|0.0078125|0.8726131879030558|0.8726131878592756|0.8726131879293737|0.8726131879293737
0.7578125|0.40625|0.03125|0.0078125|0.8685010389871765|0.8657596063013737|0.8685010389587807|0.8691863970978467
0.78125|0.40625|0.03125|0.015625|0.870557113385687|0.8705571133385225|0.8691863970978467|0.8719278296827954
0.8046875|0.40625|0.03125|0.0078125|0.8726131878592756|0.8753546203412522|0.8719278296827954|0.8726131878313496
0.9453125|0.59375|0.03125|0.0078125|0.974465140402382|0.9827154901587566|0.9827154901582988|0.9847780775953591
0.96875|0.59375|0.03125|0.015625|0.9859870236236737|0.9889032524699012|0.9847780775953591|0.994486541765239
0.9921875|0.59375|0.03125|0.0078125|0.9967798496312917|0.9980558474379047|0.994486541765239|1.0
0.9453125|0.5|0.0625|0.0078125|0.9827154901587566|0.9827154901513714|0.9827154901609843|0.9827154901609843
0.9921875|0.5|0.0625|0.0078125|0.9980558474379047|0.9980558474365991|0.9996111694874911|1.0
0.9453125|0.40625|0.03125|0.0078125|0.9827154901513714|0.9744651403829648|0.9827154901472064|0.9847780775848959
0.96875|0.40625|0.03125|0.015625|0.9889032524619689|0.9859870236134616|0.9847780775848959|0.9944865417612929
0.9921875|0.40625|0.03125|0.0078125|0.9980558474365991|0.9967798496288256|0.9944865417612929|1.0
0.7578125|0.359375|0.015625|0.0078125|0.8657596063013737|0.8589060247118122|0.8643888899726703|0.8664449644216591
0.78125|0.359375|0.015625|0.015625|0.8705571133385225|0.8705571133196368|0.8664449644216591|0.8746692621706859
0.8046875|0.359375|0.015625|0.0078125|0.8753546203412522|0.8749844884961536|0.8746692621706859|0.8803371931929457
0.7578125|0.3125|0.03125|0.0078125|0.8589060247118122|0.8369745636365654|0.847940294204971|0.847940294204971
0.8046875|0.3125|0.03125|0.0078125|0.8749844884961536|0.8623184822796555|0.8715027922913432|0.8729284457319286
0.7578125|0.265625|0.015625|0.0078125|0.8369745636365654|0.8192598715739113|0.8314916983549301|0.8348661790834667
0.78125|0.265625|0.015625|0.015625|0.8416151405562199|0.8376233108564302|0.8348661790834667|0.8523559316981607
0.8046875|0.265625|0.015625|0.0078125|0.8623184822796555|0.8539908352570316|0.8523559316981607|0.8626683913291654
0.828125|0.359375|0.015625|0.015625|0.887560906385751|0.8836338551255132|0.8803371931929457|0.8987116708105948
0.875|0.359375|0.015625|0.03125|0.9210131996711998|0.9210131996711998|0.8987116708105948|0.9433147285110329
0.921875|0.359375|0.015625|0.015625|0.9544654929309496|0.955033275631719|0.9433147285110329|0.9650484746434914
0.828125|0.3125|0.03125|0.015625|0.8836338551255132|0.8736282638371892|0.8729284457319286|0.8757797526174108
0.921875|0.3125|0.03125|0.015625|0.955033275631719|0.9504155296767265|0.9561688410332577|0.9596132794061455
0.828125|0.265625|0.015625|0.015625|0.8736282638371892|0.8691597431518416|0.8626683913291654|0.8847536794617427
0.875|0.265625|0.015625|0.03125|0.9091559994898342|0.9085628679898511|0.8847536794617427|0.9347445824955853
0.921875|0.265625|0.015625|0.015625|0.9504155296767265|0.9473728612856848|0.9347445824955853|0.9576225225252459
0.9453125|0.359375|0.015625|0.0078125|0.9744651403829648|0.9673384765309657|0.9650484746434914|0.9750696133969655
0.96875|0.359375|0.015625|0.015625|0.9859870236134616|0.984528909189208|0.9750696133969655|0.9925300905546522
0.9921875|0.359375|0.015625|0.0078125|0.9967798496288256|0.9973440566871518|0.9925300905546522|1.0
0.9453125|0.3125|0.03125|0.0078125|0.9673384765309657|0.9622213973921624|0.9596132794061455|0.9613354985947605
0.9921875|0.3125|0.03125|0.0078125|0.9973440566871518|0.9964807888276551|0.9989708075858837|1.0
0.9453125|0.265625|0.015625|0.0078125|0.9622213973921624|0.9623584857455868|0.9576225225252459|0.9680805762730461
0.96875|0.265625|0.015625|0.015625|0.9789130352374116|0.9788636647238432|0.9680805762730461|0.9897948647116225
0.9921875|0.265625|0.015625|0.0078125|0.9964807888276551|0.9953441584401664|0.9897948647116225|1.0
0.7578125|0.9921875|0.0078125|0.0078125|0.7750934756429162|0.7737848269139458|0.7692530442632163|0.7822425557114633
0.78125|0.9921875|0.0078125|0.015625|0.7965407158619519|0.7965407158619519|0.7822425557114633|0.8108388759688859
0.8046875|0.9921875|0.0078125|0.0078125|0.8179879560312711|0.8188815111150807|0.8108388759688859|0.8242434809693845
0.7578125|0.96875|0.015625|0.0078125|0.7737848269139458|0.7739556346303224|0.7684648281126899|0.771167529456005
0.8046875|0.96875|0.015625|0.0078125|0.8188815111150807|0.815710758070573|0.8206686212942681|0.8240411079728694
0.7578125|0.9453125|0.0078125|0.0078125|0.7739556346303224|0.7757353165476988|0.7703793132442399|0.7813284844073749
0.78125|0.9453125|0.0078125|0.015625|0.7932860787871626|0.7926162933943898|0.7813284844073749|0.8065832438954731
0.8046875|0.9453125|0.0078125|0.0078125|0.815710758070573|0.8101670555785757|0.8065832438954731|0.820466248248847
0.828125|0.9921875|0.0078125|0.015625|0.8367545308571795|0.8347650476852992|0.8242434809693845|0.8532445470571708
0.875|0.9921875|0.0078125|0.03125|0.8862245794609098|0.8862245794609098|0.8532445470571708|0.9192046118196134
0.921875|0.9921875|0.0078125|0.015625|0.935694628003027|0.9378224658668625|0.9192046118196134|0.9479289684429598
0.828125|0.96875|0.015625|0.015625|0.8347650476852992|0.8335520883446663|0.8240411079728694|0.8307860813469902
0.921875|0.96875|0.015625|0.015625|0.9378224658668625|0.9395888439752964|0.9420781415945332|0.9488231149335261
0.828125|0.9453125|0.0078125|0.015625|0.8335520883446663|0.83493509184623|0.820466248248847|0.8521699424091557
0.875|0.9453125|0.0078125|0.03125|0.886639643535007|0.886639643535007|0.8521699424091557|0.9211093446235171
0.921875|0.9453125|0.0078125|0.015625|0.9395888439752964|0.9383441951677721|0.9211093446235171|0.953089748078693
0.9453125|0.9921875|0.0078125|0.0078125|0.9540461386629263|0.9534292929757426|0.9479289684429598|0.9607801545637548
0.96875|0.9921875|0.0078125|0.015625|0.9742481863654114|0.9742481863654114|0.9607801545637548|0.9877162181617224
0.9921875|0.9921875|0.0078125|0.0078125|0.9944502340598779|0.9956344840171406|0.9877162181617224|1.0
0.9453125|0.96875|0.015625|0.0078125|0.9534292929757426|0.9577068835578076|0.9488231149335261|0.9521956016030226
0.9921875|0.96875|0.015625|0.0078125|0.9956344840171406|0.996377451709106|0.9980029839316661|1.0
0.9453125|0.9453125|0.0078125|0.0078125|0.9577068835578076|0.9642525480942946|0.953089748078693|0.9668009184045468
0.96875|0.9453125|0.0078125|0.015625|0.97947770614324|0.9804537735255296|0.9668009184045468|0.9902023591130672
0.9921875|0.9453125|0.0078125|0.0078125|0.996377451709106|0.9956789315688525|0.9902023591130672|1.0
0.7578125|0.921875|0.015625|0.0078125|0.7757353165476988|0.7770653007905216|0.7716894592906322|0.7814299576948088
0.78125|0.921875|0.015625|0.015625|0.7926162933943898|0.7912767226279896|0.7814299576948088|0.7997839167627329
0.8046875|0.921875|0.015625|0.0078125|0.8101670555785757|0.8064151661855424|0.7997839167627329|0.804037513836271
0.7578125|0.875|0.03125|0.0078125|0.7770653007905216|0.7859724145848127|0.7765146990123143|0.778182751921753
0.8046875|0.875|0.03125|0.0078125|0.8064151661855424|0.8159257755163533|0.811170470884085|0.811170470884085
0.7578125|0.828125|0.015625|0.0078125|0.7859724145848127|0.7930002641773752|0.7846760444447506|0.7954393538983235
0.78125|0.828125|0.015625|0.015625|0.8065835698683385|0.8099145471694634|0.7954393538983235|0.8143968085131172
0.8046875|0.828125|0.015625|0.0078125|0.8159257755163533|0.8284943187646157|0.8143968085131172|0.8183034278355067
0.9453125|0.921875|0.015625|0.0078125|0.9642525480942946|0.9723637669396656|0.9718325952134715|0.9753570329050253
0.96875|0.921875|0.015625|0.015625|0.9804537735255296|0.9824059082907263|0.9753570329050253|0.9914069184373066
0.9921875|0.921875|0.015625|0.0078125|0.9956789315688525|0.9969517726212113|0.9914069184373066|1.0
0.9453125|0.875|0.03125|0.0078125|0.9723637669396656|0.97448845383978|0.9734261103949848|0.9734261103949848
0.9921875|0.875|0.03125|0.0078125|0.9969517726212113|0.9972910524276611|0.9990404708415703|1.0
0.9453125|0.828125|0.015625|0.0078125|0.97448845383978|0.9691696431635113|0.9750196255621776|0.9782102026199938
0.96875|0.828125|0.015625|0.015625|0.9845913567361868|0.9830891865261481|0.9782102026199938|0.9924746810591117
0.9921875|0.828125|0.015625|0.0078125|0.9972910524276611|0.9962576447783605|0.9924746810591117|1.0
0.7578125|0.8046875|0.0078125|0.0078125|0.7930002641773752|0.7958914737185389|0.7891374945038526|0.8002378608190722
0.78125|0.8046875|0.0078125|0.015625|0.8099145471694634|0.8115800358259396|0.8002378608190722|0.8262531880983692
0.8046875|0.8046875|0.0078125|0.0078125|0.8284943187646157|0.8382849357582911|0.8262531880983692|0.8413266142793541
0.7578125|0.78125|0.015625|0.0078125|0.7958914737185389|0.8082762637561819|0.7949978803116577|0.798540874536807
0.8046875|0.78125|0.015625|0.0078125|0.8382849357582911|0.8506404858666207|0.8476752788216144|0.8508878468053838
0.7578125|0.7578125|0.0078125|0.0078125|0.8082762637561819|0.8192598717486588|0.8044012602993286|0.8206384376302877
0.78125|0.7578125|0.0078125|0.015625|0.8356273961761715|0.8376233110163144|0.8206384376302877|0.8466245249880235
0.8046875|0.7578125|0.0078125|0.0078125|0.8506404858666207|0.8539908353995848|0.8466245249880235|0.8572365113074184
0.828125|0.8046875|0.0078125|0.015625|0.8568003143844992|0.856971203849111|0.8413266142793541|0.8719322355126757
0.875|0.8046875|0.0078125|0.03125|0.9021960777785841|0.9021960777785841|0.8719322355126757|0.9324599200110728
0.921875|0.8046875|0.0078125|0.015625|0.9475918411291748|0.9489401980679903|0.9324599200110728|0.9600270483525103
0.828125|0.78125|0.015625|0.015625|0.856971203849111|0.8640798976803469|0.8508878468053838|0.8573129827878896
0.921875|0.78125|0.015625|0.015625|0.9489401980679903|0.9487388739711801|0.9516369119493369|0.9572316638019019
0.828125|0.7578125|0.0078125|0.015625|0.8640798976803469|0.8691597432750319|0.8572365113074184|0.8810643375285535
0.875|0.7578125|0.0078125|0.03125|0.9082663023277053|0.9085628680735475|0.8810643375285535|0.9342820040962324
0.921875|0.7578125|0.0078125|0.015625|0.9487388739711801|0.9473728613374441|0.9342820040962324|0.9572336551677815
0.9453125|0.8046875|0.0078125|0.0078125|0.9691696431635113|0.9641727812193291|0.9600270483525103|0.9716091351164952
0.96875|0.8046875|0.0078125|0.015625|0.9830891865261481|0.9823381014211288|0.9716091351164952|0.9915648975115717
0.9921875|0.8046875|0.0078125|0.0078125|0.9962576447783605|0.9968906399379663|0.9915648975115717|1.0
0.9453125|0.78125|0.015625|0.0078125|0.9641727812193291|0.9614800500822275|0.9572316638019019|0.960029039729631
0.9921875|0.78125|0.015625|0.0078125|0.9968906399379663|0.9963706748602174|0.9983153286996718|1.0
0.9453125|0.7578125|0.0078125|0.0078125|0.9614800500822275|0.9623584857823975|0.9572336551677815|0.9677500300031922
0.96875|0.7578125|0.0078125|0.015625|0.9788389794891078|0.9788636647452963|0.9677500300031922|0.9898785584568291
0.9921875|0.7578125|0.0078125|0.0078125|0.9963706748602174|0.9953441584447339|0.9898785584568291|1.0
0.265625|0.9921875|0.0078125|0.015625|0.2424278309527249|0.24059874961797634|0.2307469679166574|0.25776685660960547
0.3125|0.9921875|0.0078125|0.03125|0.2884449079446041|0.2884449079446041|0.25776685660960547|0.3191229591988319
0.359375|0.9921875|0.0078125|0.015625|0.33446198482594575|0.33505093827509963|0.3191229591988319|0.3486231035086648
0.265625|0.96875|0.015625|0.015625|0.24059874961797634|0.23868782704395367|0.23153518414223206|0.23694058694847922
0.359375|0.96875|0.015625|0.015625|0.33505093827509963|0.3270085830080533|0.33622884518110474|0.3466270142140487
0.265625|0.9453125|0.0078125|0.015625|0.23868782704395367|0.2390225596957151|0.229620698931723|0.25232721012514564
0.3125|0.9453125|0.0078125|0.03125|0.2778587361851658|0.2768183317167512|0.25232721012514564|0.30755188000954775
0.359375|0.9453125|0.0078125|0.015625|0.3270085830080533|0.31669491256800686|0.30755188000954775|0.33943184034505425
0.40625|0.9921875|0.0078125|0.03125|0.37694534088193565|0.3737713446812693|0.3486231035086648|0.4179635629718061
0.5|0.9921875|0.0078125|0.0625|0.5000000071515469|0.5000000071515469|0.4179635629718061|0.5820364511881473
0.59375|0.9921875|0.0078125|0.03125|0.6230546732064475|0.6262286693848381|0.5820364511881473|0.6513769103938204
0.40625|0.96875|0.015625|0.03125|0.3737713446812693|0.37147352888812063|0.3466270142140487|0.36742335227993667
0.59375|0.96875|0.015625|0.03125|0.6262286693848381|0.6285264851466962|0.6325766617650933|0.6533729996998997
0.40625|0.9453125|0.0078125|0.03125|0.37147352888812063|0.3734986171922126|0.33943184034505425|0.4156657471700502
0.5|0.9453125|0.0078125|0.0625|0.5000000071257255|0.5000000071257255|0.4156657471700502|0.584334266938778
0.59375|0.9453125|0.0078125|0.03125|0.6285264851466962|0.6265013968453044|0.584334266938778|0.6605681734369565
0.640625|0.9921875|0.0078125|0.015625|0.6655380289991147|0.6649490755474828|0.6513769103938204|0.6808770544383962
0.6875|0.9921875|0.0078125|0.03125|0.711555105316959|0.711555105316959|0.6808770544383962|0.7422331561146681
0.734375|0.9921875|0.0078125|0.015625|0.7575721815241502|0.7594012628316095|0.7422331561146681|0.7692530442632163
0.640625|0.96875|0.015625|0.015625|0.6649490755474828|0.672991430708389|0.6533729996998997|0.6637711686673029
0.734375|0.96875|0.015625|0.015625|0.7594012628316095|0.7613121853608916|0.7630594254465282|0.7684648281126899
0.640625|0.9453125|0.0078125|0.015625|0.672991430708389|0.6833051010206169|0.6605681734369565|0.6924481334561426
0.6875|0.9453125|0.0078125|0.03125|0.7221412769028625|0.7231816813365478|0.6924481334561426|0.7476728025059738
0.734375|0.9453125|0.0078125|0.015625|0.7613121853608916|0.7609774526906051|0.7476728025059738|0.7703793132442399
0.265625|0.921875|0.015625|0.015625|0.2390225596957151|0.23423699619567326|0.22831055281511148|0.25020903086731167
0.3125|0.921875|0.015625|0.03125|0.2768183317167512|0.2747375228017141|0.25020903086731167|0.29510439683366935
0.359375|0.921875|0.015625|0.015625|0.31669491256800686|0.3040641921282376|0.29510439683366935|0.3052878338532681
0.265625|0.875|0.03125|0.015625|0.23423699619567326|0.2260780531037879|0.2234853129267399|0.22682141879994586
0.359375|0.875|0.03125|0.015625|0.3040641921282376|0.29916962519112084|0.3016169086855629|0.3016169086855629
0.265625|0.828125|0.015625|0.015625|0.2260780531037879|0.2230495065572329|0.21532396707028614|0.23837395425871621
0.3125|0.828125|0.015625|0.03125|0.2637091222847169|0.2649644192136829|0.23837395425871621|0.28653369638372334
0.359375|0.828125|0.015625|0.015625|0.29916962519112084|0.30813462872086855|0.28653369638372334|0.2979459834438998
0.640625|0.921875|0.015625|0.015625|0.6833051010206169|0.6959358212580992|0.6947121795962854|0.7048956164653603
0.6875|0.921875|0.015625|0.03125|0.7231816813365478|0.7252624902257162|0.7048956164653603|0.749790981692029
0.734375|0.921875|0.015625|0.015625|0.7609774526906051|0.7657630160214334|0.749790981692029|0.7716894592906322
0.640625|0.875|0.03125|0.015625|0.6959358212580992|0.7008303878909955|0.6983831046040793|0.6983831046040793
0.734375|0.875|0.03125|0.015625|0.7657630160214334|0.773921958740642|0.773178593213368|0.7765146990123143
0.640625|0.828125|0.015625|0.015625|0.7008303878909955|0.6918653842886502|0.7020540295381481|0.7134663164059404
0.6875|0.828125|0.015625|0.03125|0.7362908901484354|0.735035593208997|0.7134663164059404|0.7616260577212248
0.734375|0.828125|0.015625|0.015625|0.773921958740642|0.7769505050977052|0.7616260577212248|0.7846760444447506
0.265625|0.8046875|0.0078125|0.015625|0.2230495065572329|0.21851008961581334|0.21086251683066118|0.23634473903253705
0.3125|0.8046875|0.0078125|0.03125|0.2649644192136829|0.2655920676885307|0.23634473903253705|0.29734999013344243
0.359375|0.8046875|0.0078125|0.015625|0.30813462872086855|0.31745112943461745|0.29734999013344243|0.33085220166827045
0.265625|0.78125|0.015625|0.015625|0.21851008961581334|0.21275213783824218|0.20500213080896498|0.21208811943145015
0.359375|0.78125|0.015625|0.015625|0.31745112943461745|0.3232855863759138|0.32589548558514636|0.3369497409157965
0.265625|0.7578125|0.0078125|0.015625|0.21275213783824218|0.21308414704163817|0.19559875043794053|0.23123356201474474
0.3125|0.7578125|0.0078125|0.03125|0.26753239196095785|0.26753239196095785|0.23123356201474474|0.3038312218322564
0.359375|0.7578125|0.0078125|0.015625|0.3232855863759138|0.3219806367785214|0.3038312218322564|0.3375201524578116
0.40625|0.8046875|0.0078125|0.03125|0.36609870228610547|0.36375188538310255|0.33085220166827045|0.41073247044200273
0.5|0.8046875|0.0078125|0.0625|0.5000000067613138|0.5000000067613138|0.41073247044200273|0.5892675429378847
0.59375|0.8046875|0.0078125|0.03125|0.6339013110261702|0.6362481279222344|0.5892675429378847|0.6691478114488562
0.40625|0.78125|0.015625|0.03125|0.36375188538310255|0.365418873079592|0.3369497409157965|0.35905825157709675
0.59375|0.78125|0.015625|0.03125|0.6362481279222344|0.6345811402094804|0.6409417617143627|0.663050272241911
0.40625|0.7578125|0.0078125|0.03125|0.365418873079592|0.3685991838382345|0.3375201524578116|0.4123994581349916
0.5|0.7578125|0.0078125|0.0625|0.5000000067508005|0.5000000067508005|0.4123994581349916|0.5876005552240907
0.59375|0.7578125|0.0078125|0.03125|0.6345811402094804|0.6314008294607358|0.5876005552240907|0.6624798606285082
0.640625|0.8046875|0.0078125|0.015625|0.6918653842886502|0.6825488836051424|0.6691478114488562|0.7026500226890269
0.6875|0.8046875|0.0078125|0.03125|0.735035593208997|0.7344079447461918|0.7026500226890269|0.7636552728415914
0.734375|0.8046875|0.0078125|0.015625|0.7769505050977052|0.7814899218884718|0.7636552728415914|0.7891374945038526
0.640625|0.78125|0.015625|0.015625|0.6825488836051424|0.6767144266447236|0.663050272241911|0.6741045275093819
0.734375|0.78125|0.015625|0.015625|0.7814899218884718|0.787247873402042|0.7879118918799187|0.7949978803116577
0.640625|0.7578125|0.0078125|0.015625|0.6767144266447236|0.6780193762123944|0.6624798606285082|0.6961687908883162
0.6875|0.7578125|0.0078125|0.03125|0.7324676202469458|0.7324676202469458|0.6961687908883162|0.7687664495306356
0.734375|0.7578125|0.0078125|0.015625|0.787247873402042|0.7869158641724804|0.7687664495306356|0.8044012602993286
0.0078125|0.9921875|0.0078125|0.0078125|0.005549766286380077|0.004365516255442497|0.0|0.012283782602928214
0.03125|0.9921875|0.0078125|0.015625|0.02575181523691519|0.02575181523691519|0.012283782602928214|0.03921984786513264
0.0546875|0.9921875|0.0078125|0.0078125|0.04595386417924137|0.046570709904362344|0.03921984786513264|0.05207103476030739
0.0078125|0.96875|0.015625|0.0078125|0.004365516255442497|0.0036225485182825906|0.0|0.001997016193567336
0.0546875|0.96875|0.015625|0.0078125|0.046570709904362344|0.04229311906478533|0.047804401359410754|0.05117688822601981
0.0078125|0.9453125|0.0078125|0.0078125|0.0036225485182825906|0.004321068702911642|0.0|0.00979764150122807
0.03125|0.9453125|0.0078125|0.015625|0.020522295142024128|0.019546227700383872|0.00979764150122807|0.03319908366044859
0.0546875|0.9453125|0.0078125|0.0078125|0.04229311906478533|0.03574745413293699|0.03319908366044859|0.04691025481070757
0.078125|0.9921875|0.0078125|0.015625|0.06430537592243941|0.062177537935803356|0.05207103476030739|0.0807953930447563
0.125|0.9921875|0.0078125|0.03125|0.11377542729314367|0.11377542729314367|0.0807953930447563|0.14675546150128813
0.171875|0.9921875|0.0078125|0.015625|0.16324547860536034|0.16523496188800738|0.14675546150128813|0.175756529112573
0.078125|0.96875|0.015625|0.015625|0.062177537935803356|0.06041115971786431|0.05117688822601981|0.05792186196451001
0.171875|0.96875|0.015625|0.015625|0.16523496188800738|0.16644792128793665|0.16921392845875316|0.17595890216217783
0.078125|0.9453125|0.0078125|0.015625|0.06041115971786431|0.06165580859762362|0.04691025481070757|0.07889066012314444
0.125|0.9453125|0.0078125|0.03125|0.11336036318210634|0.11336036318210634|0.07889066012314444|0.14783006619629338
0.171875|0.9453125|0.0078125|0.015625|0.16644792128793665|0.16506491771056853|0.14783006619629338|0.17953376201700008
0.1953125|0.9921875|0.0078125|0.0078125|0.18201205437196294|0.18111849924965825|0.175756529112573|0.18916113471914356
0.21875|0.9921875|0.0078125|0.015625|0.203459295419781|0.203459295419781|0.18916113471914356|0.21775745607025068
0.2421875|0.9921875|0.0078125|0.0078125|0.22490653640532313|0.2262151851821946|0.21775745607025068|0.2307469679166574
0.1953125|0.96875|0.015625|0.0078125|0.18111849924965825|0.18428925245806296|0.17595890216217783|0.17933138902235365
0.2421875|0.96875|0.015625|0.0078125|0.2262151851821946|0.22604437747634962|0.22883248274933654|0.23153518414223206
0.1953125|0.9453125|0.0078125|0.0078125|0.18428925245806296|0.18983295520361057|0.17953376201700008|0.19341676700710453
0.21875|0.9453125|0.0078125|0.015625|0.2067139326637407|0.20738371807453745|0.19341676700710453|0.21867152744781768
0.2421875|0.9453125|0.0078125|0.0078125|0.22604437747634962|0.2242646954902018|0.21867152744781768|0.229620698931723
0.0078125|0.921875|0.015625|0.0078125|0.004321068702911642|0.0030482275715606757|0.0|0.008593082104434142
0.03125|0.921875|0.015625|0.015625|0.019546227700383872|0.0175940928191496|0.008593082104434142|0.024642968648315066
0.0546875|0.921875|0.015625|0.0078125|0.03574745413293699|0.027636234815119926|0.024642968648315066|0.028167406563206255
0.0078125|0.875|0.03125|0.0078125|0.0030482275715606757|0.0027089477492929746|0.0|0.0009595292202337723
0.0546875|0.875|0.03125|0.0078125|0.027636234815119926|0.025511547818116754|0.026573891321875386|0.026573891321875386
0.0078125|0.828125|0.015625|0.0078125|0.0027089477492929746|0.0037423554668179425|0.0|0.0075253194331407645
0.03125|0.828125|0.015625|0.015625|0.015408644272303072|0.016910814578443182|0.0075253194331407645|0.021789798801405896
0.0546875|0.828125|0.015625|0.0078125|0.025511547818116754|0.030830358838594005|0.021789798801405896|0.02498037606714298
0.1953125|0.921875|0.015625|0.0078125|0.18983295520361057|0.19358484482273655|0.19596249725325887|0.2002160944655471
0.21875|0.921875|0.015625|0.015625|0.20738371807453745|0.20872328890886332|0.2002160944655471|0.21857005414801764
0.2421875|0.921875|0.015625|0.0078125|0.2242646954902018|0.22293471117504068|0.21857005414801764|0.22831055281511148
0.1953125|0.875|0.03125|0.0078125|0.19358484482273655|0.18407423506497858|0.18882953997401838|0.18882953997401838
0.2421875|0.875|0.03125|0.0078125|0.22293471117504068|0.2140275969795562|0.2218172599901369|0.2234853129267399
0.1953125|0.828125|0.015625|0.0078125|0.18407423506497858|0.17150569120178374|0.1816965826104587|0.1856032020673424
0.21875|0.828125|0.015625|0.015625|0.1934164409811098|0.19008546352959596|0.1856032020673424|0.20456065731007578
0.2421875|0.828125|0.015625|0.0078125|0.2140275969795562|0.20699974708718782|0.20456065731007578|0.21532396707028614
0.0078125|0.8046875|0.0078125|0.0078125|0.0037423554668179425|0.0031093602659531382|0.0|0.008435103039639303
0.03125|0.8046875|0.0078125|0.015625|0.016910814578443182|0.017661899732434358|0.008435103039639303|0.028390866728137704
0.0546875|0.8046875|0.0078125|0.0078125|0.030830358838594005|0.035827221107871655|0.028390866728137704|0.03997295422207844
0.0078125|0.78125|0.015625|0.0078125|0.0031093602659531382|0.003629325379047003|0.0|0.0016846714113758628
0.0546875|0.78125|0.015625|0.0078125|0.035827221107871655|0.038519952431598455|0.03997096287551847|0.0427683389740664
0.0078125|0.7578125|0.0078125|0.0078125|0.003629325379047003|0.004655841862300878|0.0|0.010121442209631614
0.03125|0.7578125|0.0078125|0.015625|0.0211610219038417|0.021136336645493803|0.010121442209631614|0.0322499721070156
0.0546875|0.7578125|0.0078125|0.0078125|0.038519952431598455|0.03764151668145141|0.0322499721070156|0.042766347614718904
0.078125|0.8046875|0.0078125|0.015625|0.05240816221425656|0.05105980520085717|0.03997295422207844|0.06754008421973509
0.125|0.8046875|0.0078125|0.03125|0.09780392823775144|0.09780392823775144|0.06754008421973509|0.12806777221567459
0.171875|0.8046875|0.0078125|0.015625|0.14319969421108336|0.1430288047607539|0.12806777221567459|0.15867339506900272
0.078125|0.78125|0.015625|0.015625|0.05105980520085717|0.05126112934030729|0.0427683389740664|0.04836309117405838
0.171875|0.78125|0.015625|0.015625|0.1430288047607539|0.1359201106310797|0.14268702586009502|0.14911216216922843
0.078125|0.7578125|0.0078125|0.015625|0.05126112934030729|0.05262714206704746|0.042766347614718904|0.06571800009980616
0.125|0.7578125|0.0078125|0.03125|0.09173370345576987|0.09143713768946582|0.06571800009980616|0.11893566982554767
0.171875|0.7578125|0.0078125|0.015625|0.1359201106310797|0.13084026480087493|0.11893566982554767|0.14276349737388902
0.1953125|0.8046875|0.0078125|0.0078125|0.17150569120178374|0.16171507377313762|0.15867339506900272|0.17374682194143012
0.21875|0.8046875|0.0078125|0.015625|0.19008546352959596|0.18841997481276643|0.17374682194143012|0.1997621501969479
0.2421875|0.8046875|0.0078125|0.0078125|0.20699974708718782|0.20410853742828464|0.1997621501969479|0.21086251683066118
0.1953125|0.78125|0.015625|0.0078125|0.16171507377313762|0.1493595231477912|0.14911216216922843|0.15232473032379512
0.2421875|0.78125|0.015625|0.0078125|0.20410853742828464|0.1917237469263956|0.20145913650700334|0.20500213080896498
0.1953125|0.7578125|0.0078125|0.0078125|0.1493595231477912|0.14600917348524003|0.14276349737388902|0.15337548420238714
0.21875|0.7578125|0.0078125|0.015625|0.16437261350291557|0.1623766985901007|0.15337548420238714|0.1793615725916997
0.2421875|0.7578125|0.0078125|0.0078125|0.1917237469263956|0.18074013856498558|0.1793615725916997|0.19559875043794053
0.0078125|0.734375|0.015625|0.0078125|0.004655841862300878|0.0035192114014416763|0.0|0.010205135950832332
0.03125|0.734375|0.015625|0.015625|0.021136336645493803|0.021086966131117022|0.010205135950832332|0.03191942579162722
0.0546875|0.734375|0.015625|0.0078125|0.03764151668145141|0.037778605066809044|0.03191942579162722|0.04237748019988229
0.0078125|0.6875|0.03125|0.0078125|0.0035192114014416763|0.0026559434912162305|0.0|0.0010291924822118013
0.0546875|0.6875|0.03125|0.0078125|0.037778605066809044|0.0326615256389381|0.038664503953168596|0.04038672324972975
0.0078125|0.640625|0.015625|0.0078125|0.0026559434912162305|0.003220150588341858|0.0|0.007469909947383652
0.03125|0.640625|0.015625|0.015625|0.015471091850413229|0.014012977330166917|0.007469909947383652|0.02493038827135298
0.0546875|0.640625|0.015625|0.0078125|0.0326615256389381|0.02553486132840406|0.02493038827135298|0.03495152768531082
0.078125|0.734375|0.015625|0.015625|0.05262714206704746|0.04958447351713661|0.04237748019988229|0.06525542162394841
0.125|0.734375|0.015625|0.03125|0.09143713768946582|0.09084400616647896|0.06525542162394841|0.1152463276351468
0.171875|0.734375|0.015625|0.015625|0.13084026480087493|0.12637174401033244|0.1152463276351468|0.13733161701392133
0.078125|0.6875|0.03125|0.015625|0.04958447351713661|0.04496672734509546|0.04038672324972975|0.0438311618444733
0.171875|0.6875|0.03125|0.015625|0.12637174401033244|0.11636615242617443|0.12422025529203591|0.12707156235246717
0.078125|0.640625|0.015625|0.015625|0.04496672734509546|0.04553451009621715|0.03495152768531082|0.056685275248013624
0.125|0.640625|0.015625|0.03125|0.07898680555501043|0.07898680555501043|0.056685275248013624|0.10128833584440394
0.171875|0.640625|0.015625|0.015625|0.11636615242617443|0.1124391009932437|0.10128833584440394|0.11966281468441564
0.1953125|0.734375|0.015625|0.0078125|0.14600917348524003|0.13768152618345494|0.13733161701392133|0.14764407714558472
0.21875|0.734375|0.015625|0.015625|0.1623766985901007|0.15838486876974053|0.14764407714558472|0.1651338305366725
0.2421875|0.734375|0.015625|0.0078125|0.18074013856498558|0.16302544601963218|0.1651338305366725|0.16850831142830117
0.1953125|0.6875|0.03125|0.0078125|0.13768152618345494|0.12501551964740928|0.12707156235246717|0.12849721588268279
0.2421875|0.6875|0.03125|0.0078125|0.16302544601963218|0.14109398435918336|0.15205971521865386|0.15205971521865386
0.1953125|0.640625|0.015625|0.0078125|0.12501551964740928|0.12464538794143491|0.11966281468441564|0.1253307461106691
0.21875|0.640625|0.015625|0.015625|0.12944289526354347|0.12944289527708727|0.1253307461106691|0.13355504436921506
0.2421875|0.640625|0.015625|0.0078125|0.14109398435918336|0.13424040257539271|0.13355504436921506|0.1356111189294481
0.0078125|0.59375|0.03125|0.0078125|0.003220150588341858|0.0019441526951684517|0.0|0.005513458612083331
0.03125|0.59375|0.03125|0.015625|0.014012977330166917|0.011096748289674295|0.005513458612083331|0.015221923445754718
0.0546875|0.59375|0.03125|0.0078125|0.02553486132840406|0.017284511024787477|0.015221923445754718|0.01728451102379493
0.0078125|0.5|0.0625|0.0078125|0.0019441526951684517|0.0019441526937926717|0.0|0.00038883053892965747
0.0546875|0.5|0.0625|0.0078125|0.017284511024787477|0.017284511016914864|0.017284511027431226|0.017284511027431226
0.0078125|0.40625|0.03125|0.0078125|0.0019441526937926717|0.003220150585713635|0.0|0.005513458607950231
0.03125|0.40625|0.03125|0.015625|0.011096748281387707|0.014012977317821139|0.005513458607950231|0.015221923434556242
0.0546875|0.40625|0.03125|0.0078125|0.017284511016914864|0.025534861308118884|0.015221923434556242|0.017284511011986012
0.1953125|0.59375|0.03125|0.0078125|0.12464538794143491|0.12738682076229682|0.12738682075102936|0.12807217893861886
0.21875|0.59375|0.03125|0.015625|0.12944289527708727|0.12944289531866873|0.12807217893861886|0.13081361169273556
0.2421875|0.59375|0.03125|0.0078125|0.13424040257539271|0.13149896989252294|0.13081361169273556|0.13149896988220444
0.1953125|0.5|0.0625|0.0078125|0.12738682076229682|0.1273868207157199|0.12738682078483177|0.12738682078483177
0.2421875|0.5|0.0625|0.0078125|0.13149896989252294|0.13149896984928622|0.13149896991813223|0.13149896991813223
0.1953125|0.40625|0.03125|0.0078125|0.1273868207157199|0.12464538785954382|0.1273868206835777|0.12807217886504993
0.21875|0.40625|0.03125|0.015625|0.12944289524218278|0.12944289519478683|0.12807217886504993|0.1308136116191453
0.2421875|0.40625|0.03125|0.0078125|0.13149896984928622|0.13424040249550506|0.1308136116191453|0.1314989698148632
0.0078125|0.359375|0.015625|0.0078125|0.003220150585713635|0.002655943488962559|0.0|0.007469909940821295
0.03125|0.359375|0.015625|0.015625|0.014012977317821139|0.015471091836809277|0.007469909940821295|0.02493038824900636
0.0546875|0.359375|0.015625|0.0078125|0.025534861308118884|0.032661525608469626|0.02493038824900636|0.03495152765651368
0.0078125|0.3125|0.03125|0.0078125|0.002655943488962559|0.0035192113980654295|0.0|0.00102919248127015
0.0546875|0.3125|0.03125|0.0078125|0.032661525608469626|0.03777860502855116|0.038664503915199065|0.04038672321008154
0.0078125|0.265625|0.015625|0.0078125|0.0035192113980654295|0.004655841857800331|0.0|0.010205135941006577
0.03125|0.265625|0.015625|0.015625|0.02108696611005651|0.02113633662439804|0.010205135941006577|0.03191942575992241
0.0546875|0.265625|0.015625|0.0078125|0.03777860502855116|0.03764151664186694|0.03191942575992241|0.04237748015661822
0.078125|0.359375|0.015625|0.015625|0.0455345100571704|0.04496672730362881|0.03495152765651368|0.05668527520109338
0.125|0.359375|0.015625|0.03125|0.07898680549509442|0.07898680549509442|0.05668527520109338|0.10128833576991847
0.171875|0.359375|0.015625|0.015625|0.11243910090733049|0.1163661523321914|0.10128833576991847|0.11966281459945154
0.078125|0.3125|0.03125|0.015625|0.04496672730362881|0.04958447346621566|0.04038672321008154|0.043831161801411306
0.171875|0.3125|0.03125|0.015625|0.1163661523321914|0.12637174389063013|0.12422025518191322|0.1270715622394983
0.078125|0.265625|0.015625|0.015625|0.04958447346621566|0.05262714201262147|0.04237748015661822|0.06525542155892859
0.125|0.265625|0.015625|0.03125|0.0908440060743439|0.09143713759929169|0.06525542155892859|0.11524632752144036
0.171875|0.265625|0.015625|0.015625|0.12637174389063013|0.13084026466956933|0.11524632752144036|0.1373316168813218
0.1953125|0.359375|0.015625|0.0078125|0.12464538785954382|0.1250155195559336|0.11966281459945154|0.12533074602204752
0.21875|0.359375|0.015625|0.015625|0.12944289519478683|0.1294428951757851|0.12533074602204752|0.13355504428247902
0.2421875|0.359375|0.015625|0.0078125|0.13424040249550506|0.14109398424867217|0.13355504428247902|0.135611118835826
0.1953125|0.3125|0.03125|0.0078125|0.1250155195559336|0.1376815260557559|0.1270715622394983|0.1284972157727471
0.2421875|0.3125|0.03125|0.0078125|0.14109398424867217|0.16302544586824677|0.15205971508923583|0.15205971508923583
0.1953125|0.265625|0.015625|0.0078125|0.1376815260557559|0.14600917333762434|0.1373316168813218|0.14764407699924112
0.21875|0.265625|0.015625|0.015625|0.15838486861316514|0.1623766984285799|0.14764407699924112|0.1651338303762465
0.2421875|0.265625|0.015625|0.0078125|0.16302544586824677|0.1807401383886852|0.1651338303762465|0.16850831126031932
