5000runs
0.003999999999999997|0.19600000000000004|0.0040000000000000036|0.003999999999999997|0.00239704457983276|0.0019519682098936473|0.0|0.005109280464298078
0.01999999999999999|0.19600000000000004|0.0040000000000000036|0.011999999999999993|0.013340470904213968|0.01334340167100497|0.005109280464298078|0.021586308352608625
0.03599999999999998|0.19600000000000004|0.0040000000000000036|0.003999999999999997|0.02428974941305826|0.024652687477040063|0.021586308352608625|0.026807019443369166
0.003999999999999997|0.18000000000000002|0.01200000000000001|0.003999999999999997|0.0019519682098936473|0.0016187923077070185|0.0|0.0007141521975157103
0.03599999999999998|0.18000000000000002|0.01200000000000001|0.003999999999999997|0.024652687477040063|0.022449071572170697|0.025608924414701938|0.02698094781409181
0.003999999999999997|0.164|0.0040000000000000036|0.003999999999999997|0.0016187923077070185|0.0018924355055682746|0.0|0.004170127682839787
0.01999999999999999|0.164|0.0040000000000000036|0.011999999999999993|0.010919493652207473|0.010550207053572708|0.004170127682839787|0.01877671388154708
0.03599999999999998|0.164|0.0040000000000000036|0.003999999999999997|0.022449071572170697|0.01994654436406243|0.01877671388154708|0.02441081119312326
0.052000000000000005|0.19600000000000004|0.0040000000000000036|0.011999999999999997|0.03427364124966951|0.0334439421158664|0.026807019443369166|0.04385021248780249
0.1|0.19600000000000004|0.0040000000000000036|0.036000000000000004|0.0726127764525884|0.07272210229418176|0.04385021248780249|0.10257779043904064
0.14800000000000002|0.19600000000000004|0.0040000000000000036|0.01200000000000001|0.11160774265918184|0.11424405920266881|0.10257779043904064|0.12010427546907838
0.052000000000000005|0.18000000000000002|0.01200000000000001|0.011999999999999997|0.0334439421158664|0.03286617091419546|0.02698094781409181|0.031097024798808548
0.14800000000000002|0.18000000000000002|0.01200000000000001|0.01200000000000001|0.11424405920266881|0.11982385948367552|0.1193871536790283|0.12409351554271023
0.052000000000000005|0.164|0.0040000000000000036|0.012000000000000025|0.03286617091419546|0.03345588693184594|0.02441081119312326|0.044270094326052355
0.1|0.164|0.0040000000000000036|0.036000000000000004|0.07671272093977617|0.07671272093977617|0.044270094326052355|0.10915525019108632
0.14800000000000002|0.164|0.0040000000000000036|0.01200000000000001|0.11982385948367552|0.11996942808522457|0.10915525019108632|0.13122025867965215
0.164|0.19600000000000004|0.0040000000000000036|0.0040000000000000036|0.12170451993409248|0.1233874274503316|0.12010427546907838|0.12532030150225945
0.18000000000000002|0.19600000000000004|0.0040000000000000036|0.01200000000000001|0.1324367836042393|0.1333937992881359|0.12532030150225945|0.14433825030102793
0.19600000000000004|0.19600000000000004|0.0040000000000000036|0.0040000000000000036|0.14508299695604648|0.15038189686214323|0.14433825030102793|0.15214243058306878
0.164|0.18000000000000002|0.01200000000000001|0.0040000000000000036|0.1233874274503316|0.1326434702117948|0.12409351554271023|0.12566230283060423
0.19600000000000004|0.18000000000000002|0.01200000000000001|0.0040000000000000036|0.15038189686214323|0.15964256422773018|0.1575683783091938|0.15927245640638935
0.164|0.164|0.0040000000000000036|0.0040000000000000036|0.1326434702117948|0.13746656105845895|0.13122025867965215|0.13855180162262995
0.18000000000000002|0.164|0.0040000000000000036|0.01200000000000001|0.14929562905601387|0.15011729209037084|0.13855180162262995|0.15757436924580423
0.19600000000000004|0.164|0.0040000000000000036|0.0040000000000000036|0.15964256422773018|0.16112461719281904|0.15757436924580423|0.16299424127258536
0.003999999999999997|0.14800000000000002|0.01200000000000001|0.003999999999999997|0.0018924355055682746|0.0014259736624265662|0.0|0.0037171307967897357
0.01999999999999999|0.14800000000000002|0.01200000000000001|0.011999999999999993|0.010550207053572708|0.009442347257668423|0.0037171307967897357|0.01405970152611906
0.03599999999999998|0.14800000000000002|0.01200000000000001|0.003999999999999997|0.01994654436406243|0.015868441247844547|0.01405970152611906|0.015598820602929806
0.003999999999999997|0.1|0.036000000000000004|0.003999999999999997|0.0014259736624265662|0.0016289318240840162|0.0|0.0002777187202157497
0.03599999999999998|0.1|0.036000000000000004|0.003999999999999997|0.015868441247844547|0.01748615037744272|0.016677306144570372|0.016677306144570372
0.003999999999999997|0.052000000000000005|0.011999999999999997|0.003999999999999997|0.0016289318240840162|0.0021932841385154125|0.0|0.004270824214052525
0.01999999999999999|0.052000000000000005|0.011999999999999997|0.011999999999999993|0.010845288899784701|0.012236892124877278|0.004270824214052525|0.0160281468492903
0.03599999999999998|0.052000000000000005|0.011999999999999997|0.003999999999999997|0.01748615037744272|0.02320822916895259|0.0160281468492903|0.017755766165792167
0.164|0.14800000000000002|0.01200000000000001|0.0040000000000000036|0.13746656105845895|0.14672196379474642|0.14495465924367779|0.14686157039785788
0.18000000000000002|0.14800000000000002|0.01200000000000001|0.01200000000000001|0.15011729209037084|0.15258230386039812|0.14686157039785788|0.16076801087121181
0.19600000000000004|0.14800000000000002|0.01200000000000001|0.0040000000000000036|0.16112461719281904|0.16613230916567384|0.16076801087121181|0.16613722573235226
0.164|0.1|0.036000000000000004|0.0040000000000000036|0.14672196379474642|0.15732563448363787|0.15202388528956343|0.15202388528956343
0.19600000000000004|0.1|0.036000000000000004|0.0040000000000000036|0.16613230916567384|0.17623130732874195|0.1740394661540478|0.17467447454682447
0.164|0.052000000000000005|0.011999999999999997|0.0040000000000000036|0.15732563448363787|0.1546412622770376|0.15909289469403118|0.16116583530962877
0.18000000000000002|0.052000000000000005|0.011999999999999997|0.01200000000000001|0.1673846571564216|0.16642048316340827|0.16116583530962877|0.17456761312910837
0.19600000000000004|0.052000000000000005|0.011999999999999997|0.0040000000000000036|0.17623130732874195|0.1775568623053457|0.17456761312910837|0.17940145757279072
0.003999999999999997|0.03599999999999998|0.003999999999999997|0.003999999999999997|0.0021932841385154125|0.0018831426685022253|0.0|0.004848640206505939
0.01999999999999999|0.03599999999999998|0.003999999999999997|0.011999999999999993|0.012236892124877278|0.012700760078804874|0.004848640206505939|0.021944477908220444
0.03599999999999998|0.03599999999999998|0.003999999999999997|0.003999999999999997|0.02320822916895259|0.026358740363573763|0.021944477908220444|0.028591415548481183
0.003999999999999997|0.01999999999999999|0.011999999999999993|0.003999999999999997|0.0018831426685022253|0.002310706575024038|0.0|0.0008387699756597712
0.03599999999999998|0.01999999999999999|0.011999999999999993|0.003999999999999997|0.026358740363573763|0.029442443877228906|0.03035781164050115|0.03199595045234676
0.003999999999999997|0.003999999999999997|0.003999999999999997|0.003999999999999997|0.002310706575024038|0.0028013522864759987|0.0|0.006093349502493562
0.01999999999999999|0.003999999999999997|0.003999999999999997|0.011999999999999993|0.015969342071637218|0.015969342071637218|0.006093349502493562|0.02584532692008367
0.03599999999999998|0.003999999999999997|0.003999999999999997|0.003999999999999997|0.029442443877228906|0.029137323538345968|0.02584532692008367|0.03212418814538089
0.052000000000000005|0.03599999999999998|0.003999999999999997|0.011999999999999997|0.03928851063984777|0.03869397600706897|0.028591415548481183|0.05176919203353437
0.1|0.03599999999999998|0.003999999999999997|0.036000000000000004|0.08921123621459416|0.08921123621459416|0.05176919203353437|0.1266531857017894
0.14800000000000002|0.03599999999999998|0.003999999999999997|0.01200000000000001|0.13913383553085448|0.13978814589547278|0.1266531857017894|0.1496514974862434
0.052000000000000005|0.01999999999999999|0.011999999999999993|0.011999999999999997|0.03869397600706897|0.04004118377864334|0.03199595045234676|0.036910374196094935
0.14800000000000002|0.01999999999999999|0.011999999999999993|0.01200000000000001|0.13978814589547278|0.1387996058245448|0.14175108423278476|0.14666546486325746
0.052000000000000005|0.003999999999999997|0.003999999999999997|0.012000000000000025|0.04004118377864334|0.04108478697282614|0.03212418814538089|0.05317617695010406
0.1|0.003999999999999997|0.003999999999999997|0.036000000000000004|0.08945034688193781|0.08945034688193781|0.05317617695010406|0.12572442148683305
0.14800000000000002|0.003999999999999997|0.003999999999999997|0.01200000000000001|0.1387996058245448|0.1378157867531828|0.12572442148683305|0.14695561046031297
0.164|0.03599999999999998|0.003999999999999997|0.0040000000000000036|0.1546412622770376|0.1519439346597066|0.1496514974862434|0.15639281421337864
0.18000000000000002|0.03599999999999998|0.003999999999999997|0.01200000000000001|0.16642048316340827|0.16609910243939535|0.15639281421337864|0.17484115298160977
0.19600000000000004|0.03599999999999998|0.003999999999999997|0.0040000000000000036|0.1775568623053457|0.1784156323590747|0.17484115298160977|0.1802070098963957
0.164|0.01999999999999999|0.011999999999999993|0.0040000000000000036|0.1519439346597066|0.1495775617070377|0.14666546486325746|0.14830359174008173
0.19600000000000004|0.01999999999999999|0.011999999999999993|0.0040000000000000036|0.1784156323590747|0.17842826029464065|0.18039701200158648|0.18171370076524845
0.164|0.003999999999999997|0.003999999999999997|0.0040000000000000036|0.1495775617070377|0.15000222591014814|0.14695561046031297|0.15347345277209198
0.18000000000000002|0.003999999999999997|0.003999999999999997|0.01200000000000001|0.16388716387782074|0.16388716387782074|0.15347345277209198|0.17430079629431874
0.19600000000000004|0.003999999999999997|0.003999999999999997|0.0040000000000000036|0.17842826029464065|0.1777720097256587|0.17430079629431874|0.18058694026043828
0.21200000000000002|0.19600000000000004|0.0040000000000000036|0.01200000000000001|0.164610543236241|0.16455407442881878|0.15214243058306878|0.17724796406525714
0.26|0.19600000000000004|0.0040000000000000036|0.036000000000000004|0.2151602492437296|0.2151602492437296|0.17724796406525714|0.25307239168857015
0.308|0.19600000000000004|0.0040000000000000036|0.01200000000000001|0.2657097789719389|0.26628081616169624|0.25307239168857015|0.27663397689959035
0.21200000000000002|0.18000000000000002|0.01200000000000001|0.01200000000000001|0.16455407442881878|0.16932751064966634|0.15927245640638935|0.16438469069797598
0.308|0.18000000000000002|0.01200000000000001|0.01200000000000001|0.26628081616169624|0.26100678147161116|0.26799394713623403|0.2766942113494602
0.21200000000000002|0.164|0.0040000000000000036|0.011999999999999983|0.16932751064966634|0.17174612108036272|0.16299424127258536|0.1815857326943136
0.26|0.164|0.0040000000000000036|0.036000000000000004|0.21341757887656523|0.21318274737407938|0.1815857326943136|0.24736268918800408
0.308|0.164|0.0040000000000000036|0.01200000000000001|0.26100678147161116|0.25602816586311417|0.24736268918800408|0.2709542428021486
0.356|0.19600000000000004|0.0040000000000000036|0.035999999999999976|0.30940657068254457|0.3077536762863196|0.27663397689959035|0.3570550491394333
0.5|0.19600000000000004|0.0040000000000000036|0.10799999999999998|0.5000005010850516|0.5000005010850516|0.3570550491394333|0.6429459194955635
0.644|0.19600000000000004|0.0040000000000000036|0.03600000000000003|0.6905943922990675|0.6922472812095205|0.6429459194955635|0.7233669573914221
0.356|0.18000000000000002|0.01200000000000001|0.035999999999999976|0.3077536762863196|0.30653659192134614|0.2766942113494602|0.3027950096725966
0.644|0.18000000000000002|0.01200000000000001|0.03600000000000003|0.6922472812095205|0.6934643685795038|0.6972059479408799|0.7233067276332985
0.356|0.164|0.0040000000000000036|0.035999999999999976|0.30653659192134614|0.30778378600426265|0.2709542428021486|0.35583796038802873
0.5|0.164|0.0040000000000000036|0.10799999999999998|0.5000005002258722|0.5000005002258722|0.35583796038802873|0.6441630066507518
0.644|0.164|0.0040000000000000036|0.03600000000000003|0.6934643685795038|0.6922171710429924|0.6441630066507518|0.7290466943783758
0.692|0.19600000000000004|0.0040000000000000036|0.01200000000000001|0.7342911442993616|0.7337201047293311|0.7233669573914221|0.7469284982929528
0.74|0.19600000000000004|0.0040000000000000036|0.03600000000000003|0.784840538051255|0.784840538051255|0.7469284982929528|0.8227527066650404
0.788|0.19600000000000004|0.0040000000000000036|0.01200000000000001|0.835390096202969|0.8354465727511681|0.8227527066650404|0.8478581303496623
0.692|0.18000000000000002|0.01200000000000001|0.01200000000000001|0.7337201047293311|0.7389941470184244|0.7233067276332985|0.7320069806808384
0.788|0.18000000000000002|0.01200000000000001|0.01200000000000001|0.8354465727511681|0.8306732036434136|0.8356159753476272|0.8407281904520527
0.692|0.164|0.0040000000000000036|0.01200000000000001|0.7389941470184244|0.743972771429337|0.7290466943783758|0.7526382225673046
0.74|0.164|0.0040000000000000036|0.03600000000000003|0.7865832653017714|0.7868180961092164|0.7526382225673046|0.8184150260052632
0.788|0.164|0.0040000000000000036|0.01200000000000001|0.8306732036434136|0.8282546164812612|0.8184150260052632|0.8370064543587437
0.21200000000000002|0.14800000000000002|0.01200000000000001|0.01200000000000001|0.17174612108036272|0.17468923025448288|0.16613722573235226|0.1836639140678087
0.26|0.14800000000000002|0.01200000000000001|0.036000000000000004|0.21318274737407938|0.21247828219437173|0.1836639140678087|0.23917917405713165
0.308|0.14800000000000002|0.01200000000000001|0.01200000000000001|0.25602816586311417|0.24903105325287864|0.23917917405713165|0.24807947824812515
0.21200000000000002|0.1|0.036000000000000004|0.01200000000000001|0.17468923025448288|0.1841849011233834|0.17467447454682447|0.1765795237556468
0.308|0.1|0.036000000000000004|0.01200000000000001|0.24903105325287864|0.2547404883074696|0.2518858060362591|0.2518858060362591
0.21200000000000002|0.052000000000000005|0.011999999999999997|0.011999999999999983|0.1841849011233834|0.18735189229501667|0.17940145757279072|0.19594184059928424
0.26|0.052000000000000005|0.011999999999999997|0.036000000000000004|0.22360725760368408|0.22480784450340568|0.19594184059928424|0.24767085296405067
0.308|0.052000000000000005|0.011999999999999997|0.01200000000000001|0.2547404883074696|0.2646647845717988|0.24767085296405067|0.2556920585294652
0.692|0.14800000000000002|0.01200000000000001|0.01200000000000001|0.743972771429337|0.7509699101162026|0.7519214670535724|0.7608217426953138
0.74|0.14800000000000002|0.01200000000000001|0.03600000000000003|0.7868180961092164|0.7875225696205381|0.7608217426953138|0.8163368675372107
0.788|0.14800000000000002|0.01200000000000001|0.01200000000000001|0.8282546164812612|0.825311562858982|0.8163368675372107|0.8338635143069683
0.692|0.1|0.036000000000000004|0.01200000000000001|0.7509699101162026|0.7452606209068203|0.7481152393040933|0.7481152393040933
0.788|0.1|0.036000000000000004|0.01200000000000001|0.825311562858982|0.815816065674351|0.8234213509076229|0.8253264030433198
0.692|0.052000000000000005|0.011999999999999997|0.01200000000000001|0.7452606209068203|0.7353363737206311|0.7443090737040711|0.7523302670155521
0.74|0.052000000000000005|0.011999999999999997|0.03600000000000003|0.7763938295655322|0.775193251055039|0.7523302670155521|0.8040591784678249
0.788|0.052000000000000005|0.011999999999999997|0.01200000000000001|0.815816065674351|0.8126491220245714|0.8040591784678249|0.8205995276317807
0.21200000000000002|0.03599999999999998|0.003999999999999997|0.01200000000000001|0.18735189229501667|0.1870878333772116|0.1802070098963957|0.19697390164731451
0.26|0.03599999999999998|0.003999999999999997|0.036000000000000004|0.22480784450340568|0.2252080401366462|0.19697390164731451|0.25704377984665766
0.308|0.03599999999999998|0.003999999999999997|0.01200000000000001|0.2646647845717988|0.27018724477543693|0.25704377984665766|0.27964564192478186
0.21200000000000002|0.01999999999999999|0.011999999999999993|0.01200000000000001|0.1870878333772116|0.1881897346099745|0.18171370076524845|0.18566377517136923
0.308|0.01999999999999999|0.011999999999999993|0.01200000000000001|0.27018724477543693|0.2770432883644319|0.27778189223205857|0.2861151166815515
0.21200000000000002|0.003999999999999997|0.003999999999999997|0.011999999999999983|0.1881897346099745|0.189031731864777|0.18058694026043828|0.20000242642739224
0.26|0.003999999999999997|0.003999999999999997|0.036000000000000004|0.23291451011523803|0.23291451011523803|0.20000242642739224|0.2658264428352268
0.308|0.003999999999999997|0.003999999999999997|0.01200000000000001|0.2770432883644319|0.2767970938373105|0.2658264428352268|0.28702907342417405
0.356|0.03599999999999998|0.003999999999999997|0.035999999999999976|0.3156154866383495|0.3144903124862697|0.27964564192478186|0.3617117759107184
0.5|0.03599999999999998|0.003999999999999997|0.10799999999999998|0.5000006437278252|0.5000006437278252|0.3617117759107184|0.6382894700254349
0.644|0.03599999999999998|0.003999999999999997|0.03600000000000003|0.6843857454579715|0.6855109197235156|0.6382894700254349|0.7203555402104008
0.356|0.01999999999999999|0.011999999999999993|0.035999999999999976|0.3144903124862697|0.3160724703766142|0.2861151166815515|0.3111147900300303
0.644|0.01999999999999999|0.011999999999999993|0.03600000000000003|0.6855109197235156|0.6839287621839291|0.6888864380005347|0.7138860880236921
0.356|0.003999999999999997|0.003999999999999997|0.035999999999999976|0.3160724703766142|0.3177250382462643|0.28702907342417405|0.3632939350185479
0.5|0.003999999999999997|0.003999999999999997|0.10799999999999998|0.5000006426611109|0.5000006426611109|0.3632939350185479|0.6367073120345857
0.644|0.003999999999999997|0.003999999999999997|0.03600000000000003|0.6839287621839291|0.6822761977221057|0.6367073120345857|0.7129721379703688
0.692|0.03599999999999998|0.003999999999999997|0.01200000000000001|0.7353363737206311|0.7298139296437931|0.7203555402104008|0.7429573741436791
0.74|0.03599999999999998|0.003999999999999997|0.03600000000000003|0.775193251055039|0.774793058218208|0.7429573741436791|0.8030271393536451
0.788|0.03599999999999998|0.003999999999999997|0.01200000000000001|0.8126491220245714|0.812913191377657|0.8030271393536451|0.8197939938663601
0.692|0.01999999999999999|0.011999999999999993|0.01200000000000001|0.7298139296437931|0.7229579132502898|0.7138860880236921|0.72221930319154
0.788|0.01999999999999999|0.011999999999999993|0.01200000000000001|0.812913191377657|0.8118113075349644|0.8143372663142556|0.8182873276426178
0.692|0.003999999999999997|0.003999999999999997|0.01200000000000001|0.7229579132502898|0.7232041166032064|0.7129721379703688|0.7341747481885155
0.74|0.003999999999999997|0.003999999999999997|0.03600000000000003|0.7670866367227566|0.7670866367227566|0.7341747481885155|0.7999986552731697
0.788|0.003999999999999997|0.003999999999999997|0.01200000000000001|0.8118113075349644|0.8109693212752007|0.7999986552731697|0.8194140968602664
0.804|0.19600000000000004|0.0040000000000000036|0.0040000000000000036|0.8549175252395449|0.8496186769179009|0.8478581303496623|0.8556622818085207
0.8200000000000001|0.19600000000000004|0.0040000000000000036|0.01200000000000001|0.8675636792688762|0.8666066817160072|0.8556622818085207|0.8746801478885056
0.8360000000000001|0.19600000000000004|0.0040000000000000036|0.0040000000000000036|0.8782959025112185|0.8766130258706211|0.8746801478885056|0.8798961532515488
0.804|0.18000000000000002|0.01200000000000001|0.0040000000000000036|0.8496186769179009|0.8403581171958248|0.8407281904520527|0.8424322621535278
0.8360000000000001|0.18000000000000002|0.01200000000000001|0.0040000000000000036|0.8766130258706211|0.8673570873863117|0.8743382002140179|0.8759069794285821
0.804|0.164|0.0040000000000000036|0.0040000000000000036|0.8403581171958248|0.8388760886795953|0.8370064543587437|0.8424263092828974
0.8200000000000001|0.164|0.0040000000000000036|0.01200000000000001|0.8507050305018187|0.8498833673590764|0.8424263092828974|0.8614488014896217
0.8360000000000001|0.164|0.0040000000000000036|0.0040000000000000036|0.8673570873863117|0.8625340434043438|0.8614488014896217|0.868780312096096
0.8520000000000001|0.19600000000000004|0.0040000000000000036|0.01200000000000001|0.8883926391558414|0.8857563615713655|0.8798961532515488|0.8974225695668447
0.9|0.19600000000000004|0.0040000000000000036|0.03599999999999992|0.9273874679271752|0.9272781490541911|0.8974225695668447|0.9561499407466872
0.948|0.19600000000000004|0.0040000000000000036|0.01200000000000001|0.9657264770664735|0.9665561742502546|0.9561499407466872|0.9731930735472687
0.8520000000000001|0.18000000000000002|0.01200000000000001|0.01200000000000001|0.8857563615713655|0.8801766405273914|0.8759069794285821|0.8806133170722743
0.948|0.18000000000000002|0.01200000000000001|0.01200000000000001|0.9665561742502546|0.9671339580289648|0.9689030911555195|0.9730191536237943
0.8520000000000001|0.164|0.0040000000000000036|0.01200000000000001|0.8801766405273914|0.8800310736685764|0.868780312096096|0.8908452069168442
0.9|0.164|0.0040000000000000036|0.03599999999999992|0.9232876066616478|0.9232876066616478|0.8908452069168442|0.955730086460983
0.948|0.164|0.0040000000000000036|0.01200000000000001|0.9671339580289648|0.9665442463940949|0.955730086460983|0.975589286388775
0.964|0.19600000000000004|0.0040000000000000036|0.0040000000000000036|0.9757103343299456|0.9753474010712189|0.9731930735472687|0.9784137678182665
0.98|0.19600000000000004|0.0040000000000000036|0.01200000000000001|0.9866595747301116|0.9866566443189245|0.9784137678182665|0.9948907374528477
0.996|0.19600000000000004|0.0040000000000000036|0.0040000000000000036|0.9976029638968774|0.9980480389319043|0.9948907374528477|1.0
0.964|0.18000000000000002|0.01200000000000001|0.0040000000000000036|0.9753474010712189|0.9775510178829642|0.9730191536237943|0.974391172370852
0.996|0.18000000000000002|0.01200000000000001|0.0040000000000000036|0.9980480389319043|0.9983812144187102|0.9992858505609457|1.0
0.964|0.164|0.0040000000000000036|0.0040000000000000036|0.9775510178829642|0.9800535379234283|0.975589286388775|0.9812233627407803
0.98|0.164|0.0040000000000000036|0.01200000000000001|0.9890805518021162|0.9894498378101252|0.9812233627407803|0.995829889718496
0.996|0.164|0.0040000000000000036|0.0040000000000000036|0.9983812144187102|0.9981075722945961|0.995829889718496|1.0
0.804|0.14800000000000002|0.01200000000000001|0.0040000000000000036|0.8388760886795953|0.8338684655948494|0.8338635143069683|0.8392327004123223
0.8200000000000001|0.14800000000000002|0.01200000000000001|0.01200000000000001|0.8498833673590764|0.8474183779308506|0.8392327004123223|0.8531390998417143
0.8360000000000001|0.14800000000000002|0.01200000000000001|0.0040000000000000036|0.8625340434043438|0.8532787350310175|0.8531390998417143|0.8550459981866989
0.804|0.1|0.036000000000000004|0.0040000000000000036|0.8338684655948494|0.8237696383480174|0.8253264030433198|0.825961411153221
0.8360000000000001|0.1|0.036000000000000004|0.0040000000000000036|0.8532787350310175|0.8426752531998886|0.8479769185885866|0.8479769185885866
0.804|0.052000000000000005|0.011999999999999997|0.0040000000000000036|0.8237696383480174|0.8224441307865664|0.8205995276317807|0.8254333608678469
0.8200000000000001|0.052000000000000005|0.011999999999999997|0.01200000000000001|0.8326162943665093|0.8335804731129658|0.8254333608678469|0.8388350971421586
0.8360000000000001|0.052000000000000005|0.011999999999999997|0.0040000000000000036|0.8426752531998886|0.8453596551901347|0.8388350971421586|0.8409080223204076
0.964|0.14800000000000002|0.01200000000000001|0.0040000000000000036|0.9800535379234283|0.9841316326339927|0.9844012479531566|0.9859403599865946
0.98|0.14800000000000002|0.01200000000000001|0.01200000000000001|0.9894498378101252|0.9905576933951203|0.9859403599865946|0.9962828851798352
0.996|0.14800000000000002|0.01200000000000001|0.0040000000000000036|0.9981075722945961|0.9985740325353726|0.9962828851798352|1.0
0.964|0.1|0.036000000000000004|0.0040000000000000036|0.9841316326339927|0.9825139591194415|0.9833227866765012|0.9833227866765012
0.996|0.1|0.036000000000000004|0.0040000000000000036|0.9985740325353726|0.9983710787569393|0.9997222828172699|1.0
0.964|0.052000000000000005|0.011999999999999997|0.0040000000000000036|0.9825139591194415|0.9767919235053326|0.9822443490241385|0.9839719581035593
0.98|0.052000000000000005|0.011999999999999997|0.01200000000000001|0.9891547826129725|0.9877631888621523|0.9839719581035593|0.9957292039239232
0.996|0.052000000000000005|0.011999999999999997|0.0040000000000000036|0.9983710787569393|0.9978067303152865|0.9957292039239232|1.0
0.804|0.03599999999999998|0.003999999999999997|0.0040000000000000036|0.8224441307865664|0.8215853778189686|0.8197939938663601|0.8251598331610815
0.8200000000000001|0.03599999999999998|0.003999999999999997|0.01200000000000001|0.8335804731129658|0.8339018569110098|0.8251598331610815|0.8436081138470706
0.8360000000000001|0.03599999999999998|0.003999999999999997|0.0040000000000000036|0.8453596551901347|0.8480569776207535|0.8436081138470706|0.8503493953826443
0.804|0.01999999999999999|0.011999999999999993|0.0040000000000000036|0.8215853778189686|0.8215727685174575|0.8182873276426178|0.8196040078042633
0.8360000000000001|0.01999999999999999|0.011999999999999993|0.0040000000000000036|0.8480569776207535|0.8504233586087796|0.8516973188345062|0.8533354365289602
0.804|0.003999999999999997|0.003999999999999997|0.0040000000000000036|0.8215727685174575|0.8222290128769427|0.8194140968602664|0.8257002214836229
0.8200000000000001|0.003999999999999997|0.003999999999999997|0.01200000000000001|0.8361138266167332|0.8361138266167332|0.8257002214836229|0.8465274855543364
0.8360000000000001|0.003999999999999997|0.003999999999999997|0.0040000000000000036|0.8504233586087796|0.8499986987271864|0.8465274855543364|0.8530452972930054
0.8520000000000001|0.03599999999999998|0.003999999999999997|0.01200000000000001|0.8608670096438619|0.8602127046359769|0.8503493953826443|0.8733475878510707
0.9|0.03599999999999998|0.003999999999999997|0.03599999999999992|0.9107893224726976|0.9107893224726976|0.8733475878510707|0.9482311388308051
0.948|0.03599999999999998|0.003999999999999997|0.01200000000000001|0.9607117442835076|0.961306275555329|0.9482311388308051|0.9714087711571214
0.8520000000000001|0.01999999999999999|0.011999999999999993|0.01200000000000001|0.8602127046359769|0.8612012525816374|0.8533354365289602|0.8582497896123218
0.948|0.01999999999999999|0.011999999999999993|0.01200000000000001|0.961306275555329|0.9599590796912475|0.9630898693707926|0.9680042616689829
0.8520000000000001|0.003999999999999997|0.003999999999999997|0.01200000000000001|0.8612012525816374|0.8621850674982922|0.8530452972930054|0.8742763613354728
0.9|0.003999999999999997|0.003999999999999997|0.03599999999999992|0.9105502205178914|0.9105502205178914|0.8742763613354728|0.9468241699992566
0.948|0.003999999999999997|0.003999999999999997|0.01200000000000001|0.9599590796912475|0.9589154831313992|0.9468241699992566|0.9678760250390069
0.964|0.03599999999999998|0.003999999999999997|0.0040000000000000036|0.9767919235053326|0.9736414326679091|0.9714087711571214|0.9780556670454178
0.98|0.03599999999999998|0.003999999999999997|0.01200000000000001|0.9877631888621523|0.9872993234528481|0.9780556670454178|0.9951513917161346
0.996|0.03599999999999998|0.003999999999999997|0.0040000000000000036|0.9978067303152865|0.998116869844071|0.9951513917161346|1.0
0.964|0.01999999999999999|0.011999999999999993|0.0040000000000000036|0.9736414326679091|0.9705577522144626|0.9680042616689829|0.9696423903266588
0.996|0.01999999999999999|0.011999999999999993|0.0040000000000000036|0.998116869844071|0.997689308619705|0.9991612355824766|1.0
0.964|0.003999999999999997|0.003999999999999997|0.0040000000000000036|0.9705577522144626|0.9708628708975303|0.9678760250390069|0.9741548442564656
0.98|0.003999999999999997|0.003999999999999997|0.01200000000000001|0.984030764333271|0.984030764333271|0.9741548442564656|0.9939066907967906
0.996|0.003999999999999997|0.003999999999999997|0.0040000000000000036|0.997689308619705|0.9971986662846305|0.9939066907967906|1.0
0.804|0.788|0.01200000000000001|0.0040000000000000036|0.8549148564198968|0.8672301747901039|0.8636251421726728|0.8653269262398732
0.8200000000000001|0.788|0.01200000000000001|0.01200000000000001|0.8675611914361243|0.8704322426283452|0.8653269262398732|0.8784086625097715
0.8360000000000001|0.788|0.01200000000000001|0.0040000000000000036|0.8782935829790872|0.8842511508663075|0.8784086625097715|0.8835896915646488
0.804|0.74|0.03600000000000003|0.0040000000000000036|0.8672301747901039|0.888860558461383|0.8780452726423968|0.8780452726423968
0.8360000000000001|0.74|0.03600000000000003|0.0040000000000000036|0.8842511508663075|0.89856813768885|0.8938021967598949|0.8943339027263515
0.804|0.692|0.01200000000000001|0.0040000000000000036|0.888860558461383|0.8931866640220665|0.8924656421513333|0.8934270247721037
0.8200000000000001|0.692|0.01200000000000001|0.01200000000000001|0.8963111726344151|0.8963111528944717|0.8934270247721037|0.8991953817381195
0.8360000000000001|0.692|0.01200000000000001|0.0040000000000000036|0.89856813768885|0.8994357083462102|0.8991953817381195|0.9018881095310743
0.8520000000000001|0.788|0.01200000000000001|0.01200000000000001|0.8883905008485584|0.8923495190406707|0.8835896915646488|0.9002957748392291
0.9|0.788|0.01200000000000001|0.03599999999999992|0.9273860546348788|0.9277140197289951|0.9002957748392291|0.9561162207953368
0.948|0.788|0.01200000000000001|0.01200000000000001|0.965725794657559|0.9672147450609517|0.9561162207953368|0.9732777249932794
0.8520000000000001|0.74|0.03600000000000003|0.01200000000000001|0.8923495190406707|0.9042938182530245|0.8943339027263515|0.8959289965347622
0.948|0.74|0.03600000000000003|0.01200000000000001|0.9672147450609517|0.9712323592067652|0.9721081298210044|0.9740311903084542
0.8520000000000001|0.692|0.01200000000000001|0.01200000000000001|0.9042938182530245|0.907082092159112|0.9018881095310743|0.9150643849435299
0.9|0.692|0.01200000000000001|0.03599999999999992|0.9390112411743672|0.9390112411743672|0.9150643849435299|0.9629581394718323
0.948|0.692|0.01200000000000001|0.01200000000000001|0.9712323592067652|0.9709404349350996|0.9629581394718323|0.9786308201931628
0.964|0.788|0.01200000000000001|0.0040000000000000036|0.9757098448641086|0.9755498730780318|0.9732777249932794|0.978548844962476
0.98|0.788|0.01200000000000001|0.01200000000000001|0.9866593065273334|0.9866680982542892|0.978548844962476|0.9947961500670666
0.996|0.788|0.01200000000000001|0.0040000000000000036|0.9976029154453475|0.9980526412682845|0.9947961500670666|1.0
0.964|0.74|0.03600000000000003|0.0040000000000000036|0.9755498730780318|0.9795637633086051|0.9740311903084542|0.9746722097373516
0.996|0.74|0.03600000000000003|0.0040000000000000036|0.9980526412682845|0.998582052867839|0.9996940630591606|1.0
0.964|0.692|0.01200000000000001|0.0040000000000000036|0.9795637633086051|0.9836450011176225|0.9786308201931628|0.9834843454968926
0.98|0.692|0.01200000000000001|0.01200000000000001|0.9903545377057248|0.99133210127458|0.9834843454968926|0.9962471718350904
0.996|0.692|0.01200000000000001|0.0040000000000000036|0.998582052867839|0.9983674962766349|0.9962471718350904|1.0
0.804|0.644|0.03600000000000003|0.0040000000000000036|0.8931866640220665|0.8953497882708578|0.8953496952527852|0.8955900513054863
0.8200000000000001|0.644|0.03600000000000003|0.01200000000000001|0.8963111528944717|0.8963110851587185|0.8955900513054863|0.8970321389834026
0.8360000000000001|0.644|0.03600000000000003|0.0040000000000000036|0.8994357083462102|0.8972725711356511|0.8970321389834026|0.8972724789728321
0.804|0.5|0.10799999999999998|0.0040000000000000036|0.8953497882708578|0.895350766091082|0.895350033109001|0.895350033109001
0.8360000000000001|0.5|0.10799999999999998|0.0040000000000000036|0.8972725711356511|0.897273528830794|0.8972728140059582|0.8972728140059582
0.804|0.356|0.035999999999999976|0.0040000000000000036|0.895350766091082|0.8931882016065191|0.8953510001907293|0.895591355294686
0.8200000000000001|0.356|0.035999999999999976|0.01200000000000001|0.8963124206065562|0.8963126524474332|0.895591355294686|0.8970334304809435
0.8360000000000001|0.356|0.035999999999999976|0.0040000000000000036|0.897273528830794|0.8994371806867533|0.8970334304809435|0.8972737671057394
0.964|0.644|0.03600000000000003|0.0040000000000000036|0.9836450011176225|0.9909971721458638|0.9909971609734215|0.9918140680193691
0.98|0.644|0.03600000000000003|0.01200000000000001|0.99133210127458|0.9942647891572118|0.9918140680193691|0.997693074599214
0.996|0.644|0.03600000000000003|0.0040000000000000036|0.9983674962766349|0.999111559298432|0.997693074599214|1.0
0.964|0.5|0.10799999999999998|0.0040000000000000036|0.9909971721458638|0.990997278817891|0.9909972056631907|0.9909972056631907
0.996|0.5|0.10799999999999998|0.0040000000000000036|0.999111559298432|0.9991115736123535|0.9999387287101309|1.0
0.964|0.356|0.035999999999999976|0.0040000000000000036|0.990997278817891|0.983645284662409|0.9909973025932984|0.9918141980947337
0.98|0.356|0.035999999999999976|0.01200000000000001|0.9942648823846157|0.9913322516377968|0.9918141980947337|0.9976931120298275
0.996|0.356|0.035999999999999976|0.0040000000000000036|0.9991115736123535|0.9983675244763256|0.9976931120298275|1.0
0.804|0.308|0.01200000000000001|0.0040000000000000036|0.8931882016065191|0.8888622850696564|0.8924672591350484|0.8934286244346779
0.8200000000000001|0.308|0.01200000000000001|0.01200000000000001|0.8963126524474332|0.8963127203335661|0.8934286244346779|0.8991969256897417
0.8360000000000001|0.308|0.01200000000000001|0.0040000000000000036|0.8994371806867533|0.8985697572498702|0.8991969256897417|0.901889635443438
0.804|0.26|0.036000000000000004|0.0040000000000000036|0.8888622850696564|0.8672325891412203|0.8780473628734802|0.8780473628734802
0.8360000000000001|0.26|0.036000000000000004|0.0040000000000000036|0.8985697572498702|0.8842532968357146|0.893804067013637|0.8943357573894986
0.804|0.21200000000000002|0.01200000000000001|0.0040000000000000036|0.8672325891412203|0.8549175252395449|0.8636276554401033|0.8653294146344568
0.8200000000000001|0.21200000000000002|0.01200000000000001|0.01200000000000001|0.8704346719274834|0.8675636792688762|0.8653294146344568|0.8784109480641763
0.8360000000000001|0.21200000000000002|0.01200000000000001|0.0040000000000000036|0.8842532968357146|0.8782959025112185|0.8784109480641763|0.88359188693485
0.8520000000000001|0.308|0.01200000000000001|0.01200000000000001|0.9070835861324781|0.9042953967286295|0.901889635443438|0.9150657503430087
0.9|0.308|0.01200000000000001|0.03599999999999992|0.9390122429746005|0.9390122429746005|0.9150657503430087|0.9629587674944504
0.948|0.308|0.01200000000000001|0.01200000000000001|0.9709409404478068|0.971232869682139|0.9629587674944504|0.978631194126036
0.8520000000000001|0.26|0.036000000000000004|0.01200000000000001|0.9042953967286295|0.8923515232983137|0.8943357573894986|0.8959308285170833
0.948|0.26|0.036000000000000004|0.01200000000000001|0.971232869682139|0.9672153885125448|0.9721086573851355|0.9740316830997504
0.8520000000000001|0.21200000000000002|0.01200000000000001|0.01200000000000001|0.8923515232983137|0.8883926391558414|0.88359188693485|0.9002976723055747
0.9|0.21200000000000002|0.01200000000000001|0.03599999999999992|0.9277154245461265|0.9273874679271752|0.9002976723055747|0.9561170783815632
0.948|0.21200000000000002|0.01200000000000001|0.01200000000000001|0.9672153885125448|0.9657264770664735|0.9561170783815632|0.9732782547448612
0.964|0.308|0.01200000000000001|0.0040000000000000036|0.983645284662409|0.9795641327066004|0.978631194126036|0.9834846369143033
0.98|0.308|0.01200000000000001|0.01200000000000001|0.9913322516377968|0.9903547072944662|0.9834846369143033|0.9962472377546654
0.996|0.308|0.01200000000000001|0.0040000000000000036|0.9983675244763256|0.9985820780030914|0.9962472377546654|1.0
0.964|0.26|0.036000000000000004|0.0040000000000000036|0.9795641327066004|0.9755503529405962|0.9740316830997504|0.974672691096063
0.996|0.26|0.036000000000000004|0.0040000000000000036|0.9985820780030914|0.9980526805029071|0.9996940689015719|1.0
0.964|0.21200000000000002|0.01200000000000001|0.0040000000000000036|0.9755503529405962|0.9757103343299456|0.9732782547448612|0.9785492716574985
0.98|0.21200000000000002|0.01200000000000001|0.01200000000000001|0.9866683659636724|0.9866595747301116|0.9785492716574985|0.9947962546528611
0.996|0.21200000000000002|0.01200000000000001|0.0040000000000000036|0.9980526805029071|0.9976029638968774|0.9947962546528611|1.0
0.804|0.996|0.0040000000000000036|0.0040000000000000036|0.8222254989704968|0.8215692515570352|0.8194105516212637|0.8256967440645356
0.8200000000000001|0.996|0.0040000000000000036|0.01200000000000001|0.8361104793466517|0.8361104793466517|0.8256967440645356|0.8465242925992698
0.8360000000000001|0.996|0.0040000000000000036|0.0040000000000000036|0.8499955636834758|0.8504202247240364|0.8465242925992698|0.8530422200749386
0.804|0.98|0.01200000000000001|0.0040000000000000036|0.8215692515570352|0.8215818762685423|0.8182837829364603|0.8196004791289322
0.8360000000000001|0.98|0.01200000000000001|0.0040000000000000036|0.8504202247240364|0.8480538298108852|0.851694207845718|0.8533323652416887
0.804|0.964|0.0040000000000000036|0.0040000000000000036|0.8215818762685423|0.8224406547006932|0.8197904910469951|0.825156386176512
0.8200000000000001|0.964|0.0040000000000000036|0.01200000000000001|0.8338985089150892|0.8335771171677085|0.825156386176512|0.8436049052239861
0.8360000000000001|0.964|0.0040000000000000036|0.0040000000000000036|0.8480538298108852|0.845356462635579|0.8436049052239861|0.8503462907806347
0.8520000000000001|0.996|0.0040000000000000036|0.01200000000000001|0.8621821613510259|0.8611983211926756|0.8530422200749386|0.8742736926307297
0.9|0.996|0.0040000000000000036|0.03599999999999992|0.9105482864698411|0.9105482864698411|0.8742736926307297|0.9468229973549431
0.948|0.996|0.0040000000000000036|0.01200000000000001|0.9589145676499772|0.9599581869475824|0.9468229973549431|0.9678753025859127
0.8520000000000001|0.98|0.01200000000000001|0.01200000000000001|0.8611983211926756|0.8602097693916422|0.8533323652416887|0.8582468007176244
0.948|0.98|0.01200000000000001|0.01200000000000001|0.9599581869475824|0.9613054134251636|0.9630890422890616|0.9680035394528264
0.8520000000000001|0.964|0.0040000000000000036|0.01200000000000001|0.8602097693916422|0.860864080550318|0.8503462907806347|0.8733449175621198
0.9|0.964|0.0040000000000000036|0.03599999999999992|0.910787402323445|0.910787402323445|0.8733449175621198|0.9482300069073093
0.948|0.964|0.0040000000000000036|0.01200000000000001|0.9613054134251636|0.9607108704705309|0.9482300069073093|0.9714081301814053
0.964|0.996|0.0040000000000000036|0.0040000000000000036|0.9708622142312247|0.9705570890246341|0.9678753025859127|0.9741542612828167
0.98|0.996|0.0040000000000000036|0.01200000000000001|0.9840304024375931|0.9840304024375931|0.9741542612828167|0.9939065525869637
0.996|0.996|0.0040000000000000036|0.0040000000000000036|0.9971986024385182|0.9976892561152367|0.9939065525869637|1.0
0.964|0.98|0.01200000000000001|0.0040000000000000036|0.9705570890246341|0.9736408393883641|0.9680035394528264|0.9696417051740814
0.996|0.98|0.01200000000000001|0.0040000000000000036|0.9976892561152367|0.9981168271148185|0.9991612165506858|1.0
0.964|0.964|0.0040000000000000036|0.0040000000000000036|0.9736408393883641|0.9767913995908701|0.9714081301814053|0.978055171533402
0.98|0.964|0.0040000000000000036|0.01200000000000001|0.987299035878518|0.9877629119474406|0.978055171533402|0.9951512821718844
0.996|0.964|0.0040000000000000036|0.0040000000000000036|0.9981168271148185|0.9978066804030927|0.9951512821718844|1.0
0.804|0.948|0.01200000000000001|0.0040000000000000036|0.8224406547006932|0.8237662186696006|0.8205960531176398|0.825429930124543
0.8200000000000001|0.948|0.01200000000000001|0.01200000000000001|0.8335771171677085|0.8326129419255663|0.825429930124543|0.838831818027483
0.8360000000000001|0.948|0.01200000000000001|0.0040000000000000036|0.845356462635579|0.842672044648256|0.838831818027483|0.8409047767281217
0.804|0.9|0.03599999999999992|0.0040000000000000036|0.8237662186696006|0.833865342886836|0.8253230771700213|0.8259580861471285
0.8360000000000001|0.9|0.03599999999999992|0.0040000000000000036|0.842672044648256|0.853275844975988|0.8479738484086585|0.8479738484086585
0.804|0.8520000000000001|0.01200000000000001|0.0040000000000000036|0.833865342886836|0.8388730889147289|0.8338604402254957|0.8392296862609959
0.8200000000000001|0.8520000000000001|0.01200000000000001|0.01200000000000001|0.8474154696024366|0.8498805098437957|0.8392296862609959|0.8531362502744325
0.8360000000000001|0.8520000000000001|0.01200000000000001|0.0040000000000000036|0.853275844975988|0.8625313639480527|0.8531362502744325|0.8550431771650977
0.964|0.948|0.01200000000000001|0.0040000000000000036|0.9767913995908701|0.9825135653651899|0.9822439481083901|0.983971595250744
0.98|0.948|0.01200000000000001|0.01200000000000001|0.9877629119474406|0.9891545366778051|0.983971595250744|0.9957291068047736
0.996|0.948|0.01200000000000001|0.0040000000000000036|0.9978066804030927|0.998371041817018|0.9957291068047736|1.0
0.964|0.9|0.03599999999999992|0.0040000000000000036|0.9825135653651899|0.9841312939716247|0.9833224171355893|0.9833224171355893
0.996|0.9|0.03599999999999992|0.0040000000000000036|0.998371041817018|0.9985740025897051|0.9997222767061519|1.0
0.964|0.8520000000000001|0.01200000000000001|0.0040000000000000036|0.9841312939716247|0.9800531247152121|0.9844009195836366|0.9859400634317286
0.98|0.8520000000000001|0.01200000000000001|0.01200000000000001|0.9905574949760042|0.9894496173458895|0.9859400634317286|0.9962828070477008
0.996|0.8520000000000001|0.01200000000000001|0.0040000000000000036|0.9985740025897051|0.9981075328743331|0.9962828070477008|1.0
0.804|0.8360000000000001|0.0040000000000000036|0.0040000000000000036|0.8388730889147289|0.8403551568380867|0.8370034496697302|0.842423361118996
0.8200000000000001|0.8360000000000001|0.0040000000000000036|0.01200000000000001|0.8498805098437957|0.8507021806309167|0.842423361118996|0.8614461148145074
0.8360000000000001|0.8360000000000001|0.0040000000000000036|0.0040000000000000036|0.8625313639480527|0.8673545098274579|0.8614461148145074|0.8687777515633188
0.804|0.8200000000000001|0.01200000000000001|0.0040000000000000036|0.8403551568380867|0.8496159117535484|0.840725265372757|0.8424293540487132
0.8360000000000001|0.8200000000000001|0.01200000000000001|0.0040000000000000036|0.8673545098274579|0.8766106565935154|0.8743357606827186|0.8759045683488182
0.804|0.804|0.0040000000000000036|0.0040000000000000036|0.8496159117535484|0.8549148564198968|0.8478553655550883|0.8556596144697413
0.8200000000000001|0.804|0.0040000000000000036|0.01200000000000001|0.8666041743720506|0.8675611914361243|0.8556596144697413|0.8746777622228187
0.8360000000000001|0.804|0.0040000000000000036|0.0040000000000000036|0.8766106565935154|0.8782935829790872|0.8746777622228187|0.8798938527403906
0.8520000000000001|0.8360000000000001|0.0040000000000000036|0.01200000000000001|0.8800287195181954|0.8801742874754259|0.8687777515633188|0.8908430571224936
0.9|0.8360000000000001|0.0040000000000000036|0.03599999999999992|0.923286069935388|0.923286069935388|0.8908430571224936|0.9557291905178762
0.948|0.8360000000000001|0.0040000000000000036|0.01200000000000001|0.9665435640453723|0.9671332908790354|0.9557291905178762|0.9755887843128804
0.8520000000000001|0.8200000000000001|0.01200000000000001|0.01200000000000001|0.8801742874754259|0.8857541588324409|0.8759045683488182|0.880610991347117
0.948|0.8200000000000001|0.01200000000000001|0.01200000000000001|0.9671332908790354|0.9665555057864427|0.9689024615768741|0.9730186024155169
0.8520000000000001|0.804|0.0040000000000000036|0.01200000000000001|0.8857541588324409|0.8883905008485584|0.8798938527403906|0.8974205858663741
0.9|0.804|0.0040000000000000036|0.03599999999999992|0.9272767311923066|0.9273860546348788|0.8974205858663741|0.9561490706703615
0.948|0.804|0.0040000000000000036|0.01200000000000001|0.9665555057864427|0.965725794657559|0.9561490706703615|0.9731925345715313
0.964|0.8360000000000001|0.0040000000000000036|0.0040000000000000036|0.9800531247152121|0.9775505556419701|0.9755887843128804|0.9812229757216178
0.98|0.8360000000000001|0.0040000000000000036|0.01200000000000001|0.9894496173458895|0.9890803248025178|0.9812229757216178|0.9958298029389596
0.996|0.8360000000000001|0.0040000000000000036|0.0040000000000000036|0.9981075328743331|0.9983811807146665|0.9958298029389596|1.0
0.964|0.8200000000000001|0.01200000000000001|0.0040000000000000036|0.9775505556419701|0.975346901443134|0.9730186024155169|0.9743906493617309
0.996|0.8200000000000001|0.01200000000000001|0.0040000000000000036|0.9983811807146665|0.9980479992538527|0.9992858359053459|1.0
0.964|0.804|0.0040000000000000036|0.0040000000000000036|0.975346901443134|0.9757098448641086|0.9731925345715313|0.9784133325162945
0.98|0.804|0.0040000000000000036|0.01200000000000001|0.9866563745781746|0.9866593065273334|0.9784133325162945|0.9948906341797075
0.996|0.804|0.0040000000000000036|0.0040000000000000036|0.9980479992538527|0.9976029154453475|0.9948906341797075|1.0
0.21200000000000002|0.996|0.0040000000000000036|0.01200000000000001|0.18902817756378143|0.18818619132880193|0.18058345765500067|0.19999880212872637
0.26|0.996|0.0040000000000000036|0.036000000000000004|0.2329106799654432|0.2329106799654432|0.19999880212872637|0.26582246682566696
0.308|0.996|0.0040000000000000036|0.01200000000000001|0.276793067000249|0.27703927023626906|0.26582246682566696|0.2870250257547517
0.21200000000000002|0.98|0.01200000000000001|0.01200000000000001|0.18818619132880193|0.1870843189206184|0.18171021190023598|0.18566025233203576
0.308|0.98|0.01200000000000001|0.01200000000000001|0.27703927023626906|0.27018327668669306|0.2777778799443293|0.2861110773988719
0.21200000000000002|0.964|0.0040000000000000036|0.011999999999999983|0.1870843189206184|0.1873483976938275|0.18020356092311282|0.1969703350882507
0.26|0.964|0.0040000000000000036|0.036000000000000004|0.22520429718065174|0.224804102869488|0.1969703350882507|0.2570398799225271
0.308|0.964|0.0040000000000000036|0.01200000000000001|0.27018327668669306|0.26466085004905504|0.2570398799225271|0.27964164792362434
0.356|0.996|0.0040000000000000036|0.035999999999999976|0.31772091153989995|0.3160683518842816|0.2870250257547517|0.3632897730906654
0.5|0.996|0.0040000000000000036|0.10799999999999998|0.49999635774296175|0.49999635774296175|0.3632897730906654|0.6367031226312615
0.644|0.996|0.0040000000000000036|0.03600000000000003|0.682272035139042|0.683924599268543|0.6367031226312615|0.7129680391133786
0.356|0.98|0.01200000000000001|0.035999999999999976|0.3160683518842816|0.3144862010677679|0.2861110773988719|0.3111106814731102
0.644|0.98|0.01200000000000001|0.03600000000000003|0.683924599268543|0.685506778297217|0.6888822916570461|0.713882008115535
0.356|0.964|0.0040000000000000036|0.035999999999999976|0.3144862010677679|0.3156113771675244|0.27964164792362434|0.361707625777474
0.5|0.964|0.0040000000000000036|0.10799999999999998|0.4999963716073228|0.4999963716073228|0.361707625777474|0.6382852901370785
0.644|0.964|0.0040000000000000036|0.03600000000000003|0.685506778297217|0.6843815963136638|0.6382852901370785|0.7203515091592714
0.692|0.996|0.0040000000000000036|0.01200000000000001|0.7232000404381576|0.7229538481480166|0.7129680391133786|0.7341707179417897
0.74|0.996|0.0040000000000000036|0.03600000000000003|0.7670827407203196|0.7670827407203196|0.7341707179417897|0.7999949673602532
0.788|0.996|0.0040000000000000036|0.01200000000000001|0.8109657095735645|0.8118077133472118|0.7999949673602532|0.8194105516212637
0.692|0.98|0.01200000000000001|0.01200000000000001|0.7229538481480166|0.7298099122402493|0.713882008115535|0.7222152351897444
0.788|0.98|0.01200000000000001|0.01200000000000001|0.8118077133472118|0.8129096272718179|0.8143336943590446|0.8182837829364603
0.692|0.964|0.0040000000000000036|0.01200000000000001|0.7298099122402493|0.7353323975274659|0.7203515091592714|0.7429534172148825
0.74|0.964|0.0040000000000000036|0.03600000000000003|0.7747892543172055|0.7751894625706841|0.7429534172148825|0.8030235197033501
0.788|0.964|0.0040000000000000036|0.01200000000000001|0.8129096272718179|0.8126455646640592|0.8030235197033501|0.8197904910469951
0.21200000000000002|0.948|0.01200000000000001|0.01200000000000001|0.1873483976938275|0.18418148503915135|0.1793980422737056|0.195938305035289
0.26|0.948|0.01200000000000001|0.036000000000000004|0.224804102869488|0.2236035328149555|0.195938305035289|0.2476670121728456
0.308|0.948|0.01200000000000001|0.01200000000000001|0.26466085004905504|0.2547366433579832|0.2476670121728456|0.25568817705073493
0.21200000000000002|0.9|0.03599999999999992|0.01200000000000001|0.18418148503915135|0.17468609133084959|0.17467121574948688|0.1765762579054503
0.308|0.9|0.03599999999999992|0.01200000000000001|0.2547366433579832|0.24902743340419214|0.25188205697462945|0.25188205697462945
0.21200000000000002|0.8520000000000001|0.01200000000000001|0.011999999999999983|0.17468609133084959|0.17174307250061696|0.16613419933633294|0.18366075707182938
0.26|0.8520000000000001|0.01200000000000001|0.036000000000000004|0.2124749351057508|0.21317940733787935|0.18366075707182938|0.2391756527755631
0.308|0.8520000000000001|0.01200000000000001|0.01200000000000001|0.24902743340419214|0.2560245793321014|0.2391756527755631|0.24807589717555809
0.692|0.948|0.01200000000000001|0.01200000000000001|0.7353323975274659|0.745256730493553|0.7443051485779636|0.7523263829330497
0.74|0.948|0.01200000000000001|0.03600000000000003|0.7751894625706841|0.7763900482699038|0.7523263829330497|0.8040555974528119
0.788|0.948|0.01200000000000001|0.01200000000000001|0.8126455646640592|0.8158125905178288|0.8040555974528119|0.8205960531176398
0.692|0.9|0.03599999999999992|0.01200000000000001|0.745256730493553|0.7509662489934095|0.7481114482692311|0.7481114482692311
0.788|0.9|0.03599999999999992|0.01200000000000001|0.8158125905178288|0.8253083691860003|0.8234180203626933|0.8253230771700213
0.692|0.8520000000000001|0.01200000000000001|0.01200000000000001|0.7509662489934095|0.7439691471000127|0.7519178371239574|0.7608181784658467
0.74|0.8520000000000001|0.01200000000000001|0.03600000000000003|0.7875191660225592|0.7868146933733178|0.7608181784658467|0.8163336556009667
0.788|0.8520000000000001|0.01200000000000001|0.01200000000000001|0.8253083691860003|0.8282515153149703|0.8163336556009667|0.8338604402254957
0.21200000000000002|0.8360000000000001|0.0040000000000000036|0.01200000000000001|0.17174307250061696|0.16932450550798678|0.1629912914706491|0.18158262113611684
0.26|0.8360000000000001|0.0040000000000000036|0.036000000000000004|0.21317940733787935|0.21341423141525548|0.18158262113611684|0.2473591627330234
0.308|0.8360000000000001|0.0040000000000000036|0.01200000000000001|0.2560245793321014|0.26100319116080933|0.2473591627330234|0.27095062842840373
0.21200000000000002|0.8200000000000001|0.01200000000000001|0.01200000000000001|0.16932450550798678|0.16455118466845195|0.15926958324936633|0.16438176454655667
0.308|0.8200000000000001|0.01200000000000001|0.01200000000000001|0.26100319116080933|0.26627723174123535|0.2679903407702207|0.27669058643606875
0.21200000000000002|0.804|0.0040000000000000036|0.011999999999999983|0.16455118466845195|0.16460765804241703|0.15213970647714256|0.17724498973986602
0.26|0.804|0.0040000000000000036|0.036000000000000004|0.21515698483221302|0.21515698483221302|0.17724498973986602|0.25306889521684367
0.308|0.804|0.0040000000000000036|0.01200000000000001|0.26627723174123535|0.2657061986783873|0.25306889521684367|0.2766303668930648
0.356|0.8360000000000001|0.0040000000000000036|0.035999999999999976|0.3077800921146855|0.3065328976384793|0.27095062842840373|0.35583423568266237
0.5|0.8360000000000001|0.0040000000000000036|0.10799999999999998|0.49999667038671075|0.49999667038671075|0.35583423568266237|0.6441592686407009
0.644|0.8360000000000001|0.0040000000000000036|0.03600000000000003|0.6922134593788067|0.6934606550460196|0.6441592686407009|0.7290430504054447
0.356|0.8200000000000001|0.01200000000000001|0.035999999999999976|0.3065328976384793|0.3077499839108536|0.27669058643606875|0.30279132343361287
0.644|0.8200000000000001|0.01200000000000001|0.03600000000000003|0.6934606550460196|0.6922435785336136|0.6972022420476579|0.7233030796351584
0.356|0.804|0.0040000000000000036|0.035999999999999976|0.3077499839108536|0.30940287153709733|0.2766303668930648|0.3570513193202037
0.5|0.804|0.0040000000000000036|0.10799999999999998|0.4999966693496446|0.4999966693496446|0.3570513193202037|0.6429421841018841
0.644|0.804|0.0040000000000000036|0.03600000000000003|0.6922435785336136|0.6905906803832993|0.6429421841018841|0.7233633316434562
0.692|0.8360000000000001|0.0040000000000000036|0.01200000000000001|0.7439691471000127|0.7389905318566665|0.7290430504054447|0.752634655189053
0.74|0.8360000000000001|0.0040000000000000036|0.03600000000000003|0.7868146933733178|0.786579869156904|0.752634655189053|0.8184118612390875
0.788|0.8360000000000001|0.0040000000000000036|0.01200000000000001|0.8282515153149703|0.8306701437860836|0.8184118612390875|0.8370034496697302
0.692|0.8200000000000001|0.01200000000000001|0.01200000000000001|0.7389905318566665|0.7337164993318647|0.7233030796351584|0.7320033502378209
0.788|0.8200000000000001|0.01200000000000001|0.01200000000000001|0.8306701437860836|0.8354436362438157|0.8356129993448889|0.840725265372757
0.692|0.804|0.0040000000000000036|0.01200000000000001|0.7337164993318647|0.734287537576341|0.7233633316434562|0.746924961091675
0.74|0.804|0.0040000000000000036|0.03600000000000003|0.7848372316376774|0.7848372316376774|0.746924961091675|0.8227496942285681
0.788|0.804|0.0040000000000000036|0.01200000000000001|0.8354436362438157|0.8353871693331073|0.8227496942285681|0.8478553655550883
0.003999999999999997|0.996|0.0040000000000000036|0.003999999999999997|0.0028012897014404545|0.002310654992320608|0.0|0.00609321336755332
0.01999999999999999|0.996|0.0040000000000000036|0.011999999999999993|0.015968985288955486|0.015968985288955486|0.00609321336755332|0.02584475214983628
0.03599999999999998|0.996|0.0040000000000000036|0.003999999999999997|0.02913667443679654|0.029441790001084565|0.02584475214983628|0.03212347679719565
0.003999999999999997|0.98|0.01200000000000001|0.003999999999999997|0.002310654992320608|0.0018831005992723936|0.0|0.000838751184305208
0.03599999999999998|0.98|0.01200000000000001|0.003999999999999997|0.029441790001084565|0.026358156396637047|0.03035713783542868|0.03199524265165457
0.003999999999999997|0.964|0.0040000000000000036|0.003999999999999997|0.0018831005992723936|0.0021932352710278846|0.0|0.004848532298777424
0.01999999999999999|0.964|0.0040000000000000036|0.011999999999999993|0.01270047769175271|0.012236619968024269|0.004848532298777424|0.02194399235598167
0.03599999999999998|0.964|0.0040000000000000036|0.003999999999999997|0.026358156396637047|0.023207715759381613|0.02194399235598167|0.028590785279805523
0.052000000000000005|0.996|0.0040000000000000036|0.011999999999999997|0.0410838853809234|0.04004030269907423|0.03212347679719565|0.05317502439163509
0.1|0.996|0.0040000000000000036|0.036000000000000004|0.08944844450051821|0.08944844450051821|0.05317502439163509|0.1257217970212557
0.14800000000000002|0.996|0.0040000000000000036|0.01200000000000001|0.13781292006852716|0.13879672267241966|0.1257217970212557|0.14695257667112643
0.052000000000000005|0.98|0.01200000000000001|0.011999999999999997|0.04004030269907423|0.03869312788248821|0.03199524265165457|0.036909560524772365
0.14800000000000002|0.98|0.01200000000000001|0.01200000000000001|0.13879672267241966|0.13978525595841662|0.14174814402842595|0.14666243494869216
0.052000000000000005|0.964|0.0040000000000000036|0.012000000000000025|0.03869312788248821|0.039287652226622574|0.028590785279805523|0.05176807645373909
0.1|0.964|0.0040000000000000036|0.036000000000000004|0.08920934913508864|0.08920934913508864|0.05176807645373909|0.12665056064544666
0.14800000000000002|0.964|0.0040000000000000036|0.01200000000000001|0.13978525595841662|0.13913096448223267|0.12665056064544666|0.1496484438066393
0.164|0.996|0.0040000000000000036|0.0040000000000000036|0.14999913517299798|0.14957448556020014|0.14695257667112643|0.15347031454354662
0.18000000000000002|0.996|0.0040000000000000036|0.01200000000000001|0.16388387199138546|0.16388387199138546|0.15347031454354662|0.17429738002491316
0.19600000000000004|0.996|0.0040000000000000036|0.0040000000000000036|0.1777685560315977|0.17842480037800773|0.17429738002491316|0.18058345765500067
0.164|0.98|0.01200000000000001|0.0040000000000000036|0.14957448556020014|0.15194083566660974|0.14666243494869216|0.14830053672180663
0.19600000000000004|0.98|0.01200000000000001|0.0040000000000000036|0.17842480037800773|0.17841219067972638|0.18039353846658027|0.18171021190023598
0.164|0.964|0.0040000000000000036|0.0040000000000000036|0.15194083566660974|0.15463813217062222|0.1496484438066393|0.1563896547614939
0.18000000000000002|0.964|0.0040000000000000036|0.01200000000000001|0.16609580830165097|0.16641719573037528|0.1563896547614939|0.17483775940082966
0.19600000000000004|0.964|0.0040000000000000036|0.0040000000000000036|0.17841219067972638|0.17755344121314653|0.17483775940082966|0.18020356092311282
0.003999999999999997|0.948|0.01200000000000001|0.003999999999999997|0.0021932352710278846|0.001628895558939186|0.0|0.004270729078584187
0.01999999999999999|0.948|0.01200000000000001|0.011999999999999993|0.012236619968024269|0.010845047218931978|0.004270729078584187|0.016027789658259472
0.03599999999999998|0.948|0.01200000000000001|0.003999999999999997|0.023207715759381613|0.01748576436984935|0.016027789658259472|0.017755371305352485
0.003999999999999997|0.9|0.03599999999999992|0.003999999999999997|0.001628895558939186|0.0014259441087183832|0.0|0.00027771271825893947
0.03599999999999998|0.9|0.03599999999999992|0.003999999999999997|0.01748576436984935|0.015868109232454783|0.01667694427586443|0.01667694427586443
0.003999999999999997|0.8520000000000001|0.01200000000000001|0.003999999999999997|0.0014259441087183832|0.0018923967112589523|0.0|0.0037170541199905856
0.01999999999999999|0.8520000000000001|0.01200000000000001|0.011999999999999993|0.009442152517599885|0.01054999043482558|0.0037170541199905856|0.0140594106610347
0.03599999999999998|0.8520000000000001|0.01200000000000001|0.003999999999999997|0.015868109232454783|0.019946139042424905|0.0140594106610347|0.015598497551318233
0.164|0.948|0.01200000000000001|0.0040000000000000036|0.15463813217062222|0.15732248803754098|0.15908970328271316|0.16116261696617193
0.18000000000000002|0.948|0.01200000000000001|0.01200000000000001|0.16641719573037528|0.1673813580165483|0.16116261696617193|0.17456424116732594
0.19600000000000004|0.948|0.01200000000000001|0.0040000000000000036|0.17755344121314653|0.17622795251048406|0.17456424116732594|0.1793980422737056
0.164|0.9|0.03599999999999992|0.0040000000000000036|0.15732248803754098|0.14671912888270233|0.15202086254974892|0.15202086254974892
0.19600000000000004|0.9|0.03599999999999992|0.0040000000000000036|0.17622795251048406|0.16612924080921207|0.1740362033891808|0.17467121574948688
0.164|0.8520000000000001|0.01200000000000001|0.0040000000000000036|0.14671912888270233|0.13746393184954345|0.14495188432702014|0.14685876841473508
0.18000000000000002|0.8520000000000001|0.01200000000000001|0.01200000000000001|0.15257944093610554|0.15011447372822836|0.14685876841473508|0.16076505019594325
0.19600000000000004|0.8520000000000001|0.01200000000000001|0.0040000000000000036|0.16612924080921207|0.16112166284097149|0.16076505019594325|0.16613419933633294
0.003999999999999997|0.8360000000000001|0.0040000000000000036|0.003999999999999997|0.0018923967112589523|0.0016187590698366957|0.0|0.004170042084094432
0.01999999999999999|0.8360000000000001|0.0040000000000000036|0.011999999999999993|0.01054999043482558|0.010919270234285043|0.004170042084094432|0.018776332213166606
0.03599999999999998|0.8360000000000001|0.0040000000000000036|0.003999999999999997|0.019946139042424905|0.022448617169032185|0.018776332213166606|0.024410319231948894
0.003999999999999997|0.8200000000000001|0.01200000000000001|0.003999999999999997|0.0016187590698366957|0.001951929084522363|0.0|0.0007141376835365392
0.03599999999999998|0.8200000000000001|0.01200000000000001|0.003999999999999997|0.022448617169032185|0.02465219760005158|0.02560841005774735|0.02698040874777703
0.003999999999999997|0.804|0.0040000000000000036|0.003999999999999997|0.001951929084522363|0.0023969966847170693|0.0|0.005109178427573067
0.01999999999999999|0.804|0.0040000000000000036|0.011999999999999993|0.01334313600229673|0.013340205157508547|0.005109178427573067|0.02158587809691708
0.03599999999999998|0.804|0.0040000000000000036|0.003999999999999997|0.02465219760005158|0.024289269559396556|0.02158587809691708|0.02680648853926061
0.052000000000000005|0.8360000000000001|0.0040000000000000036|0.011999999999999997|0.03345521830941413|0.032865514936527104|0.024410319231948894|0.04426921398701478
0.1|0.8360000000000001|0.0040000000000000036|0.036000000000000004|0.07671120539018812|0.07671120539018812|0.04426921398701478|0.10915313516273108
0.14800000000000002|0.8360000000000001|0.0040000000000000036|0.01200000000000001|0.11996711175357874|0.11982154942509163|0.10915313516273108|0.13121773870618308
0.052000000000000005|0.8200000000000001|0.01200000000000001|0.011999999999999997|0.032865514936527104|0.033443283723604465|0.02698040874777703|0.031096404817866047
0.14800000000000002|0.8200000000000001|0.01200000000000001|0.01200000000000001|0.11982154942509163|0.11424188133748044|0.11938486243963033|0.12409113790061196
0.052000000000000005|0.804|0.0040000000000000036|0.012000000000000025|0.033443283723604465|0.03427296899487895|0.02680648853926061|0.04384935829270733
0.1|0.804|0.0040000000000000036|0.036000000000000004|0.0727207017070967|0.07261138417510297|0.04384935829270733|0.10257584115434702
0.14800000000000002|0.804|0.0040000000000000036|0.01200000000000001|0.11424188133748044|0.11160563458193307|0.10257584115434702|0.12010200918565751
0.164|0.8360000000000001|0.0040000000000000036|0.0040000000000000036|0.13746393184954345|0.1326409348646899|0.13121773870618308|0.1385491656895106
0.18000000000000002|0.8360000000000001|0.0040000000000000036|0.01200000000000001|0.15011447372822836|0.1492928247514985|0.1385491656895106|0.15757147620140788
0.19600000000000004|0.8360000000000001|0.0040000000000000036|0.0040000000000000036|0.16112166284097149|0.1596396456116106|0.15757147620140788|0.1629912914706491
0.164|0.8200000000000001|0.01200000000000001|0.0040000000000000036|0.1326409348646899|0.12338509955293404|0.12409113790061196|0.12565990122841686
0.19600000000000004|0.8200000000000001|0.01200000000000001|0.0040000000000000036|0.1596396456116106|0.15037917267078071|0.1575655228169695|0.15926958324936633
0.164|0.804|0.0040000000000000036|0.0040000000000000036|0.12338509955293404|0.12170223486936707|0.12010200918565751|0.12531795179582034
0.18000000000000002|0.804|0.0040000000000000036|0.01200000000000001|0.13339132977390025|0.13243433619918388|0.12531795179582034|0.14433562315255877
0.19600000000000004|0.804|0.0040000000000000036|0.0040000000000000036|0.15037917267078071|0.14508036774038688|0.14433562315255877|0.15213970647714256
0.003999999999999997|0.788|0.01200000000000001|0.003999999999999997|0.0023969966847170693|0.001947287462310047|0.0|0.005203659594854269
0.01999999999999999|0.788|0.01200000000000001|0.011999999999999993|0.013340205157508547|0.013331415092223808|0.005203659594854269|0.02145037719440141
0.03599999999999998|0.788|0.01200000000000001|0.003999999999999997|0.024289269559396556|0.02444924444629937|0.02145037719440141|0.02672130955029127
0.003999999999999997|0.74|0.03600000000000003|0.003999999999999997|0.001947287462310047|0.0014178976244554173|0.0|0.00030592595926819404
0.03599999999999998|0.74|0.03600000000000003|0.003999999999999997|0.02444924444629937|0.020435520310611174|0.025326885347016354|0.025967882991469494
0.003999999999999997|0.692|0.01200000000000001|0.003999999999999997|0.0014178976244554173|0.0016324473506972588|0.0|0.0037526979201195952
0.01999999999999999|0.692|0.01200000000000001|0.011999999999999993|0.00964512684584267|0.008667599606464096|0.0037526979201195952|0.01651508099711793
0.03599999999999998|0.692|0.01200000000000001|0.003999999999999997|0.020435520310611174|0.016354434538309575|0.01651508099711793|0.021368440026702247
0.052000000000000005|0.788|0.01200000000000001|0.011999999999999997|0.03427296899487895|0.03278407702706716|0.02672130955029127|0.043882216281617856
0.1|0.788|0.01200000000000001|0.036000000000000004|0.07261138417510297|0.07228343157912179|0.043882216281617856|0.09970076445786108
0.14800000000000002|0.788|0.01200000000000001|0.01200000000000001|0.11160563458193307|0.10764677750958224|0.09970076445786108|0.1164063116330617
0.052000000000000005|0.74|0.03600000000000003|0.011999999999999997|0.03278407702706716|0.0287666397379403|0.025967882991469494|0.0278908759248289
0.14800000000000002|0.74|0.03600000000000003|0.01200000000000001|0.10764677750958224|0.09570299289933952|0.10406747507040093|0.10566251382618556
0.052000000000000005|0.692|0.01200000000000001|0.012000000000000025|0.0287666397379403|0.029058562964179965|0.021368440026702247|0.037040601659231794
0.1|0.692|0.01200000000000001|0.036000000000000004|0.06098671774438728|0.06098671774438728|0.037040601659231794|0.08493280839413075
0.14800000000000002|0.692|0.01200000000000001|0.01200000000000001|0.09570299289933952|0.09291483861071193|0.08493280839413075|0.09810869048754421
0.164|0.788|0.01200000000000001|0.0040000000000000036|0.12170223486936707|0.1157448915387765|0.1164063116330617|0.1215871854198241
0.18000000000000002|0.788|0.01200000000000001|0.01200000000000001|0.13243433619918388|0.12956337560043057|0.1215871854198241|0.13466856996266827
0.19600000000000004|0.788|0.01200000000000001|0.0040000000000000036|0.14508036774038688|0.13276539643209723|0.13466856996266827|0.13637030828069197
0.164|0.74|0.03600000000000003|0.0040000000000000036|0.1157448915387765|0.10142852959494125|0.10566251382618556|0.10619420004176257
0.19600000000000004|0.74|0.03600000000000003|0.0040000000000000036|0.13276539643209723|0.1111358453149281|0.12195068200772742|0.12195068200772742
0.164|0.692|0.01200000000000001|0.0040000000000000036|0.10142852959494125|0.100561086869391|0.09810869048754421|0.10080135512872485
0.18000000000000002|0.692|0.01200000000000001|0.01200000000000001|0.10368550275536206|0.10368556361366943|0.10080135512872485|0.10656955049823516
0.19600000000000004|0.692|0.01200000000000001|0.0040000000000000036|0.1111358453149281|0.10680997135304256|0.10656955049823516|0.10753090732086454
0.003999999999999997|0.644|0.03600000000000003|0.003999999999999997|0.0016324473506972588|0.0008884109326395134|0.0|0.0023068478511938688
0.01999999999999999|0.644|0.03600000000000003|0.011999999999999993|0.008667599606464096|0.005735018197037822|0.0023068478511938688|0.008185660307216418
0.03599999999999998|0.644|0.03600000000000003|0.003999999999999997|0.016354434538309575|0.009002564055605221|0.008185660307216418|0.009002541010609282
0.003999999999999997|0.5|0.10799999999999998|0.003999999999999997|0.0008884109326395134|0.0008884251274180714|0.0|6.127021785984326e-05
0.03599999999999998|0.5|0.10799999999999998|0.003999999999999997|0.009002564055605221|0.009002669125143468|0.009002633190593044|0.009002633190593044
0.003999999999999997|0.356|0.035999999999999976|0.003999999999999997|0.0008884251274180714|0.0016324753650643533|0.0|0.0023068850130988383
0.01999999999999999|0.356|0.035999999999999976|0.011999999999999993|0.005735110389083794|0.008667748379167579|0.0023068850130988383|0.008185788570280166
0.03599999999999998|0.356|0.035999999999999976|0.003999999999999997|0.009002669125143468|0.0163547157693179|0.008185788570280166|0.009002681297345622
0.164|0.644|0.03600000000000003|0.0040000000000000036|0.100561086869391|0.102724651039054|0.10272443002071192|0.10296476324762761
0.18000000000000002|0.644|0.03600000000000003|0.01200000000000001|0.10368556361366943|0.1036857629283746|0.10296476324762761|0.1044068133192761
0.19600000000000004|0.644|0.03600000000000003|0.0040000000000000036|0.10680997135304256|0.10464738690612464|0.1044068133192761|0.104647169449262
0.164|0.5|0.10799999999999998|0.0040000000000000036|0.102724651039054|0.10272559577265701|0.10272531409408024|0.10272531409408024
0.19600000000000004|0.5|0.10799999999999998|0.0040000000000000036|0.10464738690612464|0.104648332617393|0.10464805727576881|0.10464805727576881
0.164|0.356|0.035999999999999976|0.0040000000000000036|0.10272559577265701|0.100562540928536|0.10272568966551594|0.10296602739035063
0.18000000000000002|0.356|0.035999999999999976|0.01200000000000001|0.10368706861846129|0.10368702708291345|0.10296602739035063|0.10440809075632629
0.19600000000000004|0.356|0.035999999999999976|0.0040000000000000036|0.104648332617393|0.1068114732651922|0.10440809075632629|0.10464843382086453
0.003999999999999997|0.308|0.01200000000000001|0.003999999999999997|0.0016324753650643533|0.0014179224399942854|0.0|0.0037527631013788616
0.01999999999999999|0.308|0.01200000000000001|0.011999999999999993|0.008667748379167579|0.009645294375862177|0.0037527631013788616|0.016515369038947045
0.03599999999999998|0.308|0.01200000000000001|0.003999999999999997|0.0163547157693179|0.020435885093833872|0.016515369038947045|0.021368811103857792
0.003999999999999997|0.26|0.036000000000000004|0.003999999999999997|0.0014179224399942854|0.001947326190535091|0.0|0.0003059317505034781
0.03599999999999998|0.26|0.036000000000000004|0.003999999999999997|0.020435885093833872|0.024449718708240743|0.02532735859540949|0.025968367490446294
0.003999999999999997|0.21200000000000002|0.01200000000000001|0.003999999999999997|0.001947326190535091|0.00239704457983276|0.0|0.0052037631222183285
0.01999999999999999|0.21200000000000002|0.01200000000000001|0.011999999999999993|0.013331679457056822|0.013340470904213968|0.0052037631222183285|0.02145079871034861
0.03599999999999998|0.21200000000000002|0.01200000000000001|0.003999999999999997|0.024449718708240743|0.02428974941305826|0.02145079871034861|0.02672183115873679
0.052000000000000005|0.308|0.01200000000000001|0.011999999999999997|0.029059064581665784|0.028767145520518025|0.021368811103857792|0.03704122350832276
0.1|0.308|0.01200000000000001|0.036000000000000004|0.060987706126775613|0.060987706126775613|0.03704122350832276|0.08493415630404731
0.14800000000000002|0.308|0.01200000000000001|0.01200000000000001|0.09291630636313787|0.09570454822872813|0.08493415630404731|0.09811019013045691
0.052000000000000005|0.26|0.036000000000000004|0.011999999999999997|0.028767145520518025|0.03278470829959342|0.025968367490446294|0.02789139600137686
0.14800000000000002|0.26|0.036000000000000004|0.01200000000000001|0.09570454822872813|0.10764875020893634|0.10406928031363816|0.10566434174255897
0.052000000000000005|0.21200000000000002|0.01200000000000001|0.012000000000000025|0.03278470829959342|0.03427364124966951|0.02672183115873679|0.04388306273818939
0.1|0.21200000000000002|0.01200000000000001|0.036000000000000004|0.07228481192994061|0.0726127764525884|0.04388306273818939|0.09970263311301195
0.14800000000000002|0.21200000000000002|0.01200000000000001|0.01200000000000001|0.10764875020893634|0.11160774265918184|0.09970263311301195|0.11640847605422405
0.164|0.308|0.01200000000000001|0.0040000000000000036|0.100562540928536|0.10143012627421842|0.09811019013045691|0.10080286684910517
0.18000000000000002|0.308|0.01200000000000001|0.01200000000000001|0.10368702708291345|0.10368701323773086|0.10080286684910517|0.10657111811940881
0.19600000000000004|0.308|0.01200000000000001|0.0040000000000000036|0.1068114732651922|0.11113754754889364|0.10657111811940881|0.10753249353504003
0.164|0.26|0.036000000000000004|0.0040000000000000036|0.10143012627421842|0.1157470071061099|0.10566434174255897|0.10619603768081856
0.19600000000000004|0.26|0.036000000000000004|0.0040000000000000036|0.11113754754889364|0.13276776675252255|0.12195273834642834|0.12195273834642834
0.164|0.21200000000000002|0.01200000000000001|0.0040000000000000036|0.1157470071061099|0.12170451993409248|0.11640847605422405|0.12158943889973833
0.18000000000000002|0.21200000000000002|0.01200000000000001|0.01200000000000001|0.12956575822275945|0.1324367836042393|0.12158943889973833|0.13467102356929486
0.19600000000000004|0.21200000000000002|0.01200000000000001|0.0040000000000000036|0.13276776675252255|0.14508299695604648|0.13467102356929486|0.13637278607093514
