500runs
0.03200000000000001|0.368|0.03199999999999997|0.03200000000000001|0.017714989631268396|0.01274294853448628|0.0|0.04275767076277172
0.08000000000000002|0.368|0.03199999999999997|0.016|0.05435683185986541|0.054983507699665854|0.04275767076277172|0.0675289417852658
0.12800000000000003|0.368|0.03199999999999997|0.032000000000000015|0.0906993940745294|0.09741355447883239|0.0675289417852658|0.1148287903730486
0.03200000000000001|0.32|0.016000000000000014|0.03200000000000001|0.01274294853448628|0.012164585663281527|0.0|0.009962682409067447
0.12800000000000003|0.32|0.016000000000000014|0.032000000000000015|0.09741355447883239|0.09568080529203014|0.09981268469069282|0.11288621841314307
0.03200000000000001|0.272|0.03200000000000003|0.03200000000000001|0.012164585663281527|0.015664062490377054|0.0|0.03844503337657635
0.08000000000000002|0.272|0.03200000000000003|0.016|0.04938261441927661|0.04590852970045972|0.03844503337657635|0.062061294329587124
0.12800000000000003|0.272|0.03200000000000003|0.032000000000000015|0.09568080529203014|0.07442381846120366|0.062061294329587124|0.11750692517052529
0.17600000000000002|0.368|0.03199999999999997|0.015999999999999986|0.12309071878895107|0.12159620533034016|0.1148287903730486|0.14064623826021738
0.2|0.368|0.03199999999999997|0.008000000000000007|0.14538985566195547|0.14799731882354392|0.14064623826021738|0.15601430362119056
0.224|0.368|0.03199999999999997|0.015999999999999986|0.16705856896917018|0.18589944679223325|0.15601430362119056|0.18364620516392302
0.17600000000000002|0.32|0.016000000000000014|0.015999999999999986|0.12159620533034016|0.12380008058049533|0.11288621841314307|0.11942298527436822
0.224|0.32|0.016000000000000014|0.015999999999999986|0.18589944679223325|0.19216659022342597|0.1928236197739832|0.20042171306436316
0.17600000000000002|0.272|0.03200000000000003|0.015999999999999986|0.12380008058049533|0.13254977908624932|0.11750692517052529|0.15197561095510023
0.2|0.272|0.03200000000000003|0.008000000000000007|0.1616862262609536|0.1616862262609536|0.15197561095510023|0.17140717143582349
0.224|0.272|0.03200000000000003|0.015999999999999986|0.19216659022342597|0.19084446052841902|0.17140717143582349|0.20962931651902236
0.272|0.368|0.03199999999999997|0.03200000000000003|0.1985818787284848|0.21269657198153616|0.18364620516392302|0.2325039158003924
0.32|0.368|0.03199999999999997|0.016000000000000014|0.23503779677299685|0.2453289153734075|0.2325039158003924|0.2633121457547656
0.368|0.368|0.03199999999999997|0.03199999999999997|0.2663867629926355|0.32198226667668967|0.2633121457547656|0.34541058157240373
0.272|0.32|0.016000000000000014|0.03200000000000003|0.21269657198153616|0.22614568436283214|0.20042171306436316|0.21561510058923142
0.368|0.32|0.016000000000000014|0.03199999999999997|0.32198226667668967|0.33568919669379216|0.3333386465078579|0.3513660504375788
0.272|0.272|0.03200000000000003|0.03200000000000003|0.22614568436283214|0.27104070418485404|0.20962931651902236|0.2819938391573448
0.32|0.272|0.03200000000000003|0.016000000000000014|0.29939124448590265|0.30686714106709595|0.2819938391573448|0.31305626157326943
0.368|0.272|0.03200000000000003|0.03199999999999997|0.33568919669379216|0.346451188167041|0.31305626157326943|0.3663549520304709
0.03200000000000001|0.224|0.015999999999999986|0.03200000000000001|0.015664062490377054|0.012713329417626902|0.0|0.03451828430830786
0.08000000000000002|0.224|0.015999999999999986|0.016|0.04590852970045972|0.04417148734105128|0.03451828430830786|0.052090300784968756
0.12800000000000003|0.224|0.015999999999999986|0.032000000000000015|0.07442381846120366|0.0693544997860397|0.052090300784968756|0.06792792767280373
0.03200000000000001|0.2|0.008000000000000007|0.03200000000000001|0.012713329417626902|0.013081264348011176|0.0|0.011464055005029844
0.12800000000000003|0.2|0.008000000000000007|0.032000000000000015|0.0693544997860397|0.07078138120468967|0.07006651897995231|0.07006651897995231
0.03200000000000001|0.17600000000000002|0.015999999999999986|0.03200000000000001|0.013081264348011176|0.01710970033448032|0.0|0.03751084152336198
0.08000000000000002|0.17600000000000002|0.015999999999999986|0.016|0.04810823680892184|0.050673800586141814|0.03751084152336198|0.05614278563772585
0.12800000000000003|0.17600000000000002|0.015999999999999986|0.032000000000000015|0.07078138120468967|0.08167753717466779|0.05614278563772585|0.0722111056541644
0.272|0.224|0.015999999999999986|0.03200000000000003|0.27104070418485404|0.2856705571469958|0.2829586601854897|0.3013902026978471
0.32|0.224|0.015999999999999986|0.016000000000000014|0.30686714106709595|0.3106034135088784|0.3013902026978471|0.3235646043639818
0.368|0.224|0.015999999999999986|0.03199999999999997|0.346451188167041|0.35510194642297654|0.3235646043639818|0.3702388753972595
0.272|0.2|0.008000000000000007|0.03200000000000003|0.2856705571469958|0.28838309499438136|0.2870240607334239|0.2870240607334239
0.368|0.2|0.008000000000000007|0.03199999999999997|0.35510194642297654|0.35736154738156456|0.3579111024461847|0.37136157484436055
0.272|0.17600000000000002|0.015999999999999986|0.03200000000000003|0.28838309499438136|0.28378396744689544|0.2911011635162963|0.31118316533597273
0.32|0.17600000000000002|0.015999999999999986|0.016000000000000014|0.3212235093388717|0.31958969539751647|0.31118316533597273|0.33290206899219754
0.368|0.17600000000000002|0.015999999999999986|0.03199999999999997|0.35736154738156456|0.35704126997893665|0.33290206899219754|0.37585553043905306
0.03200000000000001|0.12800000000000003|0.032000000000000015|0.03200000000000001|0.01710970033448032|0.01424941099748477|0.0|0.04343561846003998
0.08000000000000002|0.12800000000000003|0.032000000000000015|0.016|0.050673800586141814|0.055803785737270344|0.04343561846003998|0.07073894911114646
0.12800000000000003|0.12800000000000003|0.032000000000000015|0.032000000000000015|0.08167753717466779|0.11381118815682216|0.07073894911114646|0.1362106165252815
0.03200000000000001|0.08000000000000002|0.016|0.03200000000000001|0.01424941099748477|0.01581288980095067|0.0|0.012024839305579448
0.12800000000000003|0.08000000000000002|0.016|0.032000000000000015|0.11381118815682216|0.1190375851652641|0.12041165499320346|0.1363669944595354
0.03200000000000001|0.03200000000000001|0.03200000000000001|0.03200000000000001|0.01581288980095067|0.023388883628878167|0.0|0.054354510616162706
0.08000000000000002|0.03200000000000001|0.03200000000000001|0.016|0.0698372705283975|0.0698372705283975|0.054354510616162706|0.08532094874316375
0.12800000000000003|0.03200000000000001|0.03200000000000001|0.032000000000000015|0.1190375851652641|0.11628780300030422|0.08532094874316375|0.14450780301610475
0.17600000000000002|0.12800000000000003|0.032000000000000015|0.015999999999999986|0.15401068106821295|0.14756647976175705|0.1362106165252815|0.17503629440054
0.2|0.12800000000000003|0.032000000000000015|0.008000000000000007|0.1855479893219622|0.1855479893219622|0.17503629440054|0.1960623464608687
0.224|0.12800000000000003|0.032000000000000015|0.015999999999999986|0.21709106073868165|0.22445026920228994|0.1960623464608687|0.23444358306179644
0.17600000000000002|0.08000000000000002|0.016|0.015999999999999986|0.14756647976175705|0.1491021870803544|0.1363669944595354|0.1443443791085291
0.224|0.08000000000000002|0.016|0.015999999999999986|0.22445026920228994|0.22383056979449417|0.2281290597321156|0.23611203081136065
0.17600000000000002|0.03200000000000001|0.03200000000000001|0.015999999999999986|0.1491021870803544|0.158617803024005|0.14450780301610475|0.1774874876407088
0.2|0.03200000000000001|0.03200000000000001|0.008000000000000007|0.18692164832982236|0.18692164832982236|0.1774874876407088|0.19635817626947963
0.224|0.03200000000000001|0.03200000000000001|0.015999999999999986|0.22383056979449417|0.21523123214879405|0.19635817626947963|0.22980720326650272
0.272|0.12800000000000003|0.032000000000000015|0.03200000000000003|0.28378396744689544|0.25776654627070816|0.23444358306179644|0.3005966953436408
0.32|0.12800000000000003|0.032000000000000015|0.016000000000000014|0.31958969539751647|0.31632206751480607|0.3005966953436408|0.3304174261033621
0.368|0.12800000000000003|0.032000000000000015|0.03199999999999997|0.35704126997893665|0.3654848360336131|0.3304174261033621|0.3814822188665496
0.272|0.08000000000000002|0.016|0.03200000000000003|0.25776654627070816|0.25437085736121634|0.23611203081136065|0.2520754923096165
0.368|0.08000000000000002|0.016|0.03199999999999997|0.3654848360336131|0.36601563090312333|0.3689245373808639|0.38162636395915644
0.272|0.03200000000000001|0.03200000000000001|0.03200000000000003|0.25437085736121634|0.25895914550192006|0.22980720326650272|0.2927031316653043
0.32|0.03200000000000001|0.03200000000000001|0.016000000000000014|0.3095751247469965|0.3095751247469965|0.2927031316653043|0.3264489663570706
0.368|0.03200000000000001|0.03200000000000001|0.03199999999999997|0.36601563090312333|0.3601961592220835|0.3264489663570706|0.3881273104842334
0.41600000000000004|0.368|0.03199999999999997|0.016000000000000014|0.36847945196877663|0.36308020788543577|0.34541058157240373|0.3942570922878498
0.44|0.368|0.03199999999999997|0.008000000000000007|0.40714394522283465|0.40714394522283465|0.3942570922878498|0.420035888514468
0.46399999999999997|0.368|0.03199999999999997|0.01599999999999996|0.44581694185108506|0.45194822090894093|0.420035888514468|0.46853545925867596
0.41600000000000004|0.32|0.016000000000000014|0.016000000000000014|0.36308020788543577|0.3666995949921944|0.3513660504375788|0.36037975240243914
0.46399999999999997|0.32|0.016000000000000014|0.01599999999999996|0.45194822090894093|0.4500563258466339|0.45501320115322763|0.46303768498732445
0.41600000000000004|0.272|0.03200000000000003|0.016000000000000014|0.3666995949921944|0.3801914547206876|0.3663549520304709|0.39822001547316666
0.44|0.272|0.03200000000000003|0.008000000000000007|0.4076609905193706|0.4021266060178094|0.39822001547316666|0.41848793446103455
0.46399999999999997|0.272|0.03200000000000003|0.01599999999999996|0.4500563258466339|0.42268581518550447|0.41848793446103455|0.46556820294220624
0.488|0.368|0.03199999999999997|0.008000000000000007|0.47989435438915706|0.4713312772511202|0.46853545925867596|0.4933944630193948
0.5|0.368|0.03199999999999997|0.0040000000000000036|0.5001447169187828|0.5001447169187828|0.4933944630193948|0.5068944158779706
0.512|0.368|0.03199999999999997|0.008000000000000007|0.5203938137963463|0.5289677616290372|0.5068944158779706|0.5317478945564548
0.488|0.32|0.016000000000000014|0.008000000000000007|0.4713312772511202|0.47079362353511056|0.46303768498732445|0.46704973868210176
0.512|0.32|0.016000000000000014|0.008000000000000007|0.5289677616290372|0.529514475863267|0.5332547355453827|0.5372653055167851
0.488|0.272|0.03200000000000003|0.008000000000000007|0.47079362353511056|0.47828136696841517|0.46556820294220624|0.49286674851261264
0.5|0.272|0.03200000000000003|0.0040000000000000036|0.5001594392847114|0.5001594392847114|0.49286674851261264|0.5074515671142517
0.512|0.272|0.03200000000000003|0.008000000000000007|0.529514475863267|0.5220358227733323|0.5074515671142517|0.5347482709259945
0.536|0.368|0.03199999999999997|0.016000000000000014|0.5544579501229328|0.548343648643414|0.5317478945564548|0.5802200225268167
0.5599999999999999|0.368|0.03199999999999997|0.008000000000000007|0.5931029602848328|0.5931029602848328|0.5802200225268167|0.6059794563921546
0.5839999999999999|0.368|0.03199999999999997|0.015999999999999903|0.6317372148956346|0.6371507104436814|0.6059794563921546|0.6547778051382311
0.536|0.32|0.016000000000000014|0.016000000000000014|0.548343648643414|0.5502493819801253|0.5372653055167851|0.5452877877656067
0.5839999999999999|0.32|0.016000000000000014|0.015999999999999903|0.6371507104436814|0.6335546619028187|0.6398603656970985|0.6488640929781705
0.536|0.272|0.03200000000000003|0.016000000000000014|0.5502493819801253|0.5776487510106014|0.5347482709259945|0.5818223509536244
0.5599999999999999|0.272|0.03200000000000003|0.008000000000000007|0.5926477812806676|0.5981947691688293|0.5818223509536244|0.6020800029413883
0.5839999999999999|0.272|0.03200000000000003|0.015999999999999903|0.6335546619028187|0.6201193627375131|0.6020800029413883|0.6339221057283296
0.41600000000000004|0.224|0.015999999999999986|0.016000000000000014|0.3801914547206876|0.3789310340296723|0.3702388753972595|0.39311183592797827
0.44|0.224|0.015999999999999986|0.008000000000000007|0.4021266060178094|0.399358103326138|0.39311183592797827|0.40422494838382395
0.46399999999999997|0.224|0.015999999999999986|0.01599999999999996|0.42268581518550447|0.41496327156220686|0.40422494838382395|0.4139568793627161
0.41600000000000004|0.2|0.008000000000000007|0.016000000000000014|0.3789310340296723|0.3806100156714209|0.37136157484436055|0.3780868110434485
0.46399999999999997|0.2|0.008000000000000007|0.01599999999999996|0.41496327156220686|0.41597148293491754|0.4154664676619522|0.4154664676619522
0.41600000000000004|0.17600000000000002|0.015999999999999986|0.016000000000000014|0.3806100156714209|0.3880760048828595|0.37585553043905306|0.3980773044944349
0.44|0.17600000000000002|0.015999999999999986|0.008000000000000007|0.40428910598707485|0.408254690453053|0.3980773044944349|0.4085199084849993
0.46399999999999997|0.17600000000000002|0.015999999999999986|0.01599999999999996|0.41597148293491754|0.42645479485308024|0.4085199084849993|0.4169810089277751
0.536|0.224|0.015999999999999986|0.016000000000000014|0.5776487510106014|0.5853951401614514|0.5863873298299407|0.5961089364293929
0.5599999999999999|0.224|0.015999999999999986|0.008000000000000007|0.5981947691688293|0.6009703951781078|0.5961089364293929|0.6072146036987249
0.5839999999999999|0.224|0.015999999999999986|0.015999999999999903|0.6201193627375131|0.6214015669411102|0.6072146036987249|0.6300734450555306
0.536|0.2|0.008000000000000007|0.016000000000000014|0.5853951401614514|0.584401646924026|0.5849010072767487|0.5849010072767487
0.5839999999999999|0.2|0.008000000000000007|0.015999999999999903|0.6214015669411102|0.6197356278111913|0.6222508400416858|0.6289702647872141
0.536|0.17600000000000002|0.015999999999999986|0.016000000000000014|0.584401646924026|0.5739404241499619|0.5834029262185805|0.5918616258621543
0.5599999999999999|0.17600000000000002|0.015999999999999986|0.008000000000000007|0.5960909756839412|0.5921310546714335|0.5918616258621543|0.6022948132723885
0.5839999999999999|0.17600000000000002|0.015999999999999986|0.015999999999999903|0.6197356278111913|0.6122898150676918|0.6022948132723885|0.6244946280365204
0.41600000000000004|0.12800000000000003|0.032000000000000015|0.016000000000000014|0.3880760048828595|0.3896250553756246|0.3814822188665496|0.40843122093310236
0.44|0.12800000000000003|0.032000000000000015|0.008000000000000007|0.408254690453053|0.4161858593850094|0.40843122093310236|0.4259249823435838
0.46399999999999997|0.12800000000000003|0.032000000000000015|0.01599999999999996|0.42645479485308024|0.45644108898199687|0.4259249823435838|0.4688347414147776
0.41600000000000004|0.08000000000000002|0.016|0.016000000000000014|0.3896250553756246|0.3926827146943779|0.38162636395915644|0.38797727724830267
0.46399999999999997|0.08000000000000002|0.016|0.01599999999999996|0.45644108898199687|0.4606757864934358|0.4619604501211499|0.46876369935803963
0.41600000000000004|0.03200000000000001|0.03200000000000001|0.016000000000000014|0.3926827146943779|0.40209264093774055|0.3881273104842334|0.4207637332606342
0.44|0.03200000000000001|0.03200000000000001|0.008000000000000007|0.43009922941838136|0.43009922941838136|0.4207637332606342|0.4394349726915901
0.46399999999999997|0.03200000000000001|0.03200000000000001|0.01599999999999996|0.4606757864934358|0.4581066228129482|0.4394349726915901|0.47549279435263153
0.488|0.12800000000000003|0.032000000000000015|0.008000000000000007|0.480550928770321|0.47496047699113453|0.4688347414147776|0.49366352770475713
0.5|0.12800000000000003|0.032000000000000015|0.0040000000000000036|0.5002199708211554|0.5002199708211554|0.49366352770475713|0.5067753277571101
0.512|0.12800000000000003|0.032000000000000015|0.008000000000000007|0.519886712394469|0.5254843495855297|0.5067753277571101|0.5315962816005543
0.488|0.08000000000000002|0.016|0.008000000000000007|0.47496047699113453|0.4761722504704622|0.46876369935803963|0.4721656379806044
0.512|0.08000000000000002|0.016|0.008000000000000007|0.5254843495855297|0.524279518361932|0.5282842647252362|0.5316831582431454
0.488|0.03200000000000001|0.03200000000000001|0.008000000000000007|0.4761722504704622|0.4841859619099434|0.47549279435263153|0.4948811299168971
0.5|0.03200000000000001|0.03200000000000001|0.0040000000000000036|0.5002294247870022|0.5002294247870022|0.4948811299168971|0.5055760753707227
0.512|0.03200000000000001|0.03200000000000001|0.008000000000000007|0.524279518361932|0.5162700256353238|0.5055760753707227|0.5249587054688668
0.536|0.12800000000000003|0.032000000000000015|0.016000000000000014|0.5739404241499619|0.5439934517388191|0.5315962816005543|0.574478953936756
0.5599999999999999|0.12800000000000003|0.032000000000000015|0.008000000000000007|0.5921310546714335|0.5842124250046636|0.574478953936756|0.5919604879318354
0.5839999999999999|0.12800000000000003|0.032000000000000015|0.015999999999999903|0.6122898150676918|0.6107607385028646|0.5919604879318354|0.6188873323138512
0.536|0.08000000000000002|0.016|0.016000000000000014|0.5439934517388191|0.5397674328446683|0.5316831582431454|0.5384824676018661
0.5839999999999999|0.08000000000000002|0.016|0.015999999999999903|0.6107607385028646|0.6077121523572518|0.6124115885029617|0.6187567031807376
0.536|0.03200000000000001|0.03200000000000001|0.016000000000000014|0.5397674328446683|0.5423373633302726|0.5249587054688668|0.5609984962880237
0.5599999999999999|0.03200000000000001|0.03200000000000001|0.008000000000000007|0.5703290627668992|0.5703290627668992|0.5609984962880237|0.5796571351998769
0.5839999999999999|0.03200000000000001|0.03200000000000001|0.015999999999999903|0.6077121523572518|0.5983132800658321|0.5796571351998769|0.6122665511406801
0.632|0.368|0.03199999999999997|0.03200000000000003|0.7336791900959774|0.6782004673509174|0.6547778051382311|0.7367828716123165
0.68|0.368|0.03199999999999997|0.016000000000000014|0.7650095128132558|0.7547460147559735|0.7367828716123165|0.7675634925040695
0.7280000000000001|0.368|0.03199999999999997|0.03200000000000003|0.8014400082927824|0.7873851344705938|0.7675634925040695|0.8163928672917831
0.632|0.32|0.016000000000000014|0.03200000000000003|0.6782004673509174|0.6645372482526146|0.6488640929781705|0.6668715475403145
0.7280000000000001|0.32|0.016000000000000014|0.03200000000000003|0.7873851344705938|0.7739700983549243|0.7844784777057602|0.7996601109748291
0.632|0.272|0.03200000000000003|0.03200000000000014|0.6645372482526146|0.653829056433455|0.6339221057283296|0.6871782764616011
0.68|0.272|0.03200000000000003|0.016000000000000014|0.7008330898537943|0.6933739942213034|0.6871782764616011|0.7182076969237651
0.7280000000000001|0.272|0.03200000000000003|0.03200000000000003|0.7739700983549243|0.7291670500127978|0.7182076969237651|0.7904879537388099
0.776|0.368|0.03199999999999997|0.016000000000000014|0.832951965715412|0.814161174100405|0.8163928672917831|0.8440090613941869
0.8|0.368|0.03199999999999997|0.008000000000000007|0.8546160843601206|0.8520185536225081|0.8440090613941869|0.8593710768560872
0.8240000000000001|0.368|0.03199999999999997|0.016000000000000014|0.8769090401717575|0.878428518775276|0.8593710768560872|0.8851834881456045
0.776|0.32|0.016000000000000014|0.016000000000000014|0.814161174100405|0.8079177238322317|0.7996601109748291|0.8072509276093637
0.8240000000000001|0.32|0.016000000000000014|0.016000000000000014|0.878428518775276|0.8762375067976561|0.8806068371170271|0.8871416901284084
0.776|0.272|0.03200000000000003|0.015999999999999903|0.8079177238322317|0.8092513162779675|0.7904879537388099|0.828674203130399
0.8|0.272|0.03200000000000003|0.008000000000000007|0.8383879066374428|0.8383879066374428|0.828674203130399|0.8480914601678716
0.8240000000000001|0.272|0.03200000000000003|0.016000000000000014|0.8762375067976561|0.867505113735418|0.8480914601678716|0.882543264971767
0.8720000000000001|0.368|0.03199999999999997|0.03200000000000003|0.9092972538592146|0.9026047645729148|0.8851834881456045|0.9324753469317052
0.92|0.368|0.03199999999999997|0.016000000000000014|0.9456398449584864|0.9450172696893567|0.9324753469317052|0.9572438520811107
0.968|0.368|0.03199999999999997|0.03199999999999992|0.9822839579304214|0.9872587058926284|0.9572438520811107|1.0
0.8720000000000001|0.32|0.016000000000000014|0.03200000000000003|0.9026047645729148|0.9043474532489355|0.8871416901284084|0.9002113961511709
0.968|0.32|0.016000000000000014|0.03199999999999992|0.9872587058926284|0.9878393887587466|0.990039550406633|1.0
0.8720000000000001|0.272|0.03200000000000003|0.03200000000000003|0.9043474532489355|0.9256157859141945|0.882543264971767|0.9379661734154875
0.92|0.272|0.03200000000000003|0.016000000000000014|0.9506394764009989|0.9541147471054642|0.9379661734154875|0.9615727986556303
0.968|0.272|0.03200000000000003|0.03199999999999992|0.9878393887587466|0.9843442864807203|0.9615727986556303|1.0
0.632|0.224|0.015999999999999986|0.03200000000000003|0.653829056433455|0.6452080243397955|0.6300734450555306|0.6767007107721497
0.68|0.224|0.015999999999999986|0.016000000000000014|0.6933739942213034|0.689647582504264|0.6767007107721497|0.6988536707658197
0.7280000000000001|0.224|0.015999999999999986|0.03200000000000003|0.7291670500127978|0.7145747067588654|0.6988536707658197|0.7172720703081984
0.632|0.2|0.008000000000000007|0.03200000000000003|0.6452080243397955|0.6429639019885658|0.6289702647872141|0.6424091142782704
0.7280000000000001|0.2|0.008000000000000007|0.03200000000000003|0.7145747067588654|0.7118745364330682|0.7132270797938232|0.7132270797938232
0.632|0.17600000000000002|0.015999999999999986|0.03200000000000014|0.6429639019885658|0.6432958801397856|0.6244946280365204|0.667413828510452
0.68|0.17600000000000002|0.015999999999999986|0.016000000000000014|0.6790856812082107|0.6807190063495633|0.667413828510452|0.689112485944586
0.7280000000000001|0.17600000000000002|0.015999999999999986|0.03200000000000003|0.7118745364330682|0.7164891784920479|0.689112485944586|0.7091712422529135
0.8720000000000001|0.224|0.015999999999999986|0.03200000000000003|0.9256157859141945|0.9306952421962769|0.9321138951490594|0.9479392384665036
0.92|0.224|0.015999999999999986|0.016000000000000014|0.9541147471054642|0.9558523824576969|0.9479392384665036|0.9655005353167777
0.968|0.224|0.015999999999999986|0.03199999999999992|0.9843442864807203|0.987295309685045|0.9655005353167777|1.0
0.8720000000000001|0.2|0.008000000000000007|0.03200000000000003|0.9306952421962769|0.9292754230745522|0.9299872349257533|0.9299872349257533
0.968|0.2|0.008000000000000007|0.03199999999999992|0.987295309685045|0.9869295635672212|0.9885446847399431|1.0
0.8720000000000001|0.17600000000000002|0.015999999999999986|0.03200000000000003|0.9292754230745522|0.9184014254266276|0.9278534931189425|0.9439088543184938
0.92|0.17600000000000002|0.015999999999999986|0.016000000000000014|0.9519368989699972|0.9493755624435629|0.9439088543184938|0.9625244668738209
0.968|0.17600000000000002|0.015999999999999986|0.03199999999999992|0.9869295635672212|0.9829063608183727|0.9625244668738209|1.0
0.632|0.12800000000000003|0.032000000000000015|0.03200000000000003|0.6432958801397856|0.6348792616695971|0.6188873323138512|0.6699073139297311
0.68|0.12800000000000003|0.032000000000000015|0.016000000000000014|0.6807190063495633|0.6839905767248825|0.6699073139297311|0.6997010242744326
0.7280000000000001|0.12800000000000003|0.032000000000000015|0.03200000000000003|0.7164891784920479|0.7425024900086395|0.6997010242744326|0.7658014879479049
0.632|0.08000000000000002|0.016|0.03200000000000003|0.6348792616695971|0.6343556527876514|0.6187567031807376|0.6314469325362894
0.7280000000000001|0.08000000000000002|0.016|0.03200000000000003|0.7425024900086395|0.7459001971907248|0.748191209527801|0.7641411314577659
0.632|0.03200000000000001|0.03200000000000001|0.03200000000000014|0.6343556527876514|0.6401730932903759|0.6122665511406801|0.6738919954571838
0.68|0.03200000000000001|0.03200000000000001|0.016000000000000014|0.6907514465405877|0.6907514465405877|0.6738919954571838|0.7076070218659161
0.7280000000000001|0.03200000000000001|0.03200000000000001|0.03200000000000003|0.7459001971907248|0.7413181725165726|0.7076070218659161|0.770442139735557
0.776|0.12800000000000003|0.032000000000000015|0.016000000000000014|0.7831397064366992|0.7757910873058921|0.7658014879479049|0.8041484026780252
0.8|0.12800000000000003|0.032000000000000015|0.008000000000000007|0.8146527507986882|0.8146527507986882|0.8041484026780252|0.8251542345534875
0.8240000000000001|0.12800000000000003|0.032000000000000015|0.016000000000000014|0.8461572020630861|0.852597088548254|0.8251542345534875|0.8639372313893903
0.776|0.08000000000000002|0.016|0.016000000000000014|0.7757910873058921|0.7764129575000656|0.7641411314577659|0.7721180693771926
0.8240000000000001|0.08000000000000002|0.016|0.016000000000000014|0.852597088548254|0.8510640131800334|0.8558170317908379|0.8637844201003462
0.776|0.03200000000000001|0.03200000000000001|0.015999999999999903|0.7764129575000656|0.7850053170192199|0.770442139735557|0.803858743774006
0.8|0.03200000000000001|0.03200000000000001|0.008000000000000007|0.813287141293142|0.813287141293142|0.803858743774006|0.8227116977894721
0.8240000000000001|0.03200000000000001|0.03200000000000001|0.016000000000000014|0.8510640131800334|0.8415608107821323|0.8227116977894721|0.8556540521107245
0.8720000000000001|0.12800000000000003|0.032000000000000015|0.03200000000000003|0.9184014254266276|0.8863131392221402|0.8639372313893903|0.9293343562744621
0.92|0.12800000000000003|0.032000000000000015|0.016000000000000014|0.9493755624435629|0.9442533479080653|0.9293343562744621|0.9566087133858491
0.968|0.12800000000000003|0.032000000000000015|0.03199999999999992|0.9829063608183727|0.9857654631529432|0.9566087133858491|1.0
0.8720000000000001|0.08000000000000002|0.016|0.03200000000000003|0.8863131392221402|0.8810948659513503|0.8637844201003462|0.8797218799702066
0.968|0.08000000000000002|0.016|0.03199999999999992|0.9857654631529432|0.9842044994575048|0.9879881835923207|1.0
0.8720000000000001|0.03200000000000001|0.03200000000000001|0.03200000000000003|0.8810948659513503|0.8838424702296286|0.8556540521107245|0.9147755015984328
0.92|0.03200000000000001|0.03200000000000001|0.016000000000000014|0.9302424731044208|0.9302424731044208|0.9147755015984328|0.9457071675666466
0.968|0.03200000000000001|0.03200000000000001|0.03199999999999992|0.9842044994575048|0.9766374681342702|0.9457071675666466|1.0
0.632|0.5839999999999999|0.015999999999999903|0.03200000000000003|0.7335358422123812|0.7597030466782655|0.7499706177147359|0.7633383112901363
0.68|0.5839999999999999|0.015999999999999903|0.016000000000000014|0.7648852548115498|0.7700270849210646|0.7633383112901363|0.7818414382920712
0.7280000000000001|0.5839999999999999|0.015999999999999903|0.03200000000000003|0.8013356547884432|0.8114401262660561|0.7818414382920712|0.8253946696627716
0.632|0.5599999999999999|0.008000000000000007|0.03200000000000003|0.7597030466782655|0.7694332436804163|0.7645747858227985|0.7645747858227985
0.7280000000000001|0.5599999999999999|0.008000000000000007|0.03200000000000003|0.8114401262660561|0.8142219043552928|0.8144303747011693|0.8271569226356313
0.632|0.536|0.016000000000000014|0.03200000000000003|0.7694332436804163|0.7830547089374711|0.7791501593956516|0.7907409953640216
0.68|0.536|0.016000000000000014|0.016000000000000014|0.7965406845458234|0.7965618755135568|0.7907409953640216|0.8022978466624373
0.7280000000000001|0.536|0.016000000000000014|0.03200000000000003|0.8142219043552928|0.8100149062154766|0.8022978466624373|0.8320781296533416
0.776|0.5839999999999999|0.015999999999999903|0.016000000000000014|0.8328650706065911|0.8341326147002207|0.8253946696627716|0.8490139030302161
0.8|0.5839999999999999|0.015999999999999903|0.008000000000000007|0.8545402342308874|0.8558439309058867|0.8490139030302161|0.8633174695808751
0.8240000000000001|0.5839999999999999|0.015999999999999903|0.016000000000000014|0.8768440320349854|0.8839768524962478|0.8633174695808751|0.8889124334199495
0.776|0.5599999999999999|0.008000000000000007|0.016000000000000014|0.8341326147002207|0.8360839129336336|0.8271569226356313|0.8335253472827943
0.8240000000000001|0.5599999999999999|0.008000000000000007|0.016000000000000014|0.8839768524962478|0.8858574717577335|0.8868317657534417|0.894470284989074
0.776|0.536|0.016000000000000014|0.015999999999999903|0.8360839129336336|0.8412111090321797|0.8320781296533416|0.8554544613650084
0.8|0.536|0.016000000000000014|0.008000000000000007|0.8625761375314227|0.8625761375314227|0.8554544613650084|0.8696887035121056
0.8240000000000001|0.536|0.016000000000000014|0.016000000000000014|0.8858574717577335|0.883916443989381|0.8696887035121056|0.8961873005170454
0.8720000000000001|0.5839999999999999|0.015999999999999903|0.03200000000000003|0.9092516289737957|0.9099009511062739|0.8889124334199495|0.9340202373517685
0.92|0.5839999999999999|0.015999999999999903|0.016000000000000014|0.9456134689537495|0.9459274061458828|0.9340202373517685|0.958141352951174
0.968|0.5839999999999999|0.015999999999999903|0.03199999999999992|0.9822752318612605|0.9863606889819205|0.958141352951174|1.0
0.8720000000000001|0.5599999999999999|0.008000000000000007|0.03200000000000003|0.9099009511062739|0.9134078868310174|0.894470284989074|0.9097493589993185
0.968|0.5599999999999999|0.008000000000000007|0.03199999999999992|0.9863606889819205|0.987215232203336|0.9882564101920026|1.0
0.8720000000000001|0.536|0.016000000000000014|0.03200000000000003|0.9134078868310174|0.9288580457278571|0.8961873005170454|0.9436402135896907
0.92|0.536|0.016000000000000014|0.016000000000000014|0.9550958135983492|0.9565343972343422|0.9436402135896907|0.965108352533811
0.968|0.536|0.016000000000000014|0.03199999999999992|0.987215232203336|0.9856297685788484|0.965108352533811|1.0
0.632|0.512|0.008000000000000007|0.03200000000000003|0.7830547089374711|0.7850251475343052|0.7850090812225864|0.7927180077391445
0.68|0.512|0.008000000000000007|0.016000000000000014|0.7965618755135568|0.7965724709974233|0.7927180077391445|0.8004218229625505
0.7280000000000001|0.512|0.008000000000000007|0.03200000000000003|0.8100149062154766|0.8081317485182359|0.8004218229625505|0.8081205268928047
0.632|0.5|0.0040000000000000036|0.03200000000000003|0.7850251475343052|0.7850310847719798|0.7850377001625573|0.7850377001625573
0.7280000000000001|0.5|0.0040000000000000036|0.03200000000000003|0.8081317485182359|0.8081375319448322|0.8081394858396627|0.8081394858396627
0.632|0.488|0.008000000000000007|0.03200000000000003|0.7850310847719798|0.7830830156709923|0.7850313655220867|0.7927410832092107
0.68|0.488|0.008000000000000007|0.016000000000000014|0.7965981783460108|0.7965865145941395|0.7927410832092107|0.8004433269490643
0.7280000000000001|0.488|0.008000000000000007|0.03200000000000003|0.8081375319448322|0.8100416306501657|0.8004433269490643|0.8081336241551711
0.8720000000000001|0.512|0.008000000000000007|0.03200000000000003|0.9288580457278571|0.9329299088687159|0.9329251781568416|0.9491441854205064
0.92|0.512|0.008000000000000007|0.016000000000000014|0.9565343972343422|0.9572536890523388|0.9491441854205064|0.9667943775868952
0.968|0.512|0.008000000000000007|0.03199999999999992|0.9856297685788484|0.98736556963953|0.9667943775868952|1.0
0.8720000000000001|0.5|0.0040000000000000036|0.03200000000000003|0.9329299088687159|0.9329341928330261|0.9329348257022376|0.9329348257022376
0.968|0.5|0.0040000000000000036|0.03199999999999992|0.98736556963953|0.9873661732197532|0.9881096987151036|1.0
0.8720000000000001|0.488|0.008000000000000007|0.03200000000000003|0.9329341928330261|0.9288726955185284|0.9329346266188505|0.9491518635096298
0.92|0.488|0.008000000000000007|0.016000000000000014|0.9572624383795484|0.9565430231007085|0.9491518635096298|0.9668008039469537
0.968|0.488|0.008000000000000007|0.03199999999999992|0.9873661732197532|0.9856324499212384|0.9668008039469537|1.0
0.632|0.46399999999999997|0.01599999999999996|0.03200000000000003|0.7830830156709923|0.7695025018513766|0.7791995280770265|0.7907840705090033
0.68|0.46399999999999997|0.01599999999999996|0.016000000000000014|0.7965865145941395|0.7965763417249918|0.7907840705090033|0.8023367756967128
0.7280000000000001|0.46399999999999997|0.01599999999999996|0.03200000000000003|0.8100416306501657|0.8142814701658815|0.8023367756967128|0.8321314385815801
0.632|0.44|0.008000000000000007|0.03200000000000003|0.7695025018513766|0.7597998795342499|0.7646600825992683|0.7646600825992683
0.7280000000000001|0.44|0.008000000000000007|0.03200000000000003|0.8142814701658815|0.811517176981111|0.8144990774660483|0.8272268342507373
0.632|0.41600000000000004|0.016000000000000014|0.03200000000000003|0.7597998795342499|0.7336791900959774|0.7500909341733972|0.7634576720550862
0.68|0.41600000000000004|0.016000000000000014|0.016000000000000014|0.7701462216089866|0.7650095128132558|0.7634576720550862|0.7819510772190054
0.7280000000000001|0.41600000000000004|0.016000000000000014|0.03200000000000003|0.811517176981111|0.8014400082927824|0.7819510772190054|0.8254786501448795
0.776|0.46399999999999997|0.01599999999999996|0.016000000000000014|0.841268336052293|0.8361511558507866|0.8321314385815801|0.855508597940237
0.8|0.46399999999999997|0.01599999999999996|0.008000000000000007|0.862628728884209|0.862628728884209|0.855508597940237|0.869736531060651
0.8240000000000001|0.46399999999999997|0.01599999999999996|0.016000000000000014|0.8839610481895233|0.8859075331945393|0.869736531060651|0.8962254125299648
0.776|0.44|0.008000000000000007|0.016000000000000014|0.8361511558507866|0.8342065012910131|0.8272268342507373|0.8335960259159503
0.8240000000000001|0.44|0.008000000000000007|0.016000000000000014|0.8859075331945393|0.8840290166633695|0.8868807756970474|0.8945154873673418
0.776|0.41600000000000004|0.016000000000000014|0.015999999999999903|0.8342065012910131|0.832951965715412|0.8254786501448795|0.8490908727632257
0.8|0.41600000000000004|0.016000000000000014|0.008000000000000007|0.8559191229583524|0.8546160843601206|0.8490908727632257|0.863385982565347
0.8240000000000001|0.41600000000000004|0.016000000000000014|0.016000000000000014|0.8840290166633695|0.8769090401717575|0.863385982565347|0.888967699334102
0.8720000000000001|0.46399999999999997|0.01599999999999996|0.03200000000000003|0.9288726955185284|0.9134413208755694|0.8962254125299648|0.9436550147006855
0.92|0.46399999999999997|0.01599999999999996|0.016000000000000014|0.9565430231007085|0.9551075448217791|0.9436550147006855|0.9651166422781368
0.968|0.46399999999999997|0.01599999999999996|0.03199999999999992|0.9856324499212384|0.9872194424886386|0.9651166422781368|1.0
0.8720000000000001|0.44|0.008000000000000007|0.03200000000000003|0.9134413208755694|0.9099406407420463|0.8945154873673418|0.9097849107079302
0.968|0.44|0.008000000000000007|0.03199999999999992|0.9872194424886386|0.9863662136101687|0.9882606061835917|1.0
0.8720000000000001|0.41600000000000004|0.016000000000000014|0.03200000000000003|0.9099406407420463|0.9092972538592146|0.888967699334102|0.9340519755196053
0.92|0.41600000000000004|0.016000000000000014|0.016000000000000014|0.9459528982390976|0.9456398449584864|0.9340519755196053|0.9581609440127521
0.968|0.41600000000000004|0.016000000000000014|0.03199999999999992|0.9863662136101687|0.9822839579304214|0.9581609440127521|1.0
0.632|0.968|0.03199999999999992|0.03200000000000003|0.6398386379409621|0.6340171738340201|0.6119122535994284|0.6735814732483613
0.68|0.968|0.03199999999999992|0.016000000000000014|0.690454055344279|0.690454055344279|0.6735814732483613|0.7073234435903691
0.7280000000000001|0.968|0.03199999999999992|0.03200000000000003|0.7410622200825496|0.7456477913811976|0.7073234435903691|0.7702109677886148
0.632|0.92|0.016000000000000014|0.03200000000000003|0.6340171738340201|0.6345436777140077|0.6184075125542118|0.6311076002325621
0.7280000000000001|0.92|0.016000000000000014|0.03200000000000003|0.7456477913811976|0.7422493591953666|0.7479419912920958|0.7639049439533162
0.632|0.8720000000000001|0.03200000000000003|0.03200000000000014|0.6345436777140077|0.6429755224709427|0.6185450615689069|0.6696016714109199
0.68|0.8720000000000001|0.03200000000000003|0.016000000000000014|0.6836948874300885|0.6804232997732332|0.6696016714109199|0.69941787556546
0.7280000000000001|0.8720000000000001|0.03200000000000003|0.03200000000000003|0.7422493591953666|0.7162228918431119|0.69941787556546|0.7655696665989677
0.776|0.968|0.03199999999999992|0.016000000000000014|0.7847853416416474|0.7761857686844066|0.7702109677886148|0.8036569690215573
0.8|0.968|0.03199999999999992|0.008000000000000007|0.813092782711512|0.813092782711512|0.8036569690215573|0.8225266455620114
0.8240000000000001|0.968|0.03199999999999992|0.016000000000000014|0.8413943712630101|0.8509084402008288|0.8225266455620114|0.8555029441227604
0.776|0.92|0.016000000000000014|0.016000000000000014|0.7761857686844066|0.7755644806260994|0.7639049439533162|0.7718869077493122
0.8240000000000001|0.92|0.016000000000000014|0.016000000000000014|0.8509084402008288|0.8524424019544182|0.8556654746697381|0.863641410559329
0.776|0.8720000000000001|0.03200000000000003|0.015999999999999903|0.7755644806260994|0.7829214774667256|0.7655696665989677|0.8039489867434638
0.8|0.8720000000000001|0.03200000000000003|0.008000000000000007|0.8144635905267372|0.8144635905267372|0.8039489867434638|0.8249751935635787
0.8240000000000001|0.8720000000000001|0.03200000000000003|0.016000000000000014|0.8524424019544182|0.8459983996372618|0.8249751935635787|0.8637969975394957
0.8720000000000001|0.968|0.03199999999999992|0.03200000000000003|0.8837206470766104|0.8809698136204628|0.8555029441227604|0.9146856991220088
0.92|0.968|0.03199999999999992|0.016000000000000014|0.9301682251447081|0.9301682251447081|0.9146856991220088|0.9456497311162504
0.968|0.968|0.03199999999999992|0.03199999999999992|0.976612743059335|0.9841879404687082|0.9456497311162504|1.0
0.8720000000000001|0.92|0.016000000000000014|0.03200000000000003|0.8809698136204628|0.8861949271697389|0.863641410559329|0.8795952940826267
0.968|0.92|0.016000000000000014|0.03199999999999992|0.9841879404687082|0.9857509326360248|0.9879756690036161|1.0
0.8720000000000001|0.8720000000000001|0.03200000000000003|0.03200000000000003|0.8861949271697389|0.918320401730105|0.8637969975394957|0.9292620812188331
0.92|0.8720000000000001|0.03200000000000003|0.016000000000000014|0.9441963954375845|0.949325203668263|0.9292620812188331|0.9565644603167748
0.968|0.8720000000000001|0.03200000000000003|0.03199999999999992|0.9857509326360248|0.9828896396564591|0.9565644603167748|1.0
0.632|0.8240000000000001|0.016000000000000014|0.03200000000000003|0.6429755224709427|0.6426488131939728|0.6241618093659832|0.6671114059327002
0.68|0.8240000000000001|0.016000000000000014|0.016000000000000014|0.6804232997732332|0.678789265151903|0.6671114059327002|0.6888258079120594
0.7280000000000001|0.8240000000000001|0.016000000000000014|0.03200000000000003|0.7162228918431119|0.7116118809715545|0.6888258079120594|0.7089013153329422
0.632|0.8|0.008000000000000007|0.03200000000000003|0.6426488131939728|0.6449018941812688|0.6286483506551459|0.6420959360377101
0.7280000000000001|0.8|0.008000000000000007|0.03200000000000003|0.7116118809715545|0.7143215293363933|0.7129694175462592|0.7129694175462592
0.632|0.776|0.016000000000000014|0.03200000000000014|0.6449018941812688|0.6535417594284217|0.629763219198345|0.6764268934404226
0.68|0.776|0.016000000000000014|0.016000000000000014|0.6893827478817997|0.6931176502917441|0.6764268934404226|0.6985954032036029
0.7280000000000001|0.776|0.016000000000000014|0.03200000000000003|0.7143215293363933|0.7289372736346446|0.6985954032036029|0.7170257529166614
0.8720000000000001|0.8240000000000001|0.016000000000000014|0.03200000000000003|0.918320401730105|0.9292095102719011|0.927784127552516|0.9438544477065735
0.92|0.8240000000000001|0.016000000000000014|0.016000000000000014|0.949325203668263|0.9518896077836022|0.9438544477065735|0.9624876483671574
0.968|0.8240000000000001|0.016000000000000014|0.03199999999999992|0.9828896396564591|0.986917309045976|0.9624876483671574|1.0
0.8720000000000001|0.8|0.008000000000000007|0.03200000000000003|0.9292095102719011|0.9306328675862503|0.9299225124462637|0.9299225124462637
0.968|0.8|0.008000000000000007|0.03199999999999992|0.986917309045976|0.9872841026335656|0.9885342234495942|1.0
0.8720000000000001|0.776|0.016000000000000014|0.03200000000000003|0.9306328675862503|0.9255554644899806|0.9320559240461144|0.9478955808910767
0.92|0.776|0.016000000000000014|0.016000000000000014|0.9558164381109675|0.9540776023849034|0.9478955808910767|0.9654719277081713
0.968|0.776|0.016000000000000014|0.03199999999999992|0.9872841026335656|0.9843314484344801|0.9654719277081713|1.0
0.632|0.7280000000000001|0.03200000000000003|0.03200000000000003|0.6535417594284217|0.6642840357018832|0.6336343270045734|0.6869241891905867
0.68|0.7280000000000001|0.03200000000000003|0.016000000000000014|0.6931176502917441|0.7005874551116335|0.6869241891905867|0.7179783690674201
0.7280000000000001|0.7280000000000001|0.03200000000000003|0.03200000000000003|0.7289372736346446|0.7738073667777472|0.7179783690674201|0.7903283635245887
0.632|0.68|0.016000000000000014|0.03200000000000003|0.6642840357018832|0.6779758275101526|0.6486067645209705|0.6666291194988687
0.7280000000000001|0.68|0.016000000000000014|0.03200000000000003|0.7738073667777472|0.787241490002333|0.7843281233384128|0.7995223932044553
0.632|0.632|0.03200000000000003|0.03200000000000014|0.6779758275101526|0.7335358422123812|0.6545490993088375|0.7366262221439972
0.68|0.632|0.03200000000000003|0.016000000000000014|0.7546044990618102|0.7648852548115498|0.7366262221439972|0.7674264574665928
0.7280000000000001|0.632|0.03200000000000003|0.03200000000000003|0.787241490002333|0.8013356547884432|0.7674264574665928|0.8162837392462624
0.776|0.7280000000000001|0.03200000000000003|0.016000000000000014|0.8091118371737291|0.8077828915778761|0.7903283635245887|0.8285476056038518
0.8|0.7280000000000001|0.03200000000000003|0.008000000000000007|0.83826659917644|0.83826659917644|0.8285476056038518|0.8479804128027462
0.8240000000000001|0.7280000000000001|0.03200000000000003|0.016000000000000014|0.8674080400553582|0.8761524173513207|0.8479804128027462|0.8824551928871214
0.776|0.68|0.016000000000000014|0.016000000000000014|0.8077828915778761|0.8140431166875768|0.7995223932044553|0.8071220836082028
0.8240000000000001|0.68|0.016000000000000014|0.016000000000000014|0.8761524173513207|0.87835136313434|0.8805275400403635|0.8870648951223489
0.776|0.632|0.03200000000000003|0.015999999999999903|0.8140431166875768|0.8328650706065911|0.8162837392462624|0.843917733007934
0.8|0.632|0.03200000000000003|0.008000000000000007|0.8519328408808889|0.8545402342308874|0.843917733007934|0.8592895613350102
0.8240000000000001|0.632|0.03200000000000003|0.016000000000000014|0.87835136313434|0.8768440320349854|0.8592895613350102|0.8851148262038682
0.8720000000000001|0.7280000000000001|0.03200000000000003|0.03200000000000003|0.9255554644899806|0.9042801484291778|0.8824551928871214|0.9379189380107263
0.92|0.7280000000000001|0.03200000000000003|0.016000000000000014|0.9540776023849034|0.950601134327233|0.9379189380107263|0.9615429312124684
0.968|0.7280000000000001|0.03200000000000003|0.03199999999999992|0.9843314484344801|0.9878307382831931|0.9615429312124684|1.0
0.8720000000000001|0.68|0.016000000000000014|0.03200000000000003|0.9042801484291778|0.9025430274108479|0.8870648951223489|0.9001453040537224
0.968|0.68|0.016000000000000014|0.03199999999999992|0.9878307382831931|0.9872508396885138|0.99003284493332|1.0
0.8720000000000001|0.632|0.03200000000000003|0.03200000000000003|0.9025430274108479|0.9092516289737957|0.8851148262038682|0.9324373513166622
0.92|0.632|0.03200000000000003|0.016000000000000014|0.944987901204087|0.9456134689537495|0.9324373513166622|0.9572201363412629
0.968|0.632|0.03200000000000003|0.03199999999999992|0.9872508396885138|0.9822752318612605|0.9572201363412629|1.0
0.41600000000000004|0.968|0.03199999999999992|0.016000000000000014|0.40172912144945033|0.39232703324667184|0.3877733263476477|0.4203899021240132
0.44|0.968|0.03199999999999992|0.008000000000000007|0.42971913979266535|0.42971913979266535|0.4203899021240132|0.43905155961150105
0.46399999999999997|0.968|0.03199999999999992|0.01599999999999996|0.4577144667006222|0.4602832422094815|0.43905155961150105|0.47509518101202153
0.41600000000000004|0.92|0.016000000000000014|0.016000000000000014|0.39232703324667184|0.3892746160310423|0.38127814685105754|0.38762447754837753
0.46399999999999997|0.92|0.016000000000000014|0.01599999999999996|0.4602832422094815|0.4560536406258885|0.46156709740853413|0.46836813397819665
0.41600000000000004|0.8720000000000001|0.03200000000000003|0.016000000000000014|0.3892746160310423|0.3877349767594561|0.3811412877668025|0.40807376859992467
0.44|0.8720000000000001|0.03200000000000003|0.008000000000000007|0.41582329492089826|0.40789991004982973|0.40807376859992467|0.4255574172638799
0.46399999999999997|0.8720000000000001|0.03200000000000003|0.01599999999999996|0.4560536406258885|0.4260917964988722|0.4255574172638799|0.46844900612295076
0.488|0.968|0.03199999999999992|0.008000000000000007|0.48378522266117663|0.47577370401593805|0.47509518101202153|0.4944795419617642
0.5|0.968|0.03199999999999992|0.0040000000000000036|0.49982654385878567|0.49982654385878567|0.4944795419617642|0.5051739545407998
0.512|0.968|0.03199999999999992|0.008000000000000007|0.5158687282480191|0.5238803777397192|0.5051739545407998|0.5245608366328688
0.488|0.92|0.016000000000000014|0.008000000000000007|0.47577370401593805|0.4745658167267276|0.46836813397819665|0.47176794469331873
0.512|0.92|0.016000000000000014|0.008000000000000007|0.5238803777397192|0.5250893593865045|0.5278861786571647|0.531287118381903
0.488|0.8720000000000001|0.03200000000000003|0.008000000000000007|0.4745658167267276|0.4801603045513997|0.46844900612295076|0.4932719986561787
0.5|0.8720000000000001|0.03200000000000003|0.0040000000000000036|0.499827477052539|0.499827477052539|0.4932719986561787|0.5063836103302831
0.512|0.8720000000000001|0.03200000000000003|0.008000000000000007|0.5250893593865045|0.5194958768857713|0.5063836103302831|0.531209747919082
0.536|0.968|0.03199999999999992|0.016000000000000014|0.5419450534025684|0.5393745668146781|0.5245608366328688|0.5606140469695208
0.5599999999999999|0.968|0.03199999999999992|0.008000000000000007|0.5699488933480461|0.5699488933480461|0.5606140469695208|0.5792825806185264
0.5839999999999999|0.968|0.03199999999999992|0.015999999999999903|0.5979499551594871|0.6073550524369158|0.5792825806185264|0.6119122535994284
0.536|0.92|0.016000000000000014|0.016000000000000014|0.5393745668146781|0.5436052659098789|0.531287118381903|0.5380893235207329
0.5839999999999999|0.92|0.016000000000000014|0.015999999999999903|0.6073550524369158|0.6104082044816613|0.6120585797383817|0.6184075125542118
0.536|0.8720000000000001|0.03200000000000003|0.016000000000000014|0.5436052659098789|0.57357588028657|0.531209747919082|0.574111080216567
0.5599999999999999|0.8720000000000001|0.03200000000000003|0.008000000000000007|0.5838484936757694|0.5917742245766816|0.574111080216567|0.5916015422724809
0.5839999999999999|0.8720000000000001|0.03200000000000003|0.015999999999999903|0.6104082044816613|0.6119472115277901|0.5916015422724809|0.6185450615689069
0.41600000000000004|0.8240000000000001|0.016000000000000014|0.016000000000000014|0.3877349767594561|0.3802807705229741|0.37552541200632045|0.39773070295299484
0.44|0.8240000000000001|0.016000000000000014|0.008000000000000007|0.40789991004982973|0.4039365708061479|0.39773070295299484|0.4081671287961008
0.46399999999999997|0.8240000000000001|0.016000000000000014|0.01599999999999996|0.4260917964988722|0.4156221661991335|0.4081671287961008|0.41662486377338664
0.41600000000000004|0.8|0.008000000000000007|0.016000000000000014|0.3802807705229741|0.3786095163920238|0.3710438363772119|0.3777628298604089
0.46399999999999997|0.8|0.008000000000000007|0.01599999999999996|0.4156221661991335|0.41462179555130746|0.41511915127661175|0.41511915127661175
0.41600000000000004|0.776|0.016000000000000014|0.016000000000000014|0.3786095163920238|0.3798853398652908|0.3699322505519392|0.3927920016073231
0.44|0.776|0.016000000000000014|0.008000000000000007|0.39903655768335783|0.40180952941530196|0.3927920016073231|0.4038993109335533
0.46399999999999997|0.776|0.016000000000000014|0.01599999999999996|0.41462179555130746|0.42235913488431004|0.4038993109335533|0.4136248174339442
0.536|0.8240000000000001|0.016000000000000014|0.016000000000000014|0.57357588028657|0.5840499062516361|0.5830450754370033|0.5915066246116831
0.5599999999999999|0.8240000000000001|0.016000000000000014|0.008000000000000007|0.5917742245766816|0.5957373991990229|0.5915066246116831|0.601946529299475
0.5839999999999999|0.8240000000000001|0.016000000000000014|0.015999999999999903|0.6119472115277901|0.6194051650475634|0.601946529299475|0.6241618093659832
0.536|0.8|0.008000000000000007|0.016000000000000014|0.5840499062516361|0.5850524206521771|0.5845523216589525|0.5845523216589525
0.5839999999999999|0.8|0.008000000000000007|0.015999999999999903|0.6194051650475634|0.6210787841488035|0.6219256517152473|0.6286483506551459
0.536|0.776|0.016000000000000014|0.016000000000000014|0.5850524206521771|0.5773196120835359|0.5860526186386262|0.595781831949397
0.5599999999999999|0.776|0.016000000000000014|0.008000000000000007|0.6006464386047823|0.5978759340323201|0.595781831949397|0.6068923437423683
0.5839999999999999|0.776|0.016000000000000014|0.015999999999999903|0.6210787841488035|0.6198090449566597|0.6068923437423683|0.629763219198345
0.41600000000000004|0.7280000000000001|0.03200000000000003|0.016000000000000014|0.3798853398652908|0.366428625529587|0.36607021900908554|0.3979176063651461
0.44|0.7280000000000001|0.03200000000000003|0.008000000000000007|0.40180952941530196|0.4073515052595053|0.3979176063651461|0.4181770004391843
0.46399999999999997|0.7280000000000001|0.03200000000000003|0.01599999999999996|0.42235913488431004|0.4497443941824404|0.4181770004391843|0.46524978851403614
0.41600000000000004|0.68|0.016000000000000014|0.016000000000000014|0.366428625529587|0.3628259389079378|0.3511133278292546|0.3601193204457276
0.46399999999999997|0.68|0.016000000000000014|0.01599999999999996|0.4497443941824404|0.45164485753366906|0.45470356470898016|0.46272682364792467
0.41600000000000004|0.632|0.03200000000000003|0.016000000000000014|0.3628259389079378|0.36823323313832423|0.34518548403365673|0.39399543219480654
0.44|0.632|0.03200000000000003|0.008000000000000007|0.40687408584739726|0.40687408584739726|0.39399543219480654|0.4197593075462344
0.46399999999999997|0.632|0.03200000000000003|0.01599999999999996|0.45164485753366906|0.4455259038304436|0.4197593075462344|0.4682370747554112
0.488|0.7280000000000001|0.03200000000000003|0.008000000000000007|0.47796152880313536|0.4704788125604541|0.46524978851403614|0.49254592126099617
0.5|0.7280000000000001|0.03200000000000003|0.0040000000000000036|0.49983772368811313|0.49983772368811313|0.49254592126099617|0.5071302549190119
0.512|0.7280000000000001|0.03200000000000003|0.008000000000000007|0.5217150748326261|0.5291991905176258|0.5071302549190119|0.5344283935457167
0.488|0.68|0.016000000000000014|0.008000000000000007|0.4704788125604541|0.47102293225879566|0.46272682364792467|0.46673745443911346
0.512|0.68|0.016000000000000014|0.008000000000000007|0.5291991905176258|0.5286579165387549|0.5329415681522308|0.5369532393211167
0.488|0.632|0.03200000000000003|0.008000000000000007|0.47102293225879566|0.47959266021789504|0.4682370747554112|0.4930918050582921
0.5|0.632|0.03200000000000003|0.0040000000000000036|0.49984137747849067|0.49984137747849067|0.4930918050582921|0.5065913373035535
0.512|0.632|0.03200000000000003|0.008000000000000007|0.5286579165387549|0.5200912569536793|0.5065913373035535|0.5314489403823969
0.536|0.7280000000000001|0.03200000000000003|0.016000000000000014|0.5773196120835359|0.5499366741664397|0.5344283935457167|0.581508543294127
0.5599999999999999|0.7280000000000001|0.03200000000000003|0.008000000000000007|0.5978759340323201|0.5923349248873955|0.581508543294127|0.6017737581469241
0.5839999999999999|0.7280000000000001|0.03200000000000003|0.015999999999999903|0.6198090449566597|0.6332798068308524|0.6017737581469241|0.6336343270045734
0.536|0.68|0.016000000000000014|0.016000000000000014|0.5499366741664397|0.5480397739699194|0.5369532393211167|0.5449771211958644
0.5839999999999999|0.68|0.016000000000000014|0.015999999999999903|0.6332798068308524|0.6368923614679413|0.6395955870320214|0.6486067645209705
0.536|0.632|0.03200000000000003|0.016000000000000014|0.5480397739699194|0.5541650795180293|0.5314489403823969|0.579941011317148
0.5599999999999999|0.632|0.03200000000000003|0.008000000000000007|0.592829259250906|0.592829259250906|0.579941011317148|0.6057135695735646
0.5839999999999999|0.632|0.03200000000000003|0.015999999999999903|0.6368923614679413|0.631485910339781|0.6057135695735646|0.6545490993088375
0.03200000000000001|0.968|0.03199999999999992|0.03200000000000001|0.02336383389207641|0.01579616095741518|0.0|0.054296062473522
0.08000000000000002|0.968|0.03199999999999992|0.016|0.0697621767642448|0.0697621767642448|0.054296062473522|0.0852296186551653
0.12800000000000003|0.968|0.03199999999999992|0.032000000000000015|0.11616377637431954|0.1189113023628204|0.0852296186551653|0.14435548482185814
0.03200000000000001|0.92|0.016000000000000014|0.03200000000000001|0.01579616095741518|0.014234729054800539|0.0|0.012012158048869794
0.12800000000000003|0.92|0.016000000000000014|0.032000000000000015|0.1189113023628204|0.11369215423208137|0.12028470232572745|0.13622294663388074
0.03200000000000001|0.8720000000000001|0.03200000000000003|0.03200000000000001|0.014234729054800539|0.017092767457453212|0.0|0.04339138067187321
0.08000000000000002|0.8720000000000001|0.03200000000000003|0.016|0.05574730595442715|0.0506231564515579|0.04339138067187321|0.07066724865172458
0.12800000000000003|0.8720000000000001|0.03200000000000003|0.032000000000000015|0.11369215423208137|0.08159659175512714|0.07066724865172458|0.13606940358824784
0.17600000000000002|0.968|0.03199999999999992|0.015999999999999986|0.15845004902989898|0.14894412510538593|0.14435548482185814|0.1773012161638372
0.2|0.968|0.03199999999999992|0.008000000000000007|0.18672576767728435|0.18672576767728435|0.1773012161638372|0.19615495855849802
0.224|0.968|0.03199999999999992|0.015999999999999986|0.21501127621388127|0.22360321312847048|0.19615495855849802|0.2295749811104451
0.17600000000000002|0.92|0.016000000000000014|0.015999999999999986|0.14894412510538593|0.14741183716468684|0.13622294663388074|0.1441911631431294
0.224|0.92|0.016000000000000014|0.015999999999999986|0.22360321312847048|0.22422396527703514|0.22789796600779977|0.23587398163482923
0.17600000000000002|0.8720000000000001|0.03200000000000003|0.015999999999999986|0.14741183716468684|0.1538504050415138|0.13606940358824784|0.17485495605946355
0.2|0.8720000000000001|0.03200000000000003|0.008000000000000007|0.18535723156843842|0.18535723156843842|0.17485495605946355|0.1958633993533527
0.224|0.8720000000000001|0.03200000000000003|0.015999999999999986|0.22422396527703514|0.21687231658388498|0.1958633993533527|0.23421209011231955
0.272|0.968|0.03199999999999992|0.03200000000000003|0.2587023909035729|0.2541181388937831|0.2295749811104451|0.2924199265510101
0.32|0.968|0.03199999999999992|0.016000000000000014|0.3092769722620523|0.3092769722620523|0.2924199265510101|0.32613966841348274
0.368|0.968|0.03199999999999992|0.03199999999999997|0.3598617361440425|0.3656786909086704|0.32613966841348274|0.3877733263476477
0.272|0.92|0.016000000000000014|0.03200000000000003|0.2541181388937831|0.2575137435985282|0.23587398163482923|0.2518260128888882
0.368|0.92|0.016000000000000014|0.03199999999999997|0.3656786909086704|0.3651505270163082|0.36858548545641767|0.38127814685105754
0.272|0.8720000000000001|0.03200000000000003|0.03200000000000003|0.2575137435985282|0.28352109865824004|0.23421209011231955|0.30031556704578144
0.32|0.8720000000000001|0.03200000000000003|0.016000000000000014|0.3160287480597681|0.3192973730257156|0.30031556704578144|0.3301127020852085
0.368|0.8720000000000001|0.03200000000000003|0.03199999999999997|0.3651505270163082|0.3567231474892355|0.3301127020852085|0.3811412877668025
0.03200000000000001|0.8240000000000001|0.016000000000000014|0.03200000000000001|0.017092767457453212|0.013069128630694538|0.0|0.03747421747406232
0.08000000000000002|0.8240000000000001|0.016000000000000014|0.016|0.0506231564515579|0.04806108170012327|0.03747421747406232|0.05608810652290372
0.12800000000000003|0.8240000000000001|0.016000000000000014|0.032000000000000015|0.08159659175512714|0.07071700795724954|0.05608810652290372|0.07214215616846463
0.03200000000000001|0.8|0.008000000000000007|0.03200000000000001|0.013069128630694538|0.01270255164900357|0.0|0.01145376659640325
0.12800000000000003|0.8|0.008000000000000007|0.032000000000000015|0.07071700795724954|0.0692940876633593|0.070004433851642|0.070004433851642
0.03200000000000001|0.776|0.016000000000000014|0.03200000000000001|0.01270255164900357|0.01565192519560213|0.0|0.03449140532395139
0.08000000000000002|0.776|0.016000000000000014|0.016|0.04413648790444366|0.04587374177811305|0.03449140532395139|0.05204926234700014
0.12800000000000003|0.776|0.016000000000000014|0.032000000000000015|0.0692940876633593|0.0743677885963892|0.05204926234700014|0.06787238536949751
0.272|0.8240000000000001|0.016000000000000014|0.03200000000000003|0.28352109865824004|0.28812685964763457|0.29083531627309706|0.310898037525441
0.32|0.8240000000000001|0.016000000000000014|0.016000000000000014|0.3192973730257156|0.3209293981516129|0.310898037525441|0.3326005762086593
0.368|0.8240000000000001|0.016000000000000014|0.03199999999999997|0.3567231474892355|0.3570485324308953|0.3326005762086593|0.37552541200632045
0.272|0.8|0.008000000000000007|0.03200000000000003|0.28812685964763457|0.28542151685407013|0.2867698239584648|0.2867698239584648
0.368|0.8|0.008000000000000007|0.03199999999999997|0.3570485324308953|0.3547978792384147|0.35760133248496684|0.3710438363772119
0.272|0.776|0.016000000000000014|0.03200000000000003|0.28542151685407013|0.27081571438191293|0.2827189024470256|0.30113673779975436
0.32|0.776|0.016000000000000014|0.016000000000000014|0.3103456554761188|0.3066142991681292|0.30113673779975436|0.3232940945658493
0.368|0.776|0.016000000000000014|0.03199999999999997|0.3547978792384147|0.3461671216212684|0.3232940945658493|0.3699322505519392
0.03200000000000001|0.7280000000000001|0.03200000000000003|0.03200000000000001|0.01565192519560213|0.012156334593901218|0.0|0.03841650227631608
0.08000000000000002|0.7280000000000001|0.03200000000000003|0.016|0.04587374177811305|0.04934683358013262|0.03841650227631608|0.062016243478623
0.12800000000000003|0.7280000000000001|0.03200000000000003|0.032000000000000015|0.0743677885963892|0.0956204904004957|0.062016243478623|0.11742477960996901
0.03200000000000001|0.68|0.016000000000000014|0.03200000000000001|0.012156334593901218|0.01273602126858381|0.0|0.009956582056510323
0.12800000000000003|0.68|0.016000000000000014|0.032000000000000015|0.0956204904004957|0.09735711943864339|0.0997504680154892|0.11281665215099497
0.03200000000000001|0.632|0.03200000000000003|0.03200000000000001|0.01273602126858381|0.017707081353897508|0.0|0.042735123444851544
0.08000000000000002|0.632|0.03200000000000003|0.016|0.05495565636530777|0.054330518582012904|0.042735123444851544|0.06749259168687945
0.12800000000000003|0.632|0.03200000000000003|0.032000000000000015|0.09735711943864339|0.09065608248814595|0.06749259168687945|0.11476820756449639
0.17600000000000002|0.7280000000000001|0.03200000000000003|0.015999999999999986|0.13245744963557146|0.12371897935768907|0.11742477960996901|0.1518702292404895
0.2|0.7280000000000001|0.03200000000000003|0.008000000000000007|0.1615731009439323|0.1615731009439323|0.1518702292404895|0.1712843781172848
0.224|0.7280000000000001|0.03200000000000003|0.015999999999999986|0.1907069324639898|0.19203431846046332|0.1712843781172848|0.20947612992096012
0.17600000000000002|0.68|0.016000000000000014|0.015999999999999986|0.12371897935768907|0.12152285620640964|0.11281665215099497|0.11934974421874786
0.224|0.68|0.016000000000000014|0.015999999999999986|0.19203431846046332|0.18578214898067477|0.19269801145870008|0.20028940102980158
0.17600000000000002|0.632|0.03200000000000003|0.015999999999999986|0.12152285620640964|0.12303434122384103|0.11476820756449639|0.14056982772465995
0.2|0.632|0.03200000000000003|0.008000000000000007|0.14792020149612337|0.14531903745532848|0.14056982772465995|0.1559322908487547
0.224|0.632|0.03200000000000003|0.015999999999999986|0.18578214898067477|0.1669759257784555|0.1559322908487547|0.1835445492991218
0.272|0.7280000000000001|0.03200000000000003|0.03200000000000003|0.27081571438191293|0.22598456619856572|0.20947612992096012|0.28177311748048195
0.32|0.7280000000000001|0.03200000000000003|0.016000000000000014|0.3066142991681292|0.29915158655215013|0.28177311748048195|0.3128096445936498
0.368|0.7280000000000001|0.03200000000000003|0.03199999999999997|0.3461671216212684|0.33544070152193384|0.3128096445936498|0.36607021900908554
0.272|0.68|0.016000000000000014|0.03200000000000003|0.22598456619856572|0.21256316176793189|0.20028940102980158|0.21547218017200465
0.368|0.68|0.016000000000000014|0.03199999999999997|0.33544070152193384|0.32176291188681866|0.3331013425963084|0.3511133278292546
0.272|0.632|0.03200000000000003|0.03200000000000003|0.21256316176793189|0.1984880761248666|0.1835445492991218|0.23237438907815475
0.32|0.632|0.03200000000000003|0.016000000000000014|0.24518861166600375|0.2349179429967117|0.23237438907815475|0.26315667205722243
0.368|0.632|0.03200000000000003|0.03199999999999997|0.32176291188681866|0.2662506957136955|0.26315667205722243|0.34518548403365673
0.03200000000000001|0.5839999999999999|0.015999999999999903|0.03200000000000001|0.017707081353897508|0.013626313043753622|0.0|0.04181737846399429
0.08000000000000002|0.5839999999999999|0.015999999999999903|0.016|0.054330518582012904|0.054017949690365476|0.04181737846399429|0.06591226398264616
0.12800000000000003|0.5839999999999999|0.015999999999999903|0.032000000000000015|0.09065608248814595|0.09000927664321624|0.06591226398264616|0.11097811860842287
0.03200000000000001|0.5599999999999999|0.008000000000000007|0.03200000000000001|0.013626313043753622|0.012772636508592365|0.0|0.011732356645574907
0.12800000000000003|0.5599999999999999|0.008000000000000007|0.032000000000000015|0.09000927664321624|0.08651019777212017|0.09016346868122062|0.10542830090739408
0.03200000000000001|0.536|0.016000000000000014|0.03200000000000001|0.012772636508592365|0.014358011011511353|0.0|0.03486042501564462
0.08000000000000002|0.536|0.016000000000000014|0.016|0.0448640394061533|0.043427768103798566|0.03486042501564462|0.05630902764624274
0.12800000000000003|0.536|0.016000000000000014|0.032000000000000015|0.08651019777212017|0.07108324688984866|0.05630902764624274|0.10371755797987887
0.17600000000000002|0.5839999999999999|0.015999999999999903|0.015999999999999986|0.12303434122384103|0.11591158212689011|0.11097811860842287|0.13654984211954097
0.2|0.5839999999999999|0.015999999999999903|0.008000000000000007|0.14531903745532848|0.14401374222087046|0.13654984211954097|0.1508392538392473
0.224|0.5839999999999999|0.015999999999999903|0.015999999999999986|0.1669759257784555|0.16571611386481208|0.1508392538392473|0.1744476891913279
0.17600000000000002|0.5599999999999999|0.008000000000000007|0.015999999999999986|0.11591158212689011|0.11403162583710875|0.10542830090739408|0.11305671828483294
0.224|0.5599999999999999|0.008000000000000007|0.015999999999999986|0.16571611386481208|0.16376805075850762|0.16632726441694815|0.17269087940030256
0.17600000000000002|0.536|0.016000000000000014|0.015999999999999986|0.11403162583710875|0.11597278916690923|0.10371755797987887|0.13018668563727284
0.2|0.536|0.016000000000000014|0.008000000000000007|0.13729363387245466|0.13729363387245466|0.13018668563727284|0.14441461527869248
0.224|0.536|0.016000000000000014|0.015999999999999986|0.16376805075850762|0.158645774500937|0.14441461527869248|0.16778153861114892
0.272|0.5839999999999999|0.015999999999999903|0.03200000000000003|0.1984880761248666|0.1883955741663393|0.1744476891913279|0.21797478652006763
0.32|0.5839999999999999|0.015999999999999903|0.016000000000000014|0.2349179429967117|0.22978092306911055|0.21797478652006763|0.23646495482494823
0.368|0.5839999999999999|0.015999999999999903|0.03199999999999997|0.2662506957136955|0.2401109899345804|0.23646495482494823|0.24982913100555076
0.272|0.5599999999999999|0.008000000000000007|0.03200000000000003|0.1883955741663393|0.18562867214467896|0.17269087940030256|0.18541400379917572
0.368|0.5599999999999999|0.008000000000000007|0.03199999999999997|0.2401109899345804|0.23039988226258123|0.23524997573355877|0.23524997573355877
0.272|0.536|0.016000000000000014|0.03200000000000003|0.18562867214467896|0.189853244422764|0.16778153861114892|0.19756184104437685
0.32|0.536|0.016000000000000014|0.016000000000000014|0.20331525045904653|0.20330275771207157|0.19756184104437685|0.20911006541290642
0.368|0.536|0.016000000000000014|0.03199999999999997|0.23039988226258123|0.21680853134422876|0.20911006541290642|0.22069969532062617
0.03200000000000001|0.512|0.008000000000000007|0.03200000000000001|0.014358011011511353|0.012624932855127774|0.0|0.03317656110173192
0.08000000000000002|0.512|0.008000000000000007|0.016|0.043427768103798566|0.042709632452621195|0.03317656110173192|0.050813886035150996
0.12800000000000003|0.512|0.008000000000000007|0.032000000000000015|0.07108324688984866|0.06702235063963732|0.050813886035150996|0.06702239320021061
0.03200000000000001|0.5|0.0040000000000000036|0.03200000000000001|0.012624932855127774|0.012625516359754584|0.0|0.011881835124425984
0.12800000000000003|0.5|0.0040000000000000036|0.032000000000000015|0.06702235063963732|0.06702280957813757|0.06701943873221805|0.06701943873221805
0.03200000000000001|0.488|0.008000000000000007|0.03200000000000001|0.012625516359754584|0.014359994987004824|0.0|0.03318211306974212
0.08000000000000002|0.488|0.008000000000000007|0.016|0.042715840813452706|0.04343621068521153|0.03318211306974212|0.050821240521789705
0.12800000000000003|0.488|0.008000000000000007|0.032000000000000015|0.06702280957813757|0.0710931391277478|0.050821240521789705|0.06702955126997658
0.272|0.512|0.008000000000000007|0.03200000000000003|0.189853244422764|0.1917510763708732|0.19175718215904913|0.19945005292424653
0.32|0.512|0.008000000000000007|0.016000000000000014|0.20330275771207157|0.20328915183997975|0.19945005292424653|0.20715038180025874
0.368|0.512|0.008000000000000007|0.03199999999999997|0.21680853134422876|0.21485291237234447|0.20715038180025874|0.21485795556585582
0.272|0.5|0.0040000000000000036|0.03200000000000003|0.1917510763708732|0.19175586692830218|0.19174802347678524|0.19174802347678524
0.368|0.5|0.0040000000000000036|0.03199999999999997|0.21485291237234447|0.2148592319229711|0.21485039077558876|0.21485039077558876
0.272|0.488|0.008000000000000007|0.03200000000000003|0.19175586692830218|0.18987591560688133|0.19177155383133604|0.19946946551346703
0.32|0.488|0.008000000000000007|0.016000000000000014|0.20331603498717277|0.20332809607184818|0.19946946551346703|0.20717294094736788
0.368|0.488|0.008000000000000007|0.03199999999999997|0.2148592319229711|0.21683301317643808|0.20717294094736788|0.21487192475043929
0.03200000000000001|0.46399999999999997|0.01599999999999996|0.03200000000000001|0.014359994987004824|0.012776475373824571|0.0|0.03486846750068036
0.08000000000000002|0.46399999999999997|0.01599999999999996|0.016|0.04343621068521153|0.04487318623217535|0.03486846750068036|0.05632222910254698
0.12800000000000003|0.46399999999999997|0.01599999999999996|0.032000000000000015|0.0710931391277478|0.08654125996675933|0.05632222910254698|0.10374809618186619
0.03200000000000001|0.44|0.008000000000000007|0.03200000000000001|0.012776475373824571|0.01363137447571159|0.0|0.011736158510556
0.12800000000000003|0.44|0.008000000000000007|0.032000000000000015|0.08654125996675933|0.09004831404259965|0.0901983667891766|0.10546803474906342
0.03200000000000001|0.41600000000000004|0.016000000000000014|0.03200000000000001|0.01363137447571159|0.017714989631268396|0.0|0.0418360547223828
0.08000000000000002|0.41600000000000004|0.016000000000000014|0.016|0.05404349393996517|0.05435683185986541|0.0418360547223828|0.06594281065472289
0.12800000000000003|0.41600000000000004|0.016000000000000014|0.032000000000000015|0.09004831404259965|0.0906993940745294|0.06594281065472289|0.11102789194062053
0.17600000000000002|0.46399999999999997|0.01599999999999996|0.015999999999999986|0.11601198685115416|0.1140735644276384|0.10374809618186619|0.13022904570240007
0.2|0.46399999999999997|0.01599999999999996|0.008000000000000007|0.13733757512802303|0.13733757512802303|0.13022904570240007|0.144460087672888
0.224|0.46399999999999997|0.01599999999999996|0.015999999999999986|0.15869818224312457|0.1638279879839695|0.144460087672888|0.1678295449746742
0.17600000000000002|0.44|0.008000000000000007|0.015999999999999986|0.1140735644276384|0.11595801545847721|0.10546803474906342|0.11310004842070184
0.224|0.44|0.008000000000000007|0.015999999999999986|0.1638279879839695|0.16577984159705295|0.16638720044795613|0.17275449898946646
0.17600000000000002|0.41600000000000004|0.016000000000000014|0.015999999999999986|0.11595801545847721|0.12309071878895107|0.11102789194062053|0.13661043076334534
0.2|0.41600000000000004|0.016000000000000014|0.008000000000000007|0.14408149168630902|0.14538985566195547|0.13661043076334534|0.15091262771604308
0.224|0.41600000000000004|0.016000000000000014|0.015999999999999986|0.16577984159705295|0.16705856896917018|0.15091262771604308|0.17452660788327612
0.272|0.46399999999999997|0.01599999999999996|0.03200000000000003|0.18987591560688133|0.18567986406584086|0.1678295449746742|0.1975931537953578
0.32|0.46399999999999997|0.01599999999999996|0.016000000000000014|0.20332809607184818|0.20334741111405077|0.1975931537953578|0.20914988252541364
0.368|0.46399999999999997|0.01599999999999996|0.03199999999999997|0.21683301317643808|0.23046471348666187|0.20914988252541364|0.22074049958989067
0.272|0.44|0.008000000000000007|0.03200000000000003|0.18567986406584086|0.18846693760169897|0.17275449898946646|0.18547747651977542
0.368|0.44|0.008000000000000007|0.03199999999999997|0.23046471348666187|0.24019967728395716|0.2353225030050546|0.2353225030050546
0.272|0.41600000000000004|0.016000000000000014|0.03200000000000003|0.18846693760169897|0.1985818787284848|0.17452660788327612|0.21808043102954805
0.32|0.41600000000000004|0.016000000000000014|0.016000000000000014|0.22989223747279153|0.23503779677299685|0.21808043102954805|0.23657662197578652
0.368|0.41600000000000004|0.016000000000000014|0.03199999999999997|0.24019967728395716|0.2663867629926355|0.23657662197578652|0.2499453909817765
