10000runs
0.0016874999999999998|0.14831249999999999|0.0016874999999999998|0.0016875000000000084|0.0|0.0|0.0034924759253496126|0.004493300385926158
0.011249999999999996|0.14831249999999999|0.007874999999999997|0.0016875000000000084|0.004493300385926158|0.0034924759253496126|0.017075966495149773|0.016546780683847472
0.02081249999999999|0.14831249999999999|0.001687499999999998|0.0016875000000000084|0.016546780683847472|0.017075966495149773|0.02049732762947561|0.021173897517553858
0.0016874999999999998|0.13874999999999998|0.0016874999999999998|0.007875000000000021|0.0|0.0|0.0030336987427719664|0.0034924759253496126
0.02081249999999999|0.13874999999999998|0.001687499999999998|0.007875000000000021|0.017075966495149773|0.015174998031477642|0.018661105334373363|0.02049732762947561
0.0016874999999999998|0.12918749999999998|0.0016874999999999998|0.0016874999999999807|0.0|0.0|0.0037574718029626457|0.0030336987427719664
0.011249999999999996|0.12918749999999998|0.007874999999999997|0.0016874999999999807|0.0030336987427719664|0.0037574718029626457|0.01381060469103728|0.015174998031477642
0.02081249999999999|0.12918749999999998|0.001687499999999998|0.0016874999999999807|0.015174998031477642|0.01381060469103728|0.01726510534953854|0.018661105334373363
0.030375|0.14831249999999999|0.007875|0.0016875000000000084|0.021173897517553858|0.02049732762947561|0.029291189804345356|0.03357966126686248
0.075|0.14831249999999999|0.03675|0.0016875000000000084|0.03357966126686248|0.029291189804345356|0.09274610343103143|0.0868811855154673
0.119625|0.14831249999999999|0.007875000000000007|0.0016875000000000084|0.0868811855154673|0.09274610343103143|0.10138983697805001|0.0996038329571737
0.030375|0.13874999999999998|0.007875|0.007875000000000021|0.02049732762947561|0.018661105334373363|0.028228281993894815|0.029291189804345356
0.119625|0.13874999999999998|0.007875000000000007|0.007875000000000021|0.09274610343103143|0.0961239746463899|0.10629511366425352|0.10138983697805001
0.030375|0.12918749999999998|0.007875|0.0016874999999999807|0.018661105334373363|0.01726510534953854|0.030636285372914383|0.028228281993894815
0.075|0.12918749999999998|0.03675|0.0016874999999999807|0.028228281993894815|0.030636285372914383|0.09433536812529336|0.0961239746463899
0.119625|0.12918749999999998|0.007875000000000007|0.0016874999999999807|0.0961239746463899|0.09433536812529336|0.10861257579073186|0.10629511366425352
0.1291875|0.14831249999999999|0.0016875000000000084|0.0016875000000000084|0.0996038329571737|0.10138983697805001|0.10461476365118337|0.10420461327701895
0.13874999999999998|0.14831249999999999|0.007874999999999993|0.0016875000000000084|0.10420461327701895|0.10461476365118337|0.11857709585776055|0.11604553563147883
0.14831249999999996|0.14831249999999999|0.0016874999999999807|0.0016875000000000084|0.11604553563147883|0.11857709585776055|0.12284924402456374|0.12031610725998454
0.1291875|0.13874999999999998|0.0016875000000000084|0.007875000000000021|0.10138983697805001|0.10629511366425352|0.1103544387732877|0.10461476365118337
0.14831249999999996|0.13874999999999998|0.0016874999999999807|0.007875000000000021|0.11857709585776055|0.12431970522502962|0.12768596054830603|0.12284924402456374
0.1291875|0.12918749999999998|0.0016875000000000084|0.0016874999999999807|0.10629511366425352|0.10861257579073186|0.11267202825128038|0.1103544387732877
0.13874999999999998|0.12918749999999998|0.007874999999999993|0.0016874999999999807|0.1103544387732877|0.11267202825128038|0.12459143416937929|0.12431970522502962
0.14831249999999996|0.12918749999999998|0.0016874999999999807|0.0016874999999999807|0.12431970522502962|0.12459143416937929|0.12933068520576263|0.12768596054830603
0.0016874999999999998|0.11962500000000001|0.0016874999999999998|0.007874999999999993|0.0|0.0|0.00450322333547894|0.0037574718029626457
0.011249999999999996|0.11962500000000001|0.007874999999999997|0.007874999999999993|0.0037574718029626457|0.00450322333547894|0.012077276968372365|0.01381060469103728
0.02081249999999999|0.11962500000000001|0.001687499999999998|0.007874999999999993|0.01381060469103728|0.012077276968372365|0.014177562639253405|0.01726510534953854
0.0016874999999999998|0.075|0.0016874999999999998|0.03674999999999999|0.0|0.0|0.0047554569859426755|0.00450322333547894
0.02081249999999999|0.075|0.001687499999999998|0.03674999999999999|0.012077276968372365|0.012721237859511776|0.01490071754545636|0.014177562639253405
0.0016874999999999998|0.030374999999999992|0.0016874999999999998|0.007875000000000007|0.0|0.0|0.003988048343143233|0.0047554569859426755
0.011249999999999996|0.030374999999999992|0.007874999999999997|0.007875000000000007|0.0047554569859426755|0.003988048343143233|0.014725735850085705|0.012721237859511776
0.02081249999999999|0.030374999999999992|0.001687499999999998|0.007875000000000007|0.012721237859511776|0.014725735850085705|0.018508729288817506|0.01490071754545636
0.1291875|0.11962500000000001|0.0016875000000000084|0.007874999999999993|0.10861257579073186|0.11419736058601482|0.11629450061450043|0.11267202825128038
0.13874999999999998|0.11962500000000001|0.007874999999999993|0.007874999999999993|0.11267202825128038|0.11629450061450043|0.12575936197074924|0.12459143416937929
0.14831249999999996|0.11962500000000001|0.0016874999999999807|0.007874999999999993|0.12459143416937929|0.12575936197074924|0.13336745060085123|0.12933068520576263
0.1291875|0.075|0.0016875000000000084|0.03674999999999999|0.11419736058601482|0.12318507250219464|0.12601121664232567|0.11629450061450043
0.14831249999999996|0.075|0.0016874999999999807|0.03674999999999999|0.12575936197074924|0.13517822853428813|0.14135597592823376|0.13336745060085123
0.1291875|0.030374999999999992|0.0016875000000000084|0.007875000000000007|0.12318507250219464|0.12126751352401885|0.12513385716466574|0.12601121664232567
0.13874999999999998|0.030374999999999992|0.007874999999999993|0.007875000000000007|0.12601121664232567|0.12513385716466574|0.13677597309982717|0.13517822853428813
0.14831249999999996|0.030374999999999992|0.0016874999999999807|0.007875000000000007|0.13517822853428813|0.13677597309982717|0.14124616043379049|0.14135597592823376
0.0016874999999999998|0.020812499999999998|0.0016874999999999998|0.0016875000000000015|0.0|0.0|0.0032080047178588895|0.003988048343143233
0.011249999999999996|0.020812499999999998|0.007874999999999997|0.0016875000000000015|0.003988048343143233|0.0032080047178588895|0.016153312033206756|0.014725735850085705
0.02081249999999999|0.020812499999999998|0.001687499999999998|0.0016875000000000015|0.014725735850085705|0.016153312033206756|0.01997495364830552|0.018508729288817506
0.0016874999999999998|0.011249999999999996|0.0016874999999999998|0.007875|0.0|0.0|0.0034008670560078005|0.0032080047178588895
0.02081249999999999|0.011249999999999996|0.001687499999999998|0.007875|0.016153312033206756|0.017632169574154078|0.02136267761639781|0.01997495364830552
0.0016874999999999998|0.0016874999999999946|0.0016874999999999998|0.0016874999999999998|0.0|0.0|0.0038005817814350334|0.0034008670560078005
0.011249999999999996|0.0016874999999999946|0.007874999999999997|0.0016874999999999998|0.0034008670560078005|0.0038005817814350334|0.017369615019662898|0.017632169574154078
0.02081249999999999|0.0016874999999999946|0.001687499999999998|0.0016874999999999998|0.017632169574154078|0.017369615019662898|0.021196162452923155|0.02136267761639781
0.030375|0.020812499999999998|0.007875|0.0016875000000000015|0.018508729288817506|0.01997495364830552|0.03080540239753855|0.03369175557233225
0.075|0.020812499999999998|0.03675|0.0016875000000000015|0.03369175557233225|0.03080540239753855|0.10921429965146165|0.10625121810869487
0.119625|0.020812499999999998|0.007875000000000007|0.0016875000000000015|0.10625121810869487|0.10921429965146165|0.12002442783828052|0.12126751352401885
0.030375|0.011249999999999996|0.007875|0.007875|0.01997495364830552|0.02136267761639781|0.031618226131882955|0.03080540239753855
0.119625|0.011249999999999996|0.007875000000000007|0.007875|0.10921429965146165|0.10863263814753911|0.1189635002200863|0.12002442783828052
0.030375|0.0016874999999999946|0.007875|0.0016874999999999998|0.02136267761639781|0.021196162452923155|0.03498681038489733|0.031618226131882955
0.075|0.0016874999999999946|0.03675|0.0016874999999999998|0.031618226131882955|0.03498681038489733|0.10532446917395036|0.10863263814753911
0.119625|0.0016874999999999946|0.007875000000000007|0.0016874999999999998|0.10863263814753911|0.10532446917395036|0.11918708629115844|0.1189635002200863
0.1291875|0.020812499999999998|0.0016875000000000084|0.0016875000000000015|0.12126751352401885|0.12002442783828052|0.12391428364260293|0.12513385716466574
0.13874999999999998|0.020812499999999998|0.007874999999999993|0.0016875000000000015|0.12513385716466574|0.12391428364260293|0.13773850292981155|0.13677597309982717
0.14831249999999996|0.020812499999999998|0.0016874999999999807|0.0016875000000000015|0.13677597309982717|0.13773850292981155|0.14125452648666|0.14124616043379049
0.1291875|0.011249999999999996|0.0016875000000000084|0.007875|0.12002442783828052|0.1189635002200863|0.12279312484905126|0.12391428364260293
0.14831249999999996|0.011249999999999996|0.0016874999999999807|0.007875|0.13773850292981155|0.13760701380996565|0.14129053696853344|0.14125452648666
0.1291875|0.0016874999999999946|0.0016875000000000084|0.0016874999999999998|0.1189635002200863|0.11918708629115844|0.12310612398470991|0.12279312484905126
0.13874999999999998|0.0016874999999999946|0.007874999999999993|0.0016874999999999998|0.12279312484905126|0.12310612398470991|0.13718055874073076|0.13760701380996565
0.14831249999999996|0.0016874999999999946|0.0016874999999999807|0.0016874999999999998|0.13760701380996565|0.13718055874073076|0.1409515477674221|0.14129053696853344
0.15787500000000002|0.14831249999999999|0.007874999999999993|0.0016875000000000084|0.12031610725998454|0.12284924402456374|0.1340752495263199|0.13626836403496909
0.2025|0.14831249999999999|0.036750000000000005|0.0016875000000000084|0.13626836403496909|0.1340752495263199|0.21062248861948868|0.20829035234556842
0.247125|0.14831249999999999|0.007874999999999993|0.0016875000000000084|0.20829035234556842|0.21062248861948868|0.22264196461137425|0.22311022590797006
0.15787500000000002|0.13874999999999998|0.007874999999999993|0.007875000000000021|0.12284924402456374|0.12768596054830603|0.13690414300230075|0.1340752495263199
0.247125|0.13874999999999998|0.007874999999999993|0.007875000000000021|0.21062248861948868|0.2065174731126756|0.21843174069282187|0.22264196461137425
0.15787500000000002|0.12918749999999998|0.007874999999999993|0.0016874999999999807|0.12768596054830603|0.12933068520576263|0.14259887358673495|0.13690414300230075
0.2025|0.12918749999999998|0.036750000000000005|0.0016874999999999807|0.13690414300230075|0.14259887358673495|0.19850838042746116|0.2065174731126756
0.247125|0.12918749999999998|0.007874999999999993|0.0016874999999999807|0.2065174731126756|0.19850838042746116|0.21035334372379158|0.21843174069282187
0.29175|0.14831249999999999|0.036750000000000005|0.0016875000000000084|0.22311022590797006|0.22264196461137425|0.2754350543334439|0.29813067674576604
0.5|0.14831249999999999|0.17149999999999999|0.0016875000000000084|0.29813067674576604|0.2754350543334439|0.7245649456664827|0.7018693232541605
0.70825|0.14831249999999999|0.03675000000000006|0.0016875000000000084|0.7018693232541605|0.7245649456664827|0.7773580353885523|0.7768897740919568
0.29175|0.13874999999999998|0.036750000000000005|0.007875000000000021|0.22264196461137425|0.21843174069282187|0.27259174557294547|0.2754350543334439
0.70825|0.13874999999999998|0.03675000000000006|0.007875000000000021|0.7245649456664827|0.7274082544269808|0.7815682593071044|0.7773580353885523
0.29175|0.12918749999999998|0.036750000000000005|0.0016874999999999807|0.21843174069282187|0.21035334372379158|0.29299579032358664|0.27259174557294547
0.5|0.12918749999999998|0.17149999999999999|0.0016874999999999807|0.27259174557294547|0.29299579032358664|0.7070042096763397|0.7274082544269808
0.70825|0.12918749999999998|0.03675000000000006|0.0016874999999999807|0.7274082544269808|0.7070042096763397|0.7896466562761346|0.7815682593071044
0.752875|0.14831249999999999|0.007874999999999965|0.0016875000000000084|0.7768897740919568|0.7773580353885523|0.7893775113804382|0.7917096476543588
0.7975|0.14831249999999999|0.03674999999999995|0.0016875000000000084|0.7917096476543588|0.7893775113804382|0.8659247504736103|0.8637316359649613
0.842125|0.14831249999999999|0.007875000000000076|0.0016875000000000084|0.8637316359649613|0.8659247504736103|0.8771507559753672|0.8796838927399465
0.752875|0.13874999999999998|0.007874999999999965|0.007875000000000021|0.7773580353885523|0.7815682593071044|0.7934825268872507|0.7893775113804382
0.842125|0.13874999999999998|0.007875000000000076|0.007875000000000021|0.8659247504736103|0.8630958569976288|0.8723140394516241|0.8771507559753672
0.752875|0.12918749999999998|0.007874999999999965|0.0016874999999999807|0.7815682593071044|0.7896466562761346|0.8014916195724653|0.7934825268872507
0.7975|0.12918749999999998|0.03674999999999995|0.0016874999999999807|0.7934825268872507|0.8014916195724653|0.8574011264131942|0.8630958569976288
0.842125|0.12918749999999998|0.007875000000000076|0.0016874999999999807|0.8630958569976288|0.8574011264131942|0.8706693147941676|0.8723140394516241
0.15787500000000002|0.11962500000000001|0.007874999999999993|0.007874999999999993|0.12933068520576263|0.13336745060085123|0.14456619119906713|0.14259887358673495
0.2025|0.11962500000000001|0.036750000000000005|0.007874999999999993|0.14259887358673495|0.14456619119906713|0.19549896251276352|0.19850838042746116
0.247125|0.11962500000000001|0.007874999999999993|0.007874999999999993|0.19850838042746116|0.19549896251276352|0.20126064081010525|0.21035334372379158
0.15787500000000002|0.075|0.007874999999999993|0.03674999999999999|0.13336745060085123|0.14135597592823376|0.15191547811892803|0.14456619119906713
0.247125|0.075|0.007874999999999993|0.03674999999999999|0.19549896251276352|0.20056631575008962|0.20576346374350965|0.20126064081010525
0.15787500000000002|0.030374999999999992|0.007874999999999993|0.007875000000000007|0.14135597592823376|0.14124616043379049|0.1532311385969706|0.15191547811892803
0.2025|0.030374999999999992|0.036750000000000005|0.007875000000000007|0.15191547811892803|0.1532311385969706|0.20560758771334695|0.20056631575008962
0.247125|0.030374999999999992|0.007874999999999993|0.007875000000000007|0.20056631575008962|0.20560758771334695|0.21703233777654812|0.20576346374350965
0.752875|0.11962500000000001|0.007874999999999965|0.007874999999999993|0.7896466562761346|0.7987393591898211|0.8045010374871633|0.8014916195724653
0.7975|0.11962500000000001|0.03674999999999995|0.007874999999999993|0.8014916195724653|0.8045010374871633|0.8554338088008623|0.8574011264131942
0.842125|0.11962500000000001|0.007875000000000076|0.007874999999999993|0.8574011264131942|0.8554338088008623|0.8666325493990791|0.8706693147941676
0.752875|0.075|0.007874999999999965|0.03674999999999999|0.7987393591898211|0.7942365362564168|0.7994336842498371|0.8045010374871633
0.842125|0.075|0.007875000000000076|0.03674999999999999|0.8554338088008623|0.8480845218810013|0.8586440240716966|0.8666325493990791
0.752875|0.030374999999999992|0.007874999999999965|0.007875000000000007|0.7942365362564168|0.7829676622233782|0.7943924122865799|0.7994336842498371
0.7975|0.030374999999999992|0.03674999999999995|0.007875000000000007|0.7994336842498371|0.7943924122865799|0.8467688614029587|0.8480845218810013
0.842125|0.030374999999999992|0.007875000000000076|0.007875000000000007|0.8480845218810013|0.8467688614029587|0.8587538395661395|0.8586440240716966
0.15787500000000002|0.020812499999999998|0.007874999999999993|0.0016875000000000015|0.14124616043379049|0.14125452648666|0.15011398517411356|0.1532311385969706
0.2025|0.020812499999999998|0.036750000000000005|0.0016875000000000015|0.1532311385969706|0.15011398517411356|0.21451470933026848|0.20560758771334695
0.247125|0.020812499999999998|0.007874999999999993|0.0016875000000000015|0.20560758771334695|0.21451470933026848|0.2260209014013731|0.21703233777654812
0.15787500000000002|0.011249999999999996|0.007874999999999993|0.007875|0.14125452648666|0.14129053696853344|0.15076122345516263|0.15011398517411356
0.247125|0.011249999999999996|0.007874999999999993|0.007875|0.21451470933026848|0.21998150680584735|0.2312106653028314|0.2260209014013731
0.15787500000000002|0.0016874999999999946|0.007874999999999993|0.0016874999999999998|0.14129053696853344|0.1409515477674221|0.15367194139425683|0.15076122345516263
0.2025|0.0016874999999999946|0.036750000000000005|0.0016874999999999998|0.15076122345516263|0.15367194139425683|0.21823107399502406|0.21998150680584735
0.247125|0.0016874999999999946|0.007874999999999993|0.0016874999999999998|0.21998150680584735|0.21823107399502406|0.232021584292406|0.2312106653028314
0.29175|0.020812499999999998|0.036750000000000005|0.0016875000000000015|0.21703233777654812|0.2260209014013731|0.2787663820765293|0.29829458956743177
0.5|0.020812499999999998|0.17149999999999999|0.0016875000000000015|0.29829458956743177|0.2787663820765293|0.7212336179233968|0.7017054104324945
0.70825|0.020812499999999998|0.03675000000000006|0.0016875000000000015|0.7017054104324945|0.7212336179233968|0.7739790985985532|0.7829676622233782
0.29175|0.011249999999999996|0.036750000000000005|0.007875|0.2260209014013731|0.2312106653028314|0.28214793440197333|0.2787663820765293
0.70825|0.011249999999999996|0.03675000000000006|0.007875|0.7212336179233968|0.7178520655979526|0.7687893346970945|0.7739790985985532
0.29175|0.0016874999999999946|0.036750000000000005|0.0016874999999999998|0.2312106653028314|0.232021584292406|0.304401519410242|0.28214793440197333
0.5|0.0016874999999999946|0.17149999999999999|0.0016874999999999998|0.28214793440197333|0.304401519410242|0.6955984805896838|0.7178520655979526
0.70825|0.0016874999999999946|0.03675000000000006|0.0016874999999999998|0.7178520655979526|0.6955984805896838|0.7679784157075199|0.7687893346970945
0.752875|0.020812499999999998|0.007874999999999965|0.0016875000000000015|0.7829676622233782|0.7739790985985532|0.785485290669658|0.7943924122865799
0.7975|0.020812499999999998|0.03674999999999995|0.0016875000000000015|0.7943924122865799|0.785485290669658|0.8498860148258158|0.8467688614029587
0.842125|0.020812499999999998|0.007875000000000076|0.0016875000000000015|0.8467688614029587|0.8498860148258158|0.85874547351327|0.8587538395661395
0.752875|0.011249999999999996|0.007874999999999965|0.007875|0.7739790985985532|0.7687893346970945|0.780018493194079|0.785485290669658
0.842125|0.011249999999999996|0.007875000000000076|0.007875|0.8498860148258158|0.8492387765447673|0.8587094630313972|0.85874547351327
0.752875|0.0016874999999999946|0.007874999999999965|0.0016874999999999998|0.7687893346970945|0.7679784157075199|0.7817689260049024|0.780018493194079
0.7975|0.0016874999999999946|0.03674999999999995|0.0016874999999999998|0.780018493194079|0.7817689260049024|0.846328058605673|0.8492387765447673
0.842125|0.0016874999999999946|0.007875000000000076|0.0016874999999999998|0.8492387765447673|0.846328058605673|0.8590484522325087|0.8587094630313972
0.8516874999999999|0.14831249999999999|0.001687499999999953|0.0016875000000000084|0.8796838927399465|0.8771507559753672|0.8814229041421708|0.8839544643684533
0.86125|0.14831249999999999|0.007874999999999965|0.0016875000000000084|0.8839544643684533|0.8814229041421708|0.8953852363487522|0.8957953867229167
0.8708125|0.14831249999999999|0.001687500000000064|0.0016875000000000084|0.8957953867229167|0.8953852363487522|0.8986101630218873|0.9003961670427639
0.8516874999999999|0.13874999999999998|0.001687499999999953|0.007875000000000021|0.8771507559753672|0.8723140394516241|0.875680294774901|0.8814229041421708
0.8708125|0.13874999999999998|0.001687500000000064|0.007875000000000021|0.8953852363487522|0.8896455612266465|0.8937048863356828|0.8986101630218873
0.8516874999999999|0.12918749999999998|0.001687499999999953|0.0016874999999999807|0.8723140394516241|0.8706693147941676|0.8754085658305515|0.875680294774901
0.86125|0.12918749999999998|0.007874999999999965|0.0016874999999999807|0.875680294774901|0.8754085658305515|0.8873279717486534|0.8896455612266465
0.8708125|0.12918749999999998|0.001687500000000064|0.0016874999999999807|0.8896455612266465|0.8873279717486534|0.8913874242092037|0.8937048863356828
0.880375|0.14831249999999999|0.007874999999999965|0.0016875000000000084|0.9003961670427639|0.8986101630218873|0.9072538965689108|0.9131188144844776
0.925|0.14831249999999999|0.03674999999999995|0.0016875000000000084|0.9131188144844776|0.9072538965689108|0.9707088101956332|0.9664203387331133
0.9696250000000001|0.14831249999999999|0.007875000000000076|0.0016875000000000084|0.9664203387331133|0.9707088101956332|0.9795026723705076|0.978826102482429
0.880375|0.13874999999999998|0.007874999999999965|0.007875000000000021|0.8986101630218873|0.8937048863356828|0.9038760253535517|0.9072538965689108
0.9696250000000001|0.13874999999999998|0.007875000000000076|0.007875000000000021|0.9707088101956332|0.9717717180060849|0.9813388946656117|0.9795026723705076
0.880375|0.12918749999999998|0.007874999999999965|0.0016874999999999807|0.8937048863356828|0.8913874242092037|0.9056646318746499|0.9038760253535517
0.925|0.12918749999999998|0.03674999999999995|0.0016874999999999807|0.9038760253535517|0.9056646318746499|0.9693637146270642|0.9717717180060849
0.9696250000000001|0.12918749999999998|0.007875000000000076|0.0016874999999999807|0.9717717180060849|0.9693637146270642|0.9827348946504476|0.9813388946656117
0.9791875000000001|0.14831249999999999|0.001687500000000064|0.0016875000000000084|0.978826102482429|0.9795026723705076|0.9829240335048358|0.9834532193161386
0.9887500000000001|0.14831249999999999|0.007875000000000076|0.0016875000000000084|0.9834532193161386|0.9829240335048358|0.996507524074647|0.9955066996140698
0.9983125000000002|0.14831249999999999|0.001687499999999953|0.0016875000000000084|0.9955066996140698|0.996507524074647|1.0|1.0
0.9791875000000001|0.13874999999999998|0.001687500000000064|0.007875000000000021|0.9795026723705076|0.9813388946656117|0.9848250019685098|0.9829240335048358
0.9983125000000002|0.13874999999999998|0.001687499999999953|0.007875000000000021|0.996507524074647|0.9969663012572254|1.0|1.0
0.9791875000000001|0.12918749999999998|0.001687500000000064|0.0016874999999999807|0.9813388946656117|0.9827348946504476|0.9861893953089512|0.9848250019685098
0.9887500000000001|0.12918749999999998|0.007875000000000076|0.0016874999999999807|0.9848250019685098|0.9861893953089512|0.9962425281970341|0.9969663012572254
0.9983125000000002|0.12918749999999998|0.001687499999999953|0.0016874999999999807|0.9969663012572254|0.9962425281970341|1.0|1.0
0.8516874999999999|0.11962500000000001|0.001687499999999953|0.007874999999999993|0.8706693147941676|0.8666325493990791|0.8742406380291821|0.8754085658305515
0.86125|0.11962500000000001|0.007874999999999965|0.007874999999999993|0.8754085658305515|0.8742406380291821|0.883705499385433|0.8873279717486534
0.8708125|0.11962500000000001|0.001687500000000064|0.007874999999999993|0.8873279717486534|0.883705499385433|0.8858026394139192|0.8913874242092037
0.8516874999999999|0.075|0.001687499999999953|0.03674999999999999|0.8666325493990791|0.8586440240716966|0.8648217714656431|0.8742406380291821
0.8708125|0.075|0.001687500000000064|0.03674999999999999|0.883705499385433|0.8739887833576077|0.8768149274977395|0.8858026394139192
0.8516874999999999|0.030374999999999992|0.001687499999999953|0.007875000000000007|0.8586440240716966|0.8587538395661395|0.8632240269001036|0.8648217714656431
0.86125|0.030374999999999992|0.007874999999999965|0.007875000000000007|0.8648217714656431|0.8632240269001036|0.8748661428352682|0.8739887833576077
0.8708125|0.030374999999999992|0.001687500000000064|0.007875000000000007|0.8739887833576077|0.8748661428352682|0.8787324864759168|0.8768149274977395
0.9791875000000001|0.11962500000000001|0.001687500000000064|0.007874999999999993|0.9827348946504476|0.9858224373607352|0.9879227230316178|0.9861893953089512
0.9887500000000001|0.11962500000000001|0.007875000000000076|0.007874999999999993|0.9861893953089512|0.9879227230316178|0.9954967766645172|0.9962425281970341
0.9983125000000002|0.11962500000000001|0.001687499999999953|0.007874999999999993|0.9962425281970341|0.9954967766645172|1.0|1.0
0.9791875000000001|0.075|0.001687500000000064|0.03674999999999999|0.9858224373607352|0.9850992824545332|0.9872787621404792|0.9879227230316178
0.9983125000000002|0.075|0.001687499999999953|0.03674999999999999|0.9954967766645172|0.995244543014054|1.0|1.0
0.9791875000000001|0.030374999999999992|0.001687500000000064|0.007875000000000007|0.9850992824545332|0.9814912707111701|0.9852742641499042|0.9872787621404792
0.9887500000000001|0.030374999999999992|0.007875000000000076|0.007875000000000007|0.9872787621404792|0.9852742641499042|0.9960119516568542|0.995244543014054
0.9983125000000002|0.030374999999999992|0.001687499999999953|0.007875000000000007|0.995244543014054|0.9960119516568542|1.0|1.0
0.8516874999999999|0.020812499999999998|0.001687499999999953|0.0016875000000000015|0.8587538395661395|0.85874547351327|0.8622614970701189|0.8632240269001036
0.86125|0.020812499999999998|0.007874999999999965|0.0016875000000000015|0.8632240269001036|0.8622614970701189|0.8760857163573316|0.8748661428352682
0.8708125|0.020812499999999998|0.001687500000000064|0.0016875000000000015|0.8748661428352682|0.8760857163573316|0.8799755721616559|0.8787324864759168
0.8516874999999999|0.011249999999999996|0.001687499999999953|0.007875|0.85874547351327|0.8587094630313972|0.8623929861899658|0.8622614970701189
0.8708125|0.011249999999999996|0.001687500000000064|0.007875|0.8760857163573316|0.8772068751508848|0.8810364997798512|0.8799755721616559
0.8516874999999999|0.0016874999999999946|0.001687499999999953|0.0016874999999999998|0.8587094630313972|0.8590484522325087|0.8628194412592008|0.8623929861899658
0.86125|0.0016874999999999946|0.007874999999999965|0.0016874999999999998|0.8623929861899658|0.8628194412592008|0.8768938760152261|0.8772068751508848
0.8708125|0.0016874999999999946|0.001687500000000064|0.0016874999999999998|0.8772068751508848|0.8768938760152261|0.8808129137087791|0.8810364997798512
0.880375|0.020812499999999998|0.007874999999999965|0.0016875000000000015|0.8787324864759168|0.8799755721616559|0.8907857003484804|0.8937487818912485
0.925|0.020812499999999998|0.03674999999999995|0.0016875000000000015|0.8937487818912485|0.8907857003484804|0.969194597602443|0.9663082444276477
0.9696250000000001|0.020812499999999998|0.007875000000000076|0.0016875000000000015|0.9663082444276477|0.969194597602443|0.9800250463516814|0.9814912707111701
0.880375|0.011249999999999996|0.007874999999999965|0.007875|0.8799755721616559|0.8810364997798512|0.8913673618524037|0.8907857003484804
0.9696250000000001|0.011249999999999996|0.007875000000000076|0.007875|0.969194597602443|0.9683817738680988|0.9786373223835892|0.9800250463516814
0.880375|0.0016874999999999946|0.007874999999999965|0.0016874999999999998|0.8810364997798512|0.8808129137087791|0.8946755308259944|0.8913673618524037
0.925|0.0016874999999999946|0.03674999999999995|0.0016874999999999998|0.8913673618524037|0.8946755308259944|0.9650131896150829|0.9683817738680988
0.9696250000000001|0.0016874999999999946|0.007875000000000076|0.0016874999999999998|0.9683817738680988|0.9650131896150829|0.978803837547064|0.9786373223835892
0.9791875000000001|0.020812499999999998|0.001687500000000064|0.0016875000000000015|0.9814912707111701|0.9800250463516814|0.9838466879667823|0.9852742641499042
0.9887500000000001|0.020812499999999998|0.007875000000000076|0.0016875000000000015|0.9852742641499042|0.9838466879667823|0.996791995282139|0.9960119516568542
0.9983125000000002|0.020812499999999998|0.001687499999999953|0.0016875000000000015|0.9960119516568542|0.996791995282139|1.0|1.0
0.9791875000000001|0.011249999999999996|0.001687500000000064|0.007875|0.9800250463516814|0.9786373223835892|0.9823678304258352|0.9838466879667823
0.9983125000000002|0.011249999999999996|0.001687499999999953|0.007875|0.996791995282139|0.9965991329439903|1.0|1.0
0.9791875000000001|0.0016874999999999946|0.001687500000000064|0.0016874999999999998|0.9786373223835892|0.978803837547064|0.9826303849803265|0.9823678304258352
0.9887500000000001|0.0016874999999999946|0.007875000000000076|0.0016874999999999998|0.9823678304258352|0.9826303849803265|0.9961994182185627|0.9965991329439903
0.9983125000000002|0.0016874999999999946|0.001687499999999953|0.0016874999999999998|0.9965991329439903|0.9961994182185627|1.0|1.0
0.8516874999999999|0.842125|0.001687499999999953|0.007874999999999965|0.8796838927399617|0.8869658226101079|0.8886438150807291|0.8839544643684681
0.86125|0.842125|0.007874999999999965|0.007874999999999965|0.8839544643684681|0.8886438150807291|0.89749494302249|0.8957953867229315
0.8708125|0.842125|0.001687500000000064|0.007874999999999965|0.8957953867229315|0.89749494302249|0.9049827076620648|0.900396167042778
0.8516874999999999|0.7975|0.001687499999999953|0.03674999999999995|0.8869658226101079|0.9049181126781523|0.9066892285550482|0.8886438150807291
0.8708125|0.7975|0.001687500000000064|0.03674999999999995|0.89749494302249|0.9116540083518614|0.9157363233971232|0.9049827076620648
0.8516874999999999|0.752875|0.001687499999999953|0.007875000000000076|0.9049181126781523|0.9069584410187959|0.9082118089291751|0.9066892285550482
0.86125|0.752875|0.007874999999999965|0.007875000000000076|0.9066892285550482|0.9082118089291751|0.9121430732216473|0.9116540083518614
0.8708125|0.752875|0.001687500000000064|0.007875000000000076|0.9116540083518614|0.9121430732216473|0.9164750182264763|0.9157363233971232
0.880375|0.842125|0.007874999999999965|0.007874999999999965|0.900396167042778|0.9049827076620648|0.9157014411986275|0.91311881448449
0.925|0.842125|0.03674999999999995|0.007874999999999965|0.91311881448449|0.9157014411986275|0.9660631000308325|0.9664203387331186
0.9696250000000001|0.842125|0.007875000000000076|0.007874999999999965|0.9664203387331186|0.9660631000308325|0.9768740377697995|0.9788261024824331
0.880375|0.7975|0.007874999999999965|0.03674999999999995|0.9049827076620648|0.9157363233971232|0.9244273960524029|0.9157014411986275
0.9696250000000001|0.7975|0.007875000000000076|0.03674999999999995|0.9660631000308325|0.966875343780174|0.9766270508285603|0.9768740377697995
0.880375|0.752875|0.007874999999999965|0.007875000000000076|0.9157363233971232|0.9164750182264763|0.926533903662167|0.9244273960524029
0.925|0.752875|0.03674999999999995|0.007875000000000076|0.9244273960524029|0.926533903662167|0.9657930997372653|0.966875343780174
0.9696250000000001|0.752875|0.007875000000000076|0.007875000000000076|0.966875343780174|0.9657930997372653|0.9774468951774157|0.9766270508285603
0.9791875000000001|0.842125|0.001687500000000064|0.007874999999999965|0.9788261024824331|0.9768740377697995|0.9838821723718129|0.9834532193161419
0.9887500000000001|0.842125|0.007875000000000076|0.007874999999999965|0.9834532193161419|0.9838821723718129|0.994384747629777|0.9955066996140707
0.9983125000000002|0.842125|0.001687499999999953|0.007874999999999965|0.9955066996140707|0.994384747629777|1.0|1.0
0.9791875000000001|0.7975|0.001687500000000064|0.03674999999999995|0.9768740377697995|0.9766270508285603|0.9835370633074719|0.9838821723718129
0.9983125000000002|0.7975|0.001687499999999953|0.03674999999999995|0.994384747629777|0.9938269346995513|1.0|1.0
0.9791875000000001|0.752875|0.001687500000000064|0.007875000000000076|0.9766270508285603|0.9774468951774157|0.9843363565033021|0.9835370633074719
0.9887500000000001|0.752875|0.007875000000000076|0.007875000000000076|0.9835370633074719|0.9843363565033021|0.993323995731731|0.9938269346995513
0.9983125000000002|0.752875|0.001687499999999953|0.007875000000000076|0.9938269346995513|0.993323995731731|1.0|1.0
0.8516874999999999|0.70825|0.001687499999999953|0.03674999999999995|0.9069584410187959|0.9082668983062631|0.9092210932140615|0.9082118089291751
0.86125|0.70825|0.007874999999999965|0.03674999999999995|0.9082118089291751|0.9092210932140615|0.9120441230762895|0.9121430732216473
0.8708125|0.70825|0.001687500000000064|0.03674999999999995|0.9121430732216473|0.9120441230762895|0.9133651619596344|0.9164750182264763
0.8516874999999999|0.5|0.001687499999999953|0.17149999999999999|0.9082668983062631|0.9082668983062543|0.9092210932140522|0.9092210932140615
0.8708125|0.5|0.001687500000000064|0.17149999999999999|0.9120441230762895|0.9120441230762805|0.913365161959626|0.9133651619596344
0.8516874999999999|0.29175|0.001687499999999953|0.036750000000000005|0.9082668983062543|0.9069584410187838|0.9082118089291633|0.9092210932140522
0.86125|0.29175|0.007874999999999965|0.036750000000000005|0.9092210932140522|0.9082118089291633|0.9121430732216358|0.9120441230762805
0.8708125|0.29175|0.001687500000000064|0.036750000000000005|0.9120441230762805|0.9121430732216358|0.9164750182264653|0.913365161959626
0.9791875000000001|0.70825|0.001687500000000064|0.03674999999999995|0.9774468951774157|0.9828924461342214|0.985692750055528|0.9843363565033021
0.9887500000000001|0.70825|0.007875000000000076|0.03674999999999995|0.9843363565033021|0.985692750055528|0.9933159713936014|0.993323995731731
0.9983125000000002|0.70825|0.001687499999999953|0.03674999999999995|0.993323995731731|0.9933159713936014|1.0|1.0
0.9791875000000001|0.5|0.001687500000000064|0.17149999999999999|0.9828924461342214|0.9828924461342184|0.9856927500555253|0.985692750055528
0.9983125000000002|0.5|0.001687499999999953|0.17149999999999999|0.9933159713936014|0.9933159713936001|1.0|1.0
0.9791875000000001|0.29175|0.001687500000000064|0.036750000000000005|0.9828924461342184|0.9774468951774109|0.9843363565032984|0.9856927500555253
0.9887500000000001|0.29175|0.007875000000000076|0.036750000000000005|0.9856927500555253|0.9843363565032984|0.9933239957317291|0.9933159713936001
0.9983125000000002|0.29175|0.001687499999999953|0.036750000000000005|0.9933159713936001|0.9933239957317291|1.0|1.0
0.8516874999999999|0.247125|0.001687499999999953|0.007874999999999993|0.9069584410187838|0.9049181126781397|0.9066892285550356|0.9082118089291633
0.86125|0.247125|0.007874999999999965|0.007874999999999993|0.9082118089291633|0.9066892285550356|0.9116540083518494|0.9121430732216358
0.8708125|0.247125|0.001687500000000064|0.007874999999999993|0.9121430732216358|0.9116540083518494|0.9157363233971119|0.9164750182264653
0.8516874999999999|0.2025|0.001687499999999953|0.036750000000000005|0.9049181126781397|0.886965822610093|0.8886438150807142|0.9066892285550356
0.8708125|0.2025|0.001687500000000064|0.036750000000000005|0.9116540083518494|0.8974949430224759|0.9049827076620515|0.9157363233971119
0.8516874999999999|0.15787500000000002|0.001687499999999953|0.007874999999999993|0.886965822610093|0.8796838927399465|0.8839544643684533|0.8886438150807142
0.86125|0.15787500000000002|0.007874999999999965|0.007874999999999993|0.8886438150807142|0.8839544643684533|0.8957953867229167|0.8974949430224759
0.8708125|0.15787500000000002|0.001687500000000064|0.007874999999999993|0.8974949430224759|0.8957953867229167|0.9003961670427639|0.9049827076620515
0.880375|0.247125|0.007874999999999965|0.007874999999999993|0.9164750182264653|0.9157363233971119|0.9244273960523923|0.926533903662157
0.925|0.247125|0.03674999999999995|0.007874999999999993|0.926533903662157|0.9244273960523923|0.9668753437801679|0.9657930997372595
0.9696250000000001|0.247125|0.007875000000000076|0.007874999999999993|0.9657930997372595|0.9668753437801679|0.9766270508285555|0.9774468951774109
0.880375|0.2025|0.007874999999999965|0.036750000000000005|0.9157363233971119|0.9049827076620515|0.9157014411986154|0.9244273960523923
0.9696250000000001|0.2025|0.007875000000000076|0.036750000000000005|0.9668753437801679|0.9660631000308266|0.9768740377697954|0.9766270508285555
0.880375|0.15787500000000002|0.007874999999999965|0.007874999999999993|0.9049827076620515|0.9003961670427639|0.9131188144844776|0.9157014411986154
0.925|0.15787500000000002|0.03674999999999995|0.007874999999999993|0.9157014411986154|0.9131188144844776|0.9664203387331133|0.9660631000308266
0.9696250000000001|0.15787500000000002|0.007875000000000076|0.007874999999999993|0.9660631000308266|0.9664203387331133|0.978826102482429|0.9768740377697954
0.9791875000000001|0.247125|0.001687500000000064|0.007874999999999993|0.9774468951774109|0.9766270508285555|0.9835370633074682|0.9843363565032984
0.9887500000000001|0.247125|0.007875000000000076|0.007874999999999993|0.9843363565032984|0.9835370633074682|0.9938269346995497|0.9933239957317291
0.9983125000000002|0.247125|0.001687499999999953|0.007874999999999993|0.9933239957317291|0.9938269346995497|1.0|1.0
0.9791875000000001|0.2025|0.001687500000000064|0.036750000000000005|0.9766270508285555|0.9768740377697954|0.9838821723718099|0.9835370633074682
0.9983125000000002|0.2025|0.001687499999999953|0.036750000000000005|0.9938269346995497|0.994384747629776|1.0|1.0
0.9791875000000001|0.15787500000000002|0.001687500000000064|0.007874999999999993|0.9768740377697954|0.978826102482429|0.9834532193161386|0.9838821723718099
0.9887500000000001|0.15787500000000002|0.007875000000000076|0.007874999999999993|0.9838821723718099|0.9834532193161386|0.9955066996140698|0.994384747629776
0.9983125000000002|0.15787500000000002|0.001687499999999953|0.007874999999999993|0.994384747629776|0.9955066996140698|1.0|1.0
0.8516874999999999|0.9983125|0.001687499999999953|0.001687499999999953|0.8590484522325202|0.858709463031409|0.8623929861899773|0.862819441259212
0.86125|0.9983125|0.007874999999999965|0.001687499999999953|0.862819441259212|0.8623929861899773|0.8772068751508947|0.8768938760152359
0.8708125|0.9983125|0.001687500000000064|0.001687499999999953|0.8768938760152359|0.8772068751508947|0.881036499779861|0.8808129137087887
0.8516874999999999|0.9887500000000001|0.001687499999999953|0.007874999999999965|0.858709463031409|0.858745473513283|0.8622614970701319|0.8623929861899773
0.8708125|0.9887500000000001|0.001687500000000064|0.007874999999999965|0.8772068751508947|0.876085716357343|0.8799755721616664|0.881036499779861
0.8516874999999999|0.9791875000000002|0.001687499999999953|0.001687499999999953|0.858745473513283|0.8587538395661526|0.8632240269001167|0.8622614970701319
0.86125|0.9791875000000002|0.007874999999999965|0.001687499999999953|0.8622614970701319|0.8632240269001167|0.8748661428352799|0.876085716357343
0.8708125|0.9791875000000002|0.001687500000000064|0.001687499999999953|0.876085716357343|0.8748661428352799|0.8787324864759278|0.8799755721616664
0.880375|0.9983125|0.007874999999999965|0.001687499999999953|0.8808129137087887|0.881036499779861|0.8913673618524123|0.8946755308260024
0.925|0.9983125|0.03674999999999995|0.001687499999999953|0.8946755308260024|0.8913673618524123|0.9683817738681|0.9650131896150843
0.9696250000000001|0.9983125|0.007875000000000076|0.001687499999999953|0.9650131896150843|0.9683817738681|0.9786373223835896|0.9788038375470642
0.880375|0.9887500000000001|0.007874999999999965|0.007874999999999965|0.881036499779861|0.8799755721616664|0.8907857003484895|0.8913673618524123
0.9696250000000001|0.9887500000000001|0.007875000000000076|0.007874999999999965|0.9683817738681|0.9691945976024444|0.9800250463516821|0.9786373223835896
0.880375|0.9791875000000002|0.007874999999999965|0.001687499999999953|0.8799755721616664|0.8787324864759278|0.8937487818912574|0.8907857003484895
0.925|0.9791875000000002|0.03674999999999995|0.001687499999999953|0.8907857003484895|0.8937487818912574|0.9663082444276495|0.9691945976024444
0.9696250000000001|0.9791875000000002|0.007875000000000076|0.001687499999999953|0.9691945976024444|0.9663082444276495|0.9814912707111705|0.9800250463516821
0.9791875000000001|0.9983125|0.001687500000000064|0.001687499999999953|0.9788038375470642|0.9786373223835896|0.9823678304258349|0.9826303849803262
0.9887500000000001|0.9983125|0.007875000000000076|0.001687499999999953|0.9826303849803262|0.9823678304258349|0.99659913294399|0.9961994182185624
0.9983125000000002|0.9983125|0.001687499999999953|0.001687499999999953|0.9961994182185624|0.99659913294399|1.0|1.0
0.9791875000000001|0.9887500000000001|0.001687500000000064|0.007874999999999965|0.9786373223835896|0.9800250463516821|0.9838466879667827|0.9823678304258349
0.9983125000000002|0.9887500000000001|0.001687499999999953|0.007874999999999965|0.99659913294399|0.9967919952821392|1.0|1.0
0.9791875000000001|0.9791875000000002|0.001687500000000064|0.001687499999999953|0.9800250463516821|0.9814912707111705|0.9852742641499045|0.9838466879667827
0.9887500000000001|0.9791875000000002|0.007875000000000076|0.001687499999999953|0.9838466879667827|0.9852742641499045|0.9960119516568541|0.9967919952821392
0.9983125000000002|0.9791875000000002|0.001687499999999953|0.001687499999999953|0.9967919952821392|0.9960119516568541|1.0|1.0
0.8516874999999999|0.9696250000000001|0.001687499999999953|0.007874999999999965|0.8587538395661526|0.8586440240717099|0.8648217714656563|0.8632240269001167
0.86125|0.9696250000000001|0.007874999999999965|0.007874999999999965|0.8632240269001167|0.8648217714656563|0.8739887833576199|0.8748661428352799
0.8708125|0.9696250000000001|0.001687500000000064|0.007874999999999965|0.8748661428352799|0.8739887833576199|0.8768149274977513|0.8787324864759278
0.8516874999999999|0.925|0.001687499999999953|0.03674999999999995|0.8586440240717099|0.8666325493990942|0.874240638029197|0.8648217714656563
0.8708125|0.925|0.001687500000000064|0.03674999999999995|0.8739887833576199|0.8837054993854476|0.8858026394139336|0.8768149274977513
0.8516874999999999|0.880375|0.001687499999999953|0.007875000000000076|0.8666325493990942|0.870669314794183|0.8754085658305673|0.874240638029197
0.86125|0.880375|0.007874999999999965|0.007875000000000076|0.874240638029197|0.8754085658305673|0.8873279717486684|0.8837054993854476
0.8708125|0.880375|0.001687500000000064|0.007875000000000076|0.8837054993854476|0.8873279717486684|0.8913874242092182|0.8858026394139336
0.9791875000000001|0.9696250000000001|0.001687500000000064|0.007874999999999965|0.9814912707111705|0.9850992824545336|0.9872787621404797|0.9852742641499045
0.9887500000000001|0.9696250000000001|0.007875000000000076|0.007874999999999965|0.9852742641499045|0.9872787621404797|0.9952445430140541|0.9960119516568541
0.9983125000000002|0.9696250000000001|0.001687499999999953|0.007874999999999965|0.9960119516568541|0.9952445430140541|1.0|1.0
0.9791875000000001|0.925|0.001687500000000064|0.03674999999999995|0.9850992824545336|0.9858224373607376|0.9879227230316199|0.9872787621404797
0.9983125000000002|0.925|0.001687499999999953|0.03674999999999995|0.9952445430140541|0.9954967766645181|1.0|1.0
0.9791875000000001|0.880375|0.001687500000000064|0.007875000000000076|0.9858224373607376|0.9827348946504506|0.9861893953089538|0.9879227230316199
0.9887500000000001|0.880375|0.007875000000000076|0.007875000000000076|0.9879227230316199|0.9861893953089538|0.9962425281970351|0.9954967766645181
0.9983125000000002|0.880375|0.001687499999999953|0.007875000000000076|0.9954967766645181|0.9962425281970351|1.0|1.0
0.8516874999999999|0.8708125|0.001687499999999953|0.001687500000000064|0.870669314794183|0.8723140394516394|0.8756802947749167|0.8754085658305673
0.86125|0.8708125|0.007874999999999965|0.001687500000000064|0.8754085658305673|0.8756802947749167|0.8896455612266618|0.8873279717486684
0.8708125|0.8708125|0.001687500000000064|0.001687500000000064|0.8873279717486684|0.8896455612266618|0.8937048863356971|0.8913874242092182
0.8516874999999999|0.86125|0.001687499999999953|0.007875000000000076|0.8723140394516394|0.8771507559753821|0.8814229041421862|0.8756802947749167
0.8708125|0.86125|0.001687500000000064|0.007875000000000076|0.8896455612266618|0.8953852363487668|0.8986101630219016|0.8937048863356971
0.8516874999999999|0.8516874999999999|0.001687499999999953|0.001687499999999953|0.8771507559753821|0.8796838927399617|0.8839544643684681|0.8814229041421862
0.86125|0.8516874999999999|0.007874999999999965|0.001687499999999953|0.8814229041421862|0.8839544643684681|0.8957953867229315|0.8953852363487668
0.8708125|0.8516874999999999|0.001687500000000064|0.001687499999999953|0.8953852363487668|0.8957953867229315|0.900396167042778|0.8986101630219016
0.880375|0.8708125|0.007874999999999965|0.001687500000000064|0.8913874242092182|0.8937048863356971|0.9038760253535646|0.9056646318746622
0.925|0.8708125|0.03674999999999995|0.001687500000000064|0.9056646318746622|0.9038760253535646|0.9717717180060891|0.9693637146270686
0.9696250000000001|0.8708125|0.007875000000000076|0.001687500000000064|0.9693637146270686|0.9717717180060891|0.981338894665615|0.9827348946504506
0.880375|0.86125|0.007874999999999965|0.007875000000000076|0.8937048863356971|0.8986101630219016|0.9072538965689237|0.9038760253535646
0.9696250000000001|0.86125|0.007875000000000076|0.007875000000000076|0.9717717180060891|0.9707088101956378|0.9795026723705117|0.981338894665615
0.880375|0.8516874999999999|0.007874999999999965|0.001687499999999953|0.8986101630219016|0.900396167042778|0.91311881448449|0.9072538965689237
0.925|0.8516874999999999|0.03674999999999995|0.001687499999999953|0.9072538965689237|0.91311881448449|0.9664203387331186|0.9707088101956378
0.9696250000000001|0.8516874999999999|0.007875000000000076|0.001687499999999953|0.9707088101956378|0.9664203387331186|0.9788261024824331|0.9795026723705117
0.9791875000000001|0.8708125|0.001687500000000064|0.001687500000000064|0.9827348946504506|0.981338894665615|0.9848250019685124|0.9861893953089538
0.9887500000000001|0.8708125|0.007875000000000076|0.001687500000000064|0.9861893953089538|0.9848250019685124|0.996966301257226|0.9962425281970351
0.9983125000000002|0.8708125|0.001687499999999953|0.001687500000000064|0.9962425281970351|0.996966301257226|1.0|1.0
0.9791875000000001|0.86125|0.001687500000000064|0.007875000000000076|0.981338894665615|0.9795026723705117|0.9829240335048393|0.9848250019685124
0.9983125000000002|0.86125|0.001687499999999953|0.007875000000000076|0.996966301257226|0.9965075240746479|1.0|1.0
0.9791875000000001|0.8516874999999999|0.001687500000000064|0.001687499999999953|0.9795026723705117|0.9788261024824331|0.9834532193161419|0.9829240335048393
0.9887500000000001|0.8516874999999999|0.007875000000000076|0.001687499999999953|0.9829240335048393|0.9834532193161419|0.9955066996140707|0.9965075240746479
0.9983125000000002|0.8516874999999999|0.001687499999999953|0.001687499999999953|0.9965075240746479|0.9955066996140707|1.0|1.0
0.15787500000000002|0.9983125|0.007874999999999993|0.001687499999999953|0.14095154776741967|0.14129053696853103|0.15076122345516033|0.15367194139425455
0.2025|0.9983125|0.036750000000000005|0.001687499999999953|0.15367194139425455|0.15076122345516033|0.21998150680584624|0.21823107399502287
0.247125|0.9983125|0.007874999999999993|0.001687499999999953|0.21823107399502287|0.21998150680584624|0.2312106653028305|0.23202158429240508
0.15787500000000002|0.9887500000000001|0.007874999999999993|0.007874999999999965|0.14129053696853103|0.1412545264866578|0.15011398517411145|0.15076122345516033
0.247125|0.9887500000000001|0.007874999999999993|0.007874999999999965|0.21998150680584624|0.2145147093302674|0.22602090140137218|0.2312106653028305
0.15787500000000002|0.9791875000000002|0.007874999999999993|0.001687499999999953|0.1412545264866578|0.14124616043378843|0.15323113859696866|0.15011398517411145
0.2025|0.9791875000000002|0.036750000000000005|0.001687499999999953|0.15011398517411145|0.15323113859696866|0.20560758771334578|0.2145147093302674
0.247125|0.9791875000000002|0.007874999999999993|0.001687499999999953|0.2145147093302674|0.20560758771334578|0.21703233777654704|0.22602090140137218
0.29175|0.9983125|0.036750000000000005|0.001687499999999953|0.23202158429240508|0.2312106653028305|0.2821479344019738|0.30440151941024296
0.5|0.9983125|0.17149999999999999|0.001687499999999953|0.30440151941024296|0.2821479344019738|0.7178520655979647|0.6955984805896954
0.70825|0.9983125|0.03675000000000006|0.001687499999999953|0.6955984805896954|0.7178520655979647|0.768789334697108|0.7679784157075333
0.29175|0.9887500000000001|0.036750000000000005|0.007874999999999965|0.2312106653028305|0.22602090140137218|0.27876638207652976|0.2821479344019738
0.70825|0.9887500000000001|0.03675000000000006|0.007874999999999965|0.7178520655979647|0.7212336179234089|0.7739790985985665|0.768789334697108
0.29175|0.9791875000000002|0.036750000000000005|0.001687499999999953|0.22602090140137218|0.21703233777654704|0.29829458956743277|0.27876638207652976
0.5|0.9791875000000002|0.17149999999999999|0.001687499999999953|0.27876638207652976|0.29829458956743277|0.7017054104325058|0.7212336179234089
0.70825|0.9791875000000002|0.03675000000000006|0.001687499999999953|0.7212336179234089|0.7017054104325058|0.7829676622233916|0.7739790985985665
0.752875|0.9983125|0.007874999999999965|0.001687499999999953|0.7679784157075333|0.768789334697108|0.7800184931940923|0.7817689260049157
0.7975|0.9983125|0.03674999999999995|0.001687499999999953|0.7817689260049157|0.7800184931940923|0.8492387765447793|0.8463280586056849
0.842125|0.9983125|0.007875000000000076|0.001687499999999953|0.8463280586056849|0.8492387765447793|0.858709463031409|0.8590484522325202
0.752875|0.9887500000000001|0.007874999999999965|0.007874999999999965|0.768789334697108|0.7739790985985665|0.7854852906696713|0.7800184931940923
0.842125|0.9887500000000001|0.007875000000000076|0.007874999999999965|0.8492387765447793|0.8498860148258287|0.858745473513283|0.858709463031409
0.752875|0.9791875000000002|0.007874999999999965|0.001687499999999953|0.7739790985985665|0.7829676622233916|0.7943924122865932|0.7854852906696713
0.7975|0.9791875000000002|0.03674999999999995|0.001687499999999953|0.7854852906696713|0.7943924122865932|0.846768861402972|0.8498860148258287
0.842125|0.9791875000000002|0.007875000000000076|0.001687499999999953|0.8498860148258287|0.846768861402972|0.8587538395661526|0.858745473513283
0.15787500000000002|0.9696250000000001|0.007874999999999993|0.007874999999999965|0.14124616043378843|0.14135597592823182|0.15191547811892617|0.15323113859696866
0.2025|0.9696250000000001|0.036750000000000005|0.007874999999999965|0.15323113859696866|0.15191547811892617|0.2005663157500884|0.20560758771334578
0.247125|0.9696250000000001|0.007874999999999993|0.007874999999999965|0.20560758771334578|0.2005663157500884|0.2057634637435085|0.21703233777654704
0.15787500000000002|0.925|0.007874999999999993|0.03674999999999995|0.14135597592823182|0.13336745060084948|0.14456619119906552|0.15191547811892617
0.247125|0.925|0.007874999999999993|0.03674999999999995|0.2005663157500884|0.19549896251276266|0.20126064081010445|0.2057634637435085
0.15787500000000002|0.880375|0.007874999999999993|0.007875000000000076|0.13336745060084948|0.12933068520576096|0.1425988735867334|0.14456619119906552
0.2025|0.880375|0.036750000000000005|0.007875000000000076|0.14456619119906552|0.1425988735867334|0.1985083804274605|0.19549896251276266
0.247125|0.880375|0.007874999999999993|0.007875000000000076|0.19549896251276266|0.1985083804274605|0.21035334372379114|0.20126064081010445
0.752875|0.9696250000000001|0.007874999999999965|0.007874999999999965|0.7829676622233916|0.7942365362564302|0.7994336842498507|0.7943924122865932
0.7975|0.9696250000000001|0.03674999999999995|0.007874999999999965|0.7943924122865932|0.7994336842498507|0.848084521881015|0.846768861402972
0.842125|0.9696250000000001|0.007875000000000076|0.007874999999999965|0.846768861402972|0.848084521881015|0.8586440240717099|0.8587538395661526
0.752875|0.925|0.007874999999999965|0.03674999999999995|0.7942365362564302|0.7987393591898341|0.8045010374871763|0.7994336842498507
0.842125|0.925|0.007875000000000076|0.03674999999999995|0.848084521881015|0.8554338088008769|0.8666325493990942|0.8586440240717099
0.752875|0.880375|0.007874999999999965|0.007875000000000076|0.7987393591898341|0.7896466562761469|0.801491619572478|0.8045010374871763
0.7975|0.880375|0.03674999999999995|0.007875000000000076|0.8045010374871763|0.801491619572478|0.8574011264132092|0.8554338088008769
0.842125|0.880375|0.007875000000000076|0.007875000000000076|0.8554338088008769|0.8574011264132092|0.870669314794183|0.8666325493990942
0.15787500000000002|0.8708125|0.007874999999999993|0.001687500000000064|0.12933068520576096|0.12768596054830433|0.13690414300229925|0.1425988735867334
0.2025|0.8708125|0.036750000000000005|0.001687500000000064|0.1425988735867334|0.13690414300229925|0.20651747311267513|0.1985083804274605
0.247125|0.8708125|0.007874999999999993|0.001687500000000064|0.1985083804274605|0.20651747311267513|0.21843174069282167|0.21035334372379114
0.15787500000000002|0.86125|0.007874999999999993|0.007875000000000076|0.12768596054830433|0.12284924402456214|0.13407524952631844|0.13690414300229925
0.247125|0.86125|0.007874999999999993|0.007875000000000076|0.20651747311267513|0.21062248861948835|0.22264196461137412|0.21843174069282167
0.15787500000000002|0.8516874999999999|0.007874999999999993|0.001687499999999953|0.12284924402456214|0.120316107259983|0.1362683640349677|0.13407524952631844
0.2025|0.8516874999999999|0.036750000000000005|0.001687499999999953|0.13407524952631844|0.1362683640349677|0.20829035234556795|0.21062248861948835
0.247125|0.8516874999999999|0.007874999999999993|0.001687499999999953|0.21062248861948835|0.20829035234556795|0.22311022590796983|0.22264196461137412
0.29175|0.8708125|0.036750000000000005|0.001687500000000064|0.21035334372379114|0.21843174069282167|0.27259174557294635|0.2929957903235879
0.5|0.8708125|0.17149999999999999|0.001687500000000064|0.2929957903235879|0.27259174557294635|0.7274082544269913|0.7070042096763498
0.70825|0.8708125|0.03675000000000006|0.001687500000000064|0.7070042096763498|0.7274082544269913|0.781568259307116|0.7896466562761469
0.29175|0.86125|0.036750000000000005|0.007875000000000076|0.21843174069282167|0.22264196461137412|0.2754350543334448|0.27259174557294635
0.70825|0.86125|0.03675000000000006|0.007875000000000076|0.7274082544269913|0.7245649456664929|0.7773580353885635|0.781568259307116
0.29175|0.8516874999999999|0.036750000000000005|0.001687499999999953|0.22264196461137412|0.22311022590796983|0.2981306767457674|0.2754350543334448
0.5|0.8516874999999999|0.17149999999999999|0.001687499999999953|0.2754350543334448|0.2981306767457674|0.7018693232541704|0.7245649456664929
0.70825|0.8516874999999999|0.03675000000000006|0.001687499999999953|0.7245649456664929|0.7018693232541704|0.7768897740919679|0.7773580353885635
0.752875|0.8708125|0.007874999999999965|0.001687500000000064|0.7896466562761469|0.781568259307116|0.793482526887263|0.801491619572478
0.7975|0.8708125|0.03674999999999995|0.001687500000000064|0.801491619572478|0.793482526887263|0.8630958569976437|0.8574011264132092
0.842125|0.8708125|0.007875000000000076|0.001687500000000064|0.8574011264132092|0.8630958569976437|0.8723140394516394|0.870669314794183
0.752875|0.86125|0.007874999999999965|0.007875000000000076|0.781568259307116|0.7773580353885635|0.7893775113804498|0.793482526887263
0.842125|0.86125|0.007875000000000076|0.007875000000000076|0.8630958569976437|0.8659247504736249|0.8771507559753821|0.8723140394516394
0.752875|0.8516874999999999|0.007874999999999965|0.001687499999999953|0.7773580353885635|0.7768897740919679|0.7917096476543704|0.7893775113804498
0.7975|0.8516874999999999|0.03674999999999995|0.001687499999999953|0.7893775113804498|0.7917096476543704|0.8637316359649756|0.8659247504736249
0.842125|0.8516874999999999|0.007875000000000076|0.001687499999999953|0.8659247504736249|0.8637316359649756|0.8796838927399617|0.8771507559753821
0.0016874999999999998|0.9983125|0.0016874999999999998|0.001687499999999953|0.0|0.0|0.003400867056007694|0.0038005817814349085
0.011249999999999996|0.9983125|0.007874999999999997|0.001687499999999953|0.0038005817814349085|0.003400867056007694|0.01763216957415368|0.01736961501966251
0.02081249999999999|0.9983125|0.001687499999999998|0.001687499999999953|0.01736961501966251|0.01763216957415368|0.021362677616397305|0.021196162452922634
0.0016874999999999998|0.9887500000000001|0.0016874999999999998|0.007874999999999965|0.0|0.0|0.0032080047178588127|0.003400867056007694
0.02081249999999999|0.9887500000000001|0.001687499999999998|0.007874999999999965|0.01763216957415368|0.01615331203320644|0.019974953648305083|0.021362677616397305
0.0016874999999999998|0.9791875000000002|0.0016874999999999998|0.001687499999999953|0.0|0.0|0.003988048343143215|0.0032080047178588127
0.011249999999999996|0.9791875000000002|0.007874999999999997|0.001687499999999953|0.0032080047178588127|0.003988048343143215|0.014725735850085337|0.01615331203320644
0.02081249999999999|0.9791875000000002|0.001687499999999998|0.001687499999999953|0.01615331203320644|0.014725735850085337|0.018508729288817163|0.019974953648305083
0.030375|0.9983125|0.007875|0.001687499999999953|0.021196162452922634|0.021362677616397305|0.03161822613188224|0.03498681038489653
0.075|0.9983125|0.03675|0.001687499999999953|0.03498681038489653|0.03161822613188224|0.10863263814753692|0.10532446917394823
0.119625|0.9983125|0.007875000000000007|0.001687499999999953|0.10532446917394823|0.10863263814753692|0.11896350022008391|0.11918708629115606
0.030375|0.9887500000000001|0.007875|0.007874999999999965|0.021362677616397305|0.019974953648305083|0.030805402397537894|0.03161822613188224
0.119625|0.9887500000000001|0.007875000000000007|0.007874999999999965|0.10863263814753692|0.10921429965145951|0.12002442783827821|0.11896350022008391
0.030375|0.9791875000000002|0.007875|0.001687499999999953|0.019974953648305083|0.018508729288817163|0.03369175557233156|0.030805402397537894
0.075|0.9791875000000002|0.03675|0.001687499999999953|0.030805402397537894|0.03369175557233156|0.10625121810869281|0.10921429965145951
0.119625|0.9791875000000002|0.007875000000000007|0.001687499999999953|0.10921429965145951|0.10625121810869281|0.12126751352401656|0.12002442783827821
0.1291875|0.9983125|0.0016875000000000084|0.001687499999999953|0.11918708629115606|0.11896350022008391|0.1227931248490488|0.12310612398470745
0.13874999999999998|0.9983125|0.007874999999999993|0.001687499999999953|0.12310612398470745|0.1227931248490488|0.1376070138099632|0.13718055874072832
0.14831249999999996|0.9983125|0.0016874999999999807|0.001687499999999953|0.13718055874072832|0.1376070138099632|0.14129053696853103|0.14095154776741967
0.1291875|0.9887500000000001|0.0016875000000000084|0.007874999999999965|0.11896350022008391|0.12002442783827821|0.12391428364260064|0.1227931248490488
0.14831249999999996|0.9887500000000001|0.0016874999999999807|0.007874999999999965|0.1376070138099632|0.13773850292980938|0.1412545264866578|0.14129053696853103
0.1291875|0.9791875000000002|0.0016875000000000084|0.001687499999999953|0.12002442783827821|0.12126751352401656|0.1251338571646636|0.12391428364260064
0.13874999999999998|0.9791875000000002|0.007874999999999993|0.001687499999999953|0.12391428364260064|0.1251338571646636|0.13677597309982495|0.13773850292980938
0.14831249999999996|0.9791875000000002|0.0016874999999999807|0.001687499999999953|0.13773850292980938|0.13677597309982495|0.14124616043378843|0.1412545264866578
0.0016874999999999998|0.9696250000000001|0.0016874999999999998|0.007874999999999965|0.0|0.0|0.004755456985942594|0.003988048343143215
0.011249999999999996|0.9696250000000001|0.007874999999999997|0.007874999999999965|0.003988048343143215|0.004755456985942594|0.012721237859511512|0.014725735850085337
0.02081249999999999|0.9696250000000001|0.001687499999999998|0.007874999999999965|0.014725735850085337|0.012721237859511512|0.014900717545456058|0.018508729288817163
0.0016874999999999998|0.925|0.0016874999999999998|0.03674999999999995|0.0|0.0|0.0045032233354788745|0.004755456985942594
0.02081249999999999|0.925|0.001687499999999998|0.03674999999999995|0.012721237859511512|0.012077276968372158|0.014177562639253165|0.014900717545456058
0.0016874999999999998|0.880375|0.0016874999999999998|0.007875000000000076|0.0|0.0|0.003757471802962613|0.0045032233354788745
0.011249999999999996|0.880375|0.007874999999999997|0.007875000000000076|0.0045032233354788745|0.003757471802962613|0.013810604691037016|0.012077276968372158
0.02081249999999999|0.880375|0.001687499999999998|0.007875000000000076|0.012077276968372158|0.013810604691037016|0.017265105349538273|0.014177562639253165
0.1291875|0.9696250000000001|0.0016875000000000084|0.007874999999999965|0.12126751352401656|0.12318507250219252|0.12601121664232354|0.1251338571646636
0.13874999999999998|0.9696250000000001|0.007874999999999993|0.007874999999999965|0.1251338571646636|0.12601121664232354|0.13517822853428602|0.13677597309982495
0.14831249999999996|0.9696250000000001|0.0016874999999999807|0.007874999999999965|0.13677597309982495|0.13517822853428602|0.14135597592823182|0.14124616043378843
0.1291875|0.925|0.0016875000000000084|0.03674999999999995|0.12318507250219252|0.11419736058601303|0.11629450061449867|0.12601121664232354
0.14831249999999996|0.925|0.0016874999999999807|0.03674999999999995|0.13517822853428602|0.12575936197074747|0.13336745060084948|0.14135597592823182
0.1291875|0.880375|0.0016875000000000084|0.007875000000000076|0.11419736058601303|0.10861257579073016|0.11267202825127871|0.11629450061449867
0.13874999999999998|0.880375|0.007874999999999993|0.007875000000000076|0.11629450061449867|0.11267202825127871|0.1245914341693775|0.12575936197074747
0.14831249999999996|0.880375|0.0016874999999999807|0.007875000000000076|0.12575936197074747|0.1245914341693775|0.12933068520576096|0.13336745060084948
0.0016874999999999998|0.8708125|0.0016874999999999998|0.001687500000000064|0.0|0.0|0.0030336987427719135|0.003757471802962613
0.011249999999999996|0.8708125|0.007874999999999997|0.001687500000000064|0.003757471802962613|0.0030336987427719135|0.015174998031477397|0.013810604691037016
0.02081249999999999|0.8708125|0.001687499999999998|0.001687500000000064|0.013810604691037016|0.015174998031477397|0.018661105334373047|0.017265105349538273
0.0016874999999999998|0.86125|0.0016874999999999998|0.007875000000000076|0.0|0.0|0.0034924759253495414|0.0030336987427719135
0.02081249999999999|0.86125|0.001687499999999998|0.007875000000000076|0.015174998031477397|0.017075966495149485|0.020497327629475252|0.018661105334373047
0.0016874999999999998|0.8516874999999999|0.0016874999999999998|0.001687499999999953|0.0|0.0|0.004493300385926051|0.0034924759253495414
0.011249999999999996|0.8516874999999999|0.007874999999999997|0.001687499999999953|0.0034924759253495414|0.004493300385926051|0.016546780683847205|0.017075966495149485
0.02081249999999999|0.8516874999999999|0.001687499999999998|0.001687499999999953|0.017075966495149485|0.016546780683847205|0.021173897517553476|0.020497327629475252
0.030375|0.8708125|0.007875|0.001687500000000064|0.017265105349538273|0.018661105334373047|0.028228281993894374|0.030636285372913918
0.075|0.8708125|0.03675|0.001687500000000064|0.030636285372913918|0.028228281993894374|0.09612397464638844|0.0943353681252919
0.119625|0.8708125|0.007875000000000007|0.001687500000000064|0.0943353681252919|0.09612397464638844|0.10629511366425187|0.10861257579073016
0.030375|0.86125|0.007875|0.007875000000000076|0.018661105334373047|0.020497327629475252|0.02929118980434488|0.028228281993894374
0.119625|0.86125|0.007875000000000007|0.007875000000000076|0.09612397464638844|0.09274610343103004|0.10138983697804847|0.10629511366425187
0.030375|0.8516874999999999|0.007875|0.001687499999999953|0.020497327629475252|0.021173897517553476|0.03357966126686195|0.02929118980434488
0.075|0.8516874999999999|0.03675|0.001687499999999953|0.02929118980434488|0.03357966126686195|0.08688118551546606|0.09274610343103004
0.119625|0.8516874999999999|0.007875000000000007|0.001687499999999953|0.09274610343103004|0.08688118551546606|0.09960383295717228|0.10138983697804847
0.1291875|0.8708125|0.0016875000000000084|0.001687500000000064|0.10861257579073016|0.10629511366425187|0.11035443877328599|0.11267202825127871
0.13874999999999998|0.8708125|0.007874999999999993|0.001687500000000064|0.11267202825127871|0.11035443877328599|0.12431970522502789|0.1245914341693775
0.14831249999999996|0.8708125|0.0016874999999999807|0.001687500000000064|0.1245914341693775|0.12431970522502789|0.12768596054830433|0.12933068520576096
0.1291875|0.86125|0.0016875000000000084|0.007875000000000076|0.10629511366425187|0.10138983697804847|0.10461476365118182|0.11035443877328599
0.14831249999999996|0.86125|0.0016874999999999807|0.007875000000000076|0.12431970522502789|0.11857709585775895|0.12284924402456214|0.12768596054830433
0.1291875|0.8516874999999999|0.0016875000000000084|0.001687499999999953|0.10138983697804847|0.09960383295717228|0.10420461327701744|0.10461476365118182
0.13874999999999998|0.8516874999999999|0.007874999999999993|0.001687499999999953|0.10461476365118182|0.10420461327701744|0.11604553563147736|0.11857709585775895
0.14831249999999996|0.8516874999999999|0.0016874999999999807|0.001687499999999953|0.11857709585775895|0.11604553563147736|0.120316107259983|0.12284924402456214
0.0016874999999999998|0.842125|0.0016874999999999998|0.007874999999999965|0.0|0.0|0.0056152523702189695|0.004493300385926051
0.011249999999999996|0.842125|0.007874999999999997|0.007874999999999965|0.004493300385926051|0.0056152523702189695|0.016117827628176342|0.016546780683847205
0.02081249999999999|0.842125|0.001687499999999998|0.007874999999999965|0.016546780683847205|0.016117827628176342|0.02312596223018584|0.021173897517553476
0.0016874999999999998|0.7975|0.0016874999999999998|0.03674999999999995|0.0|0.0|0.006173065300444503|0.0056152523702189695
0.02081249999999999|0.7975|0.001687499999999998|0.03674999999999995|0.016117827628176342|0.01646293669251727|0.023372949171424736|0.02312596223018584
0.0016874999999999998|0.752875|0.0016874999999999998|0.007875000000000076|0.0|0.0|0.00667600426826462|0.006173065300444503
0.011249999999999996|0.752875|0.007874999999999997|0.007875000000000076|0.006173065300444503|0.00667600426826462|0.015663643496687616|0.01646293669251727
0.02081249999999999|0.752875|0.001687499999999998|0.007875000000000076|0.01646293669251727|0.015663643496687616|0.02255310482256993|0.023372949171424736
0.030375|0.842125|0.007875|0.007874999999999965|0.021173897517553476|0.02312596223018584|0.03393689996914793|0.03357966126686195
0.075|0.842125|0.03675|0.007874999999999965|0.03357966126686195|0.03393689996914793|0.08429855880132926|0.08688118551546606
0.119625|0.842125|0.007875000000000007|0.007874999999999965|0.08688118551546606|0.08429855880132926|0.09501729233788689|0.09960383295717228
0.030375|0.7975|0.007875|0.03674999999999995|0.02312596223018584|0.023372949171424736|0.033124656219805926|0.03393689996914793
0.119625|0.7975|0.007875000000000007|0.03674999999999995|0.08429855880132926|0.07557260394755526|0.0842636766028305|0.09501729233788689
0.030375|0.752875|0.007875|0.007875000000000076|0.023372949171424736|0.02255310482256993|0.03420690026271364|0.033124656219805926
0.075|0.752875|0.03675|0.007875000000000076|0.033124656219805926|0.03420690026271364|0.07346609633779161|0.07557260394755526
0.119625|0.752875|0.007875000000000007|0.007875000000000076|0.07557260394755526|0.07346609633779161|0.08352498177347735|0.0842636766028305
0.1291875|0.842125|0.0016875000000000084|0.007874999999999965|0.09960383295717228|0.09501729233788689|0.10250505697745935|0.10420461327701744
0.13874999999999998|0.842125|0.007874999999999993|0.007874999999999965|0.10420461327701744|0.10250505697745935|0.11135618491921767|0.11604553563147736
0.14831249999999996|0.842125|0.0016874999999999807|0.007874999999999965|0.11604553563147736|0.11135618491921767|0.11303417738983809|0.120316107259983
0.1291875|0.7975|0.0016875000000000084|0.03674999999999995|0.09501729233788689|0.0842636766028305|0.08834599164809041|0.10250505697745935
0.14831249999999996|0.7975|0.0016874999999999807|0.03674999999999995|0.11135618491921767|0.09331077144490159|0.09508188732179687|0.11303417738983809
0.1291875|0.752875|0.0016875000000000084|0.007875000000000076|0.0842636766028305|0.08352498177347735|0.08785692677830421|0.08834599164809041
0.13874999999999998|0.752875|0.007874999999999993|0.007875000000000076|0.08834599164809041|0.08785692677830421|0.09178819107077456|0.09331077144490159
0.14831249999999996|0.752875|0.0016874999999999807|0.007875000000000076|0.09331077144490159|0.09178819107077456|0.09304155898115353|0.09508188732179687
0.0016874999999999998|0.70825|0.0016874999999999998|0.03674999999999995|0.0|0.0|0.006684028606393887|0.00667600426826462
0.011249999999999996|0.70825|0.007874999999999997|0.03674999999999995|0.00667600426826462|0.006684028606393887|0.014307249944462308|0.015663643496687616
0.02081249999999999|0.70825|0.001687499999999998|0.03674999999999995|0.015663643496687616|0.014307249944462308|0.017107553865766924|0.02255310482256993
0.0016874999999999998|0.5|0.0016874999999999998|0.17149999999999999|0.0|0.0|0.006684028606393953|0.006684028606393887
0.02081249999999999|0.5|0.001687499999999998|0.17149999999999999|0.014307249944462308|0.014307249944462431|0.017107553865767067|0.017107553865766924
0.0016874999999999998|0.29175|0.0016874999999999998|0.036750000000000005|0.0|0.0|0.006676004268264699|0.006684028606393953
0.011249999999999996|0.29175|0.007874999999999997|0.036750000000000005|0.006684028606393953|0.006676004268264699|0.015663643496687793|0.014307249944462431
0.02081249999999999|0.29175|0.001687499999999998|0.036750000000000005|0.014307249944462431|0.015663643496687793|0.02255310482257018|0.017107553865767067
0.1291875|0.70825|0.0016875000000000084|0.03674999999999995|0.08352498177347735|0.0866348380403162|0.08795587692366058|0.08785692677830421
0.13874999999999998|0.70825|0.007874999999999993|0.03674999999999995|0.08785692677830421|0.08795587692366058|0.09077890678588724|0.09178819107077456
0.14831249999999996|0.70825|0.0016874999999999807|0.03674999999999995|0.09178819107077456|0.09077890678588724|0.09173310169368516|0.09304155898115353
0.1291875|0.5|0.0016875000000000084|0.17149999999999999|0.0866348380403162|0.08663483804031667|0.0879558769236611|0.08795587692366058
0.14831249999999996|0.5|0.0016874999999999807|0.17149999999999999|0.09077890678588724|0.09077890678588774|0.09173310169368562|0.09173310169368516
0.1291875|0.29175|0.0016875000000000084|0.036750000000000005|0.08663483804031667|0.08352498177347802|0.08785692677830487|0.0879558769236611
0.13874999999999998|0.29175|0.007874999999999993|0.036750000000000005|0.0879558769236611|0.08785692677830487|0.0917881910707752|0.09077890678588774
0.14831249999999996|0.29175|0.0016874999999999807|0.036750000000000005|0.09077890678588774|0.0917881910707752|0.09304155898115418|0.09173310169368562
0.0016874999999999998|0.247125|0.0016874999999999998|0.007874999999999993|0.0|0.0|0.006173065300444571|0.006676004268264699
0.011249999999999996|0.247125|0.007874999999999997|0.007874999999999993|0.006676004268264699|0.006173065300444571|0.016462936692517475|0.015663643496687793
0.02081249999999999|0.247125|0.001687499999999998|0.007874999999999993|0.015663643496687793|0.016462936692517475|0.023372949171424993|0.02255310482257018
0.0016874999999999998|0.2025|0.0016874999999999998|0.036750000000000005|0.0|0.0|0.005615252370219063|0.006173065300444571
0.02081249999999999|0.2025|0.001687499999999998|0.036750000000000005|0.016462936692517475|0.016117827628176613|0.023125962230186196|0.023372949171424993
0.0016874999999999998|0.15787500000000002|0.0016874999999999998|0.007874999999999993|0.0|0.0|0.004493300385926158|0.005615252370219063
0.011249999999999996|0.15787500000000002|0.007874999999999997|0.007874999999999993|0.005615252370219063|0.004493300385926158|0.016546780683847472|0.016117827628176613
0.02081249999999999|0.15787500000000002|0.001687499999999998|0.007874999999999993|0.016117827628176613|0.016546780683847472|0.021173897517553858|0.023125962230186196
0.030375|0.247125|0.007875|0.007874999999999993|0.02255310482257018|0.023372949171424993|0.033124656219806266|0.034206900262713995
0.075|0.247125|0.03675|0.007874999999999993|0.034206900262713995|0.033124656219806266|0.075572603947556|0.07346609633779226
0.119625|0.247125|0.007875000000000007|0.007874999999999993|0.07346609633779226|0.075572603947556|0.08426367660283125|0.08352498177347802
0.030375|0.2025|0.007875|0.036750000000000005|0.023372949171424993|0.023125962230186196|0.033936899969148414|0.033124656219806266
0.119625|0.2025|0.007875000000000007|0.036750000000000005|0.075572603947556|0.08429855880133039|0.09501729233788819|0.08426367660283125
0.030375|0.15787500000000002|0.007875|0.007874999999999993|0.023125962230186196|0.021173897517553858|0.03357966126686248|0.033936899969148414
0.075|0.15787500000000002|0.03675|0.007874999999999993|0.033936899969148414|0.03357966126686248|0.0868811855154673|0.08429855880133039
0.119625|0.15787500000000002|0.007875000000000007|0.007874999999999993|0.08429855880133039|0.0868811855154673|0.0996038329571737|0.09501729233788819
0.1291875|0.247125|0.0016875000000000084|0.007874999999999993|0.08352498177347802|0.08426367660283125|0.08834599164809112|0.08785692677830487
0.13874999999999998|0.247125|0.007874999999999993|0.007874999999999993|0.08785692677830487|0.08834599164809112|0.09331077144490231|0.0917881910707752
0.14831249999999996|0.247125|0.0016874999999999807|0.007874999999999993|0.0917881910707752|0.09331077144490231|0.09508188732179759|0.09304155898115418
0.1291875|0.2025|0.0016875000000000084|0.036750000000000005|0.08426367660283125|0.09501729233788819|0.10250505697746072|0.08834599164809112
0.14831249999999996|0.2025|0.0016874999999999807|0.036750000000000005|0.09331077144490231|0.11135618491921907|0.11303417738983945|0.09508188732179759
0.1291875|0.15787500000000002|0.0016875000000000084|0.007874999999999993|0.09501729233788819|0.0996038329571737|0.10420461327701895|0.10250505697746072
0.13874999999999998|0.15787500000000002|0.007874999999999993|0.007874999999999993|0.10250505697746072|0.10420461327701895|0.11604553563147883|0.11135618491921907
0.14831249999999996|0.15787500000000002|0.0016874999999999807|0.007874999999999993|0.11135618491921907|0.11604553563147883|0.12031610725998454|0.11303417738983945
