5000runs
0.01851851851851851|0.3148148148148148|0.01851851851851851|0.01851851851851849|0.0|0.0|0.01954649964016622|0.024449448570402467
0.05555555555555554|0.3148148148148148|0.018518518518518517|0.01851851851851849|0.024449448570402467|0.01954649964016622|0.05726296952095995|0.05189935330119006
0.09259259259259256|0.3148148148148148|0.018518518518518504|0.01851851851851849|0.05189935330119006|0.05726296952095995|0.07901001268054081|0.07822405290064725
0.01851851851851851|0.2777777777777778|0.01851851851851851|0.01851851851851849|0.0|0.0|0.0178572767985723|0.01954649964016622
0.09259259259259256|0.2777777777777778|0.018518518518518504|0.01851851851851849|0.05726296952095995|0.05406032568461579|0.07726766692943769|0.07901001268054081
0.01851851851851851|0.24074074074074076|0.01851851851851851|0.018518518518518545|0.0|0.0|0.021290458741427196|0.0178572767985723
0.05555555555555554|0.24074074074074076|0.018518518518518517|0.018518518518518545|0.0178572767985723|0.021290458741427196|0.04452774837953289|0.05406032568461579
0.09259259259259256|0.24074074074074076|0.018518518518518504|0.018518518518518545|0.05406032568461579|0.04452774837953289|0.06753138280215124|0.07726766692943769
0.12962962962962962|0.3148148148148148|0.018518518518518517|0.01851851851851849|0.07822405290064725|0.07901001268054081|0.10247897294659351|0.10677953331404434
0.16666666666666666|0.3148148148148148|0.018518518518518517|0.01851851851851849|0.10677953331404434|0.10247897294659351|0.1511860272478216|0.1391403021809273
0.2037037037037037|0.3148148148148148|0.018518518518518517|0.01851851851851849|0.1391403021809273|0.1511860272478216|0.1774171406621499|0.1677806900873667
0.12962962962962962|0.2777777777777778|0.018518518518518517|0.01851851851851849|0.07901001268054081|0.07726766692943769|0.10491361527146421|0.10247897294659351
0.2037037037037037|0.2777777777777778|0.018518518518518517|0.01851851851851849|0.1511860272478216|0.16069358907439923|0.18982657412195655|0.1774171406621499
0.12962962962962962|0.24074074074074076|0.018518518518518517|0.018518518518518545|0.07726766692943769|0.06753138280215124|0.11191163942869456|0.10491361527146421
0.16666666666666666|0.24074074074074076|0.018518518518518517|0.018518518518518545|0.10491361527146421|0.11191163942869456|0.15614996722332347|0.16069358907439923
0.2037037037037037|0.24074074074074076|0.018518518518518517|0.018518518518518545|0.16069358907439923|0.15614996722332347|0.20886079636911306|0.18982657412195655
0.24074074074074073|0.3148148148148148|0.018518518518518517|0.01851851851851849|0.1677806900873667|0.1774171406621499|0.1987727247525501|0.19440852035577008
0.2777777777777778|0.3148148148148148|0.018518518518518545|0.01851851851851849|0.19440852035577008|0.1987727247525501|0.24501350620859425|0.22305118640383603
0.3148148148148148|0.3148148148148148|0.01851851851851849|0.01851851851851849|0.22305118640383603|0.24501350620859425|0.27747522829912435|0.25526913932576756
0.24074074074074073|0.2777777777777778|0.018518518518518517|0.01851851851851849|0.1774171406621499|0.18982657412195655|0.2196312439155246|0.1987727247525501
0.3148148148148148|0.2777777777777778|0.01851851851851849|0.01851851851851849|0.24501350620859425|0.2660883670351493|0.28952997500233657|0.27747522829912435
0.24074074074074073|0.24074074074074076|0.018518518518518517|0.018518518518518545|0.18982657412195655|0.20886079636911306|0.23860463019770647|0.2196312439155246
0.2777777777777778|0.24074074074074076|0.018518518518518545|0.018518518518518545|0.2196312439155246|0.23860463019770647|0.26867975778161735|0.2660883670351493
0.3148148148148148|0.24074074074074076|0.01851851851851849|0.018518518518518545|0.2660883670351493|0.26867975778161735|0.2976512291277108|0.28952997500233657
0.01851851851851851|0.2037037037037037|0.01851851851851851|0.018518518518518517|0.0|0.0|0.016517460702966967|0.021290458741427196
0.05555555555555554|0.2037037037037037|0.018518518518518517|0.018518518518518517|0.021290458741427196|0.016517460702966967|0.043620207450390226|0.04452774837953289
0.09259259259259256|0.2037037037037037|0.018518518518518504|0.018518518518518517|0.04452774837953289|0.043620207450390226|0.049685826766297916|0.06753138280215124
0.01851851851851851|0.16666666666666666|0.01851851851851851|0.018518518518518517|0.0|0.0|0.01792827301393692|0.016517460702966967
0.09259259259259256|0.16666666666666666|0.018518518518518504|0.018518518518518517|0.043620207450390226|0.04646509425056483|0.05235032026480109|0.049685826766297916
0.01851851851851851|0.12962962962962962|0.01851851851851851|0.018518518518518517|0.0|0.0|0.023986700548040724|0.01792827301393692
0.05555555555555554|0.12962962962962962|0.018518518518518517|0.018518518518518517|0.01792827301393692|0.023986700548040724|0.0503985010758381|0.04646509425056483
0.09259259259259256|0.12962962962962962|0.018518518518518504|0.018518518518518517|0.04646509425056483|0.0503985010758381|0.07746719779518513|0.05235032026480109
0.24074074074074073|0.2037037037037037|0.018518518518518517|0.018518518518518517|0.20886079636911306|0.24015240235218335|0.24625755611750294|0.23860463019770647
0.2777777777777778|0.2037037037037037|0.018518518518518545|0.018518518518518517|0.23860463019770647|0.24625755611750294|0.28032951049581606|0.26867975778161735
0.3148148148148148|0.2037037037037037|0.01851851851851849|0.018518518518518517|0.26867975778161735|0.28032951049581606|0.30339084463171784|0.2976512291277108
0.24074074074074073|0.16666666666666666|0.018518518518518517|0.018518518518518517|0.24015240235218335|0.24644665933575854|0.25448721597567514|0.24625755611750294
0.3148148148148148|0.16666666666666666|0.01851851851851849|0.018518518518518517|0.28032951049581606|0.2879332351900246|0.30837773900292326|0.30339084463171784
0.24074074074074073|0.12962962962962962|0.018518518518518517|0.018518518518518517|0.24644665933575854|0.22794191498555127|0.25535365060812376|0.25448721597567514
0.2777777777777778|0.12962962962962962|0.018518518518518545|0.018518518518518517|0.25448721597567514|0.25535365060812376|0.2844992152482867|0.2879332351900246
0.3148148148148148|0.12962962962962962|0.01851851851851849|0.018518518518518517|0.2879332351900246|0.2844992152482867|0.3120839864966442|0.30837773900292326
0.01851851851851851|0.09259259259259259|0.01851851851851851|0.018518518518518517|0.0|0.0|0.020641909152961595|0.023986700548040724
0.05555555555555554|0.09259259259259259|0.018518518518518517|0.018518518518518517|0.023986700548040724|0.020641909152961595|0.06343794584048358|0.0503985010758381
0.09259259259259256|0.09259259259259259|0.018518518518518504|0.018518518518518517|0.0503985010758381|0.06343794584048358|0.09114763360988137|0.07746719779518513
0.01851851851851851|0.05555555555555554|0.01851851851851851|0.01851851851851853|0.0|0.0|0.0239673343642693|0.020641909152961595
0.09259259259259256|0.05555555555555554|0.018518518518518504|0.01851851851851853|0.06343794584048358|0.06974271392214654|0.09601072177466198|0.09114763360988137
0.01851851851851851|0.01851851851851849|0.01851851851851851|0.018518518518518524|0.0|0.0|0.030374846106748656|0.0239673343642693
0.05555555555555554|0.01851851851851849|0.018518518518518517|0.018518518518518524|0.0239673343642693|0.030374846106748656|0.06457169398983326|0.06974271392214654
0.09259259259259256|0.01851851851851849|0.018518518518518504|0.018518518518518524|0.06974271392214654|0.06457169398983326|0.09759183384904628|0.09601072177466198
0.12962962962962962|0.09259259259259259|0.018518518518518517|0.018518518518518517|0.07746719779518513|0.09114763360988137|0.12249855329453893|0.12936059713492715
0.16666666666666666|0.09259259259259259|0.018518518518518517|0.018518518518518517|0.12936059713492715|0.12249855329453893|0.1848865719065253|0.1776650729090172
0.2037037037037037|0.09259259259259259|0.018518518518518517|0.018518518518518517|0.1776650729090172|0.1848865719065253|0.21641622822617868|0.22794191498555127
0.12962962962962962|0.05555555555555554|0.018518518518518517|0.01851851851851853|0.09114763360988137|0.09601072177466198|0.1254409537759693|0.12249855329453893
0.2037037037037037|0.05555555555555554|0.018518518518518517|0.01851851851851853|0.1848865719065253|0.183130203567076|0.21288527590638512|0.21641622822617868
0.12962962962962962|0.01851851851851849|0.018518518518518517|0.018518518518518524|0.09601072177466198|0.09759183384904628|0.1337741978570786|0.1254409537759693
0.16666666666666666|0.01851851851851849|0.018518518518518517|0.018518518518518524|0.1254409537759693|0.1337741978570786|0.17503052039984485|0.183130203567076
0.2037037037037037|0.01851851851851849|0.018518518518518517|0.018518518518518524|0.183130203567076|0.17503052039984485|0.2118222877256034|0.21288527590638512
0.24074074074074073|0.09259259259259259|0.018518518518518517|0.018518518518518517|0.22794191498555127|0.21641622822617868|0.24445195707451295|0.25535365060812376
0.2777777777777778|0.09259259259259259|0.018518518518518545|0.018518518518518517|0.25535365060812376|0.24445195707451295|0.29068707797778015|0.2844992152482867
0.3148148148148148|0.09259259259259259|0.01851851851851849|0.018518518518518517|0.2844992152482867|0.29068707797778015|0.3145577703814153|0.3120839864966442
0.24074074074074073|0.05555555555555554|0.018518518518518517|0.01851851851851853|0.21641622822617868|0.21288527590638512|0.2405143718842034|0.24445195707451295
0.3148148148148148|0.05555555555555554|0.01851851851851849|0.01851851851851853|0.29068707797778015|0.2898481151316957|0.3163320212299821|0.3145577703814153
0.24074074074074073|0.01851851851851849|0.018518518518518517|0.018518518518518524|0.21288527590638512|0.2118222877256034|0.2464880786899014|0.2405143718842034
0.2777777777777778|0.01851851851851849|0.018518518518518545|0.018518518518518524|0.2405143718842034|0.2464880786899014|0.28334404960744225|0.2898481151316957
0.3148148148148148|0.01851851851851849|0.01851851851851849|0.018518518518518524|0.2898481151316957|0.28334404960744225|0.31703359557735067|0.3163320212299821
0.3518518518518518|0.3148148148148148|0.01851851851851849|0.01851851851851849|0.25526913932576756|0.27747522829912435|0.3120083062065723|0.3183092617580967
0.38888888888888884|0.3148148148148148|0.01851851851851849|0.01851851851851849|0.3183092617580967|0.3120083062065723|0.38098224029123684|0.37211235021946854
0.4259259259259259|0.3148148148148148|0.018518518518518545|0.01851851851851849|0.37211235021946854|0.38098224029123684|0.4196499277007138|0.42074212506912667
0.3518518518518518|0.2777777777777778|0.01851851851851849|0.01851851851851849|0.27747522829912435|0.28952997500233657|0.31861207090614013|0.3120083062065723
0.4259259259259259|0.2777777777777778|0.018518518518518545|0.01851851851851849|0.38098224029123684|0.37872563401912324|0.41553027972810835|0.4196499277007138
0.3518518518518518|0.24074074074074076|0.01851851851851849|0.018518518518518545|0.28952997500233657|0.2976512291277108|0.3290043390952812|0.31861207090614013
0.38888888888888884|0.24074074074074076|0.01851851851851849|0.018518518518518545|0.31861207090614013|0.3290043390952812|0.364579612307722|0.37872563401912324
0.4259259259259259|0.24074074074074076|0.018518518518518545|0.018518518518518545|0.37872563401912324|0.364579612307722|0.4000623441073389|0.41553027972810835
0.46296296296296297|0.3148148148148148|0.018518518518518545|0.01851851851851849|0.42074212506912667|0.4196499277007138|0.4605020098470828|0.4715562946557213
0.5|0.3148148148148148|0.018518518518518545|0.01851851851851849|0.4715562946557213|0.4605020098470828|0.5394979901395953|0.5284437053309512
0.5370370370370371|0.3148148148148148|0.0185185185185186|0.01851851851851849|0.5284437053309512|0.5394979901395953|0.5803500722861025|0.5792578749177218
0.46296296296296297|0.2777777777777778|0.018518518518518545|0.01851851851851849|0.4196499277007138|0.41553027972810835|0.45789154364347584|0.4605020098470828
0.5370370370370371|0.2777777777777778|0.0185185185185186|0.01851851851851849|0.5394979901395953|0.5421084563431857|0.5844697202586723|0.5803500722861025
0.46296296296296297|0.24074074074074076|0.018518518518518545|0.018518518518518545|0.41553027972810835|0.4000623441073389|0.4676405953502883|0.45789154364347584
0.5|0.24074074074074076|0.018518518518518545|0.018518518518518545|0.45789154364347584|0.4676405953502883|0.532359404636348|0.5421084563431857
0.5370370370370371|0.24074074074074076|0.0185185185185186|0.018518518518518545|0.5421084563431857|0.532359404636348|0.5999376558794606|0.5844697202586723
0.5740740740740741|0.3148148148148148|0.01851851851851849|0.01851851851851849|0.5792578749177218|0.5803500722861025|0.6190177596959197|0.627887649767837
0.6111111111111112|0.3148148148148148|0.01851851851851849|0.01851851851851849|0.627887649767837|0.6190177596959197|0.6879916937815078|0.6816907382299132
0.6481481481481483|0.3148148148148148|0.0185185185185186|0.01851851851851849|0.6816907382299132|0.6879916937815078|0.7225247716895421|0.7447308606634065
0.5740740740740741|0.2777777777777778|0.01851851851851849|0.01851851851851849|0.5803500722861025|0.5844697202586723|0.6212743659679052|0.6190177596959197
0.6481481481481483|0.2777777777777778|0.0185185185185186|0.01851851851851849|0.6879916937815078|0.6813879290816565|0.7104700249859998|0.7225247716895421
0.5740740740740741|0.24074074074074076|0.01851851851851849|0.018518518518518545|0.5844697202586723|0.5999376558794606|0.6354203876793432|0.6212743659679052
0.6111111111111112|0.24074074074074076|0.01851851851851849|0.018518518518518545|0.6212743659679052|0.6354203876793432|0.6709956608922375|0.6813879290816565
0.6481481481481483|0.24074074074074076|0.0185185185185186|0.018518518518518545|0.6813879290816565|0.6709956608922375|0.7023487708603612|0.7104700249859998
0.3518518518518518|0.2037037037037037|0.01851851851851849|0.018518518518518517|0.2976512291277108|0.30339084463171784|0.32557496807388336|0.3290043390952812
0.38888888888888884|0.2037037037037037|0.01851851851851849|0.018518518518518517|0.3290043390952812|0.32557496807388336|0.36356985465953723|0.364579612307722
0.4259259259259259|0.2037037037037037|0.018518518518518545|0.018518518518518517|0.364579612307722|0.36356985465953723|0.3725136852222745|0.4000623441073389
0.3518518518518518|0.16666666666666666|0.01851851851851849|0.018518518518518517|0.30339084463171784|0.30837773900292326|0.33120591011333145|0.32557496807388336
0.4259259259259259|0.16666666666666666|0.018518518518518545|0.018518518518518517|0.36356985465953723|0.36798780836842315|0.37531263723122155|0.3725136852222745
0.3518518518518518|0.12962962962962962|0.01851851851851849|0.018518518518518517|0.30837773900292326|0.3120839864966442|0.34090122135410755|0.33120591011333145
0.38888888888888884|0.12962962962962962|0.01851851851851849|0.018518518518518517|0.33120591011333145|0.34090122135410755|0.37325766273553124|0.36798780836842315
0.4259259259259259|0.12962962962962962|0.018518518518518545|0.018518518518518517|0.36798780836842315|0.37325766273553124|0.40655900403327333|0.37531263723122155
0.5740740740740741|0.2037037037037037|0.01851851851851849|0.018518518518518517|0.5999376558794606|0.6274863147645258|0.6364301453273927|0.6354203876793432
0.6111111111111112|0.2037037037037037|0.01851851851851849|0.018518518518518517|0.6354203876793432|0.6364301453273927|0.6744250319135973|0.6709956608922375
0.6481481481481483|0.2037037037037037|0.0185185185185186|0.018518518518518517|0.6709956608922375|0.6744250319135973|0.6966091553561387|0.7023487708603612
0.5740740740740741|0.16666666666666666|0.01851851851851849|0.018518518518518517|0.6274863147645258|0.6246873627554289|0.6320121916183131|0.6364301453273927
0.6481481481481483|0.16666666666666666|0.0185185185185186|0.018518518518518517|0.6744250319135973|0.6687940898739316|0.6916222609847822|0.6966091553561387
0.5740740740740741|0.12962962962962962|0.01851851851851849|0.018518518518518517|0.6246873627554289|0.5934409959530765|0.6267423372511088|0.6320121916183131
0.6111111111111112|0.12962962962962962|0.01851851851851849|0.018518518518518517|0.6320121916183131|0.6267423372511088|0.6590987786330175|0.6687940898739316
0.6481481481481483|0.12962962962962962|0.0185185185185186|0.018518518518518517|0.6687940898739316|0.6590987786330175|0.6879160134909693|0.6916222609847822
0.3518518518518518|0.09259259259259259|0.01851851851851849|0.018518518518518517|0.3120839864966442|0.3145577703814153|0.3385097227056063|0.34090122135410755
0.38888888888888884|0.09259259259259259|0.01851851851851849|0.018518518518518517|0.34090122135410755|0.3385097227056063|0.3897767743945198|0.37325766273553124
0.4259259259259259|0.09259259259259259|0.018518518518518545|0.018518518518518517|0.37325766273553124|0.3897767743945198|0.42361406647603667|0.40655900403327333
0.3518518518518518|0.05555555555555554|0.01851851851851849|0.01851851851851853|0.3145577703814153|0.3163320212299821|0.3442190760230763|0.3385097227056063
0.4259259259259259|0.05555555555555554|0.018518518518518545|0.01851851851851853|0.3897767743945198|0.39846500923501366|0.4298125537997681|0.42361406647603667
0.3518518518518518|0.01851851851851849|0.01851851851851849|0.018518518518518524|0.3163320212299821|0.31703359557735067|0.3521262902421125|0.3442190760230763
0.38888888888888884|0.01851851851851849|0.01851851851851849|0.018518518518518524|0.3442190760230763|0.3521262902421125|0.39248896336435035|0.39846500923501366
0.4259259259259259|0.01851851851851849|0.018518518518518545|0.018518518518518524|0.39846500923501366|0.39248896336435035|0.4318458416513223|0.4298125537997681
0.46296296296296297|0.09259259259259259|0.018518518518518545|0.018518518518518517|0.40655900403327333|0.42361406647603667|0.46191242933703763|0.4702979285454659
0.5|0.09259259259259259|0.018518518518518545|0.018518518518518517|0.4702979285454659|0.46191242933703763|0.5380875706490464|0.5297020714405969
0.5370370370370371|0.09259259259259259|0.0185185185185186|0.018518518518518517|0.5297020714405969|0.5380875706490464|0.5763859335101648|0.5934409959530765
0.46296296296296297|0.05555555555555554|0.018518518518518545|0.01851851851851853|0.42361406647603667|0.4298125537997681|0.4652266740677189|0.46191242933703763
0.5370370370370371|0.05555555555555554|0.0185185185185186|0.01851851851851853|0.5380875706490464|0.5347733259183124|0.5701874461863755|0.5763859335101648
0.46296296296296297|0.01851851851851849|0.018518518518518545|0.018518518518518524|0.4298125537997681|0.4318458416513223|0.4752692956415229|0.4652266740677189
0.5|0.01851851851851849|0.018518518518518545|0.018518518518518524|0.4652266740677189|0.4752692956415229|0.5247307043444842|0.5347733259183124
0.5370370370370371|0.01851851851851849|0.0185185185185186|0.018518518518518524|0.5347733259183124|0.5247307043444842|0.5681541583348271|0.5701874461863755
0.5740740740740741|0.09259259259259259|0.01851851851851849|0.018518518518518517|0.5934409959530765|0.5763859335101648|0.6102232255919836|0.6267423372511088
0.6111111111111112|0.09259259259259259|0.01851851851851849|0.018518518518518517|0.6267423372511088|0.6102232255919836|0.6614902772815358|0.6590987786330175
0.6481481481481483|0.09259259259259259|0.0185185185185186|0.018518518518518517|0.6590987786330175|0.6614902772815358|0.6854422296061916|0.6879160134909693
0.5740740740740741|0.05555555555555554|0.01851851851851849|0.01851851851851853|0.5763859335101648|0.5701874461863755|0.6015349907514117|0.6102232255919836
0.6481481481481483|0.05555555555555554|0.0185185185185186|0.01851851851851853|0.6614902772815358|0.6557809239640335|0.683667978757632|0.6854422296061916
0.5740740740740741|0.01851851851851849|0.01851851851851849|0.018518518518518524|0.5701874461863755|0.5681541583348271|0.6075110366221199|0.6015349907514117
0.6111111111111112|0.01851851851851849|0.01851851851851849|0.018518518518518524|0.6015349907514117|0.6075110366221199|0.647873709744865|0.6557809239640335
0.6481481481481483|0.01851851851851849|0.0185185185185186|0.018518518518518524|0.6557809239640335|0.647873709744865|0.6829664044102653|0.683667978757632
0.6851851851851852|0.3148148148148148|0.01851851851851849|0.01851851851851849|0.7447308606634065|0.7225247716895421|0.7549864937808337|0.7769488135861249
0.7222222222222223|0.3148148148148148|0.01851851851851849|0.01851851851851849|0.7769488135861249|0.7549864937808337|0.8012272752382534|0.8055914796350953
0.7592592592592594|0.3148148148148148|0.0185185185185186|0.01851851851851849|0.8055914796350953|0.8012272752382534|0.8225828593294608|0.832219309904486
0.6851851851851852|0.2777777777777778|0.01851851851851849|0.01851851851851849|0.7225247716895421|0.7104700249859998|0.7339116329537158|0.7549864937808337
0.7592592592592594|0.2777777777777778|0.0185185185185186|0.01851851851851849|0.8012272752382534|0.7803687560746881|0.8101734258692828|0.8225828593294608
0.6851851851851852|0.24074074074074076|0.01851851851851849|0.018518518518518545|0.7104700249859998|0.7023487708603612|0.7313202422071235|0.7339116329537158
0.7222222222222223|0.24074074074074076|0.01851851851851849|0.018518518518518545|0.7339116329537158|0.7313202422071235|0.7613953697919205|0.7803687560746881
0.7592592592592594|0.24074074074074076|0.0185185185185186|0.018518518518518545|0.7803687560746881|0.7613953697919205|0.791139203621484|0.8101734258692828
0.7962962962962963|0.3148148148148148|0.01851851851851849|0.01851851851851849|0.832219309904486|0.8225828593294608|0.8488139727448438|0.8608596978121603
0.8333333333333334|0.3148148148148148|0.01851851851851849|0.01851851851851849|0.8608596978121603|0.8488139727448438|0.89752102704825|0.8932204666805359
0.8703703703703705|0.3148148148148148|0.0185185185185186|0.01851851851851849|0.8932204666805359|0.89752102704825|0.9209899873154319|0.921775947095313
0.7962962962962963|0.2777777777777778|0.01851851851851849|0.01851851851851849|0.8225828593294608|0.8101734258692828|0.839306410918013|0.8488139727448438
0.8703703703703705|0.2777777777777778|0.0185185185185186|0.01851851851851849|0.89752102704825|0.8950863847233873|0.9227323330666776|0.9209899873154319
0.7962962962962963|0.24074074074074076|0.01851851851851849|0.018518518518518545|0.8101734258692828|0.791139203621484|0.8438500327693245|0.839306410918013
0.8333333333333334|0.24074074074074076|0.01851851851851849|0.018518518518518545|0.839306410918013|0.8438500327693245|0.8880883605658647|0.8950863847233873
0.8703703703703705|0.24074074074074076|0.0185185185185186|0.018518518518518545|0.8950863847233873|0.8880883605658647|0.9324686171944722|0.9227323330666776
0.9074074074074074|0.3148148148148148|0.01851851851851849|0.01851851851851849|0.921775947095313|0.9209899873154319|0.9427370304760804|0.948100646696099
0.9444444444444444|0.3148148148148148|0.01851851851851849|0.01851851851851849|0.948100646696099|0.9427370304760804|0.9804535003588108|0.975550551428314
0.9814814814814814|0.3148148148148148|0.01851851851851849|0.01851851851851849|0.975550551428314|0.9804535003588108|1.0|1.0
0.9074074074074074|0.2777777777777778|0.01851851851851849|0.01851851851851849|0.9209899873154319|0.9227323330666776|0.9459396743126387|0.9427370304760804
0.9814814814814814|0.2777777777777778|0.01851851851851849|0.01851851851851849|0.9804535003588108|0.9821427232005142|1.0|1.0
0.9074074074074074|0.24074074074074076|0.01851851851851849|0.018518518518518545|0.9227323330666776|0.9324686171944722|0.9554722516182164|0.9459396743126387
0.9444444444444444|0.24074074074074076|0.01851851851851849|0.018518518518518545|0.9459396743126387|0.9554722516182164|0.9787095412574911|0.9821427232005142
0.9814814814814814|0.24074074074074076|0.01851851851851849|0.018518518518518545|0.9821427232005142|0.9787095412574911|1.0|1.0
0.6851851851851852|0.2037037037037037|0.01851851851851849|0.018518518518518517|0.7023487708603612|0.6966091553561387|0.7196704894926019|0.7313202422071235
0.7222222222222223|0.2037037037037037|0.01851851851851849|0.018518518518518517|0.7313202422071235|0.7196704894926019|0.75374244387183|0.7613953697919205
0.7592592592592594|0.2037037037037037|0.0185185185185186|0.018518518518518517|0.7613953697919205|0.75374244387183|0.7598475976373174|0.791139203621484
0.6851851851851852|0.16666666666666666|0.01851851851851849|0.018518518518518517|0.6966091553561387|0.6916222609847822|0.7120667647981711|0.7196704894926019
0.7592592592592594|0.16666666666666666|0.0185185185185186|0.018518518518518517|0.75374244387183|0.7455127840134421|0.7535533406535742|0.7598475976373174
0.6851851851851852|0.12962962962962962|0.01851851851851849|0.018518518518518517|0.6916222609847822|0.6879160134909693|0.7155007847400154|0.7120667647981711
0.7222222222222223|0.12962962962962962|0.01851851851851849|0.018518518518518517|0.7120667647981711|0.7155007847400154|0.7446463493810282|0.7455127840134421
0.7592592592592594|0.12962962962962962|0.0185185185185186|0.018518518518518517|0.7455127840134421|0.7446463493810282|0.7720580850045462|0.7535533406535742
0.9074074074074074|0.2037037037037037|0.01851851851851849|0.018518518518518517|0.9324686171944722|0.9503141732312193|0.9563797925474228|0.9554722516182164
0.9444444444444444|0.2037037037037037|0.01851851851851849|0.018518518518518517|0.9554722516182164|0.9563797925474228|0.9834825392961992|0.9787095412574911
0.9814814814814814|0.2037037037037037|0.01851851851851849|0.018518518518518517|0.9787095412574911|0.9834825392961992|1.0|1.0
0.9074074074074074|0.16666666666666666|0.01851851851851849|0.018518518518518517|0.9503141732312193|0.9476496797326436|0.9535349057471707|0.9563797925474228
0.9814814814814814|0.16666666666666666|0.01851851851851849|0.018518518518518517|0.9834825392961992|0.9820717269851883|1.0|1.0
0.9074074074074074|0.12962962962962962|0.01851851851851849|0.018518518518518517|0.9476496797326436|0.9225328022011636|0.9496014989217486|0.9535349057471707
0.9444444444444444|0.12962962962962962|0.01851851851851849|0.018518518518518517|0.9535349057471707|0.9496014989217486|0.9760132994508023|0.9820717269851883
0.9814814814814814|0.12962962962962962|0.01851851851851849|0.018518518518518517|0.9820717269851883|0.9760132994508023|1.0|1.0
0.6851851851851852|0.09259259259259259|0.01851851851851849|0.018518518518518517|0.6879160134909693|0.6854422296061916|0.7093129220103956|0.7155007847400154
0.7222222222222223|0.09259259259259259|0.01851851851851849|0.018518518518518517|0.7155007847400154|0.7093129220103956|0.7555480429150465|0.7446463493810282
0.7592592592592594|0.09259259259259259|0.0185185185185186|0.018518518518518517|0.7446463493810282|0.7555480429150465|0.7835837717643702|0.7720580850045462
0.6851851851851852|0.05555555555555554|0.01851851851851849|0.01851851851851853|0.6854422296061916|0.683667978757632|0.7101518848565637|0.7093129220103956
0.7592592592592594|0.05555555555555554|0.0185185185185186|0.01851851851851853|0.7555480429150465|0.7594856281055365|0.7871147240843006|0.7835837717643702
0.6851851851851852|0.01851851851851849|0.01851851851851849|0.018518518518518524|0.683667978757632|0.6829664044102653|0.7166559503810105|0.7101518848565637
0.7222222222222223|0.01851851851851849|0.01851851851851849|0.018518518518518524|0.7101518848565637|0.7166559503810105|0.7535119212996565|0.7594856281055365
0.7592592592592594|0.01851851851851849|0.0185185185185186|0.018518518518518524|0.7594856281055365|0.7535119212996565|0.7881777122651308|0.7871147240843006
0.7962962962962963|0.09259259259259259|0.01851851851851849|0.018518518518518517|0.7720580850045462|0.7835837717643702|0.8151134280852539|0.822334927083038
0.8333333333333334|0.09259259259259259|0.01851851851851849|0.018518518518518517|0.822334927083038|0.8151134280852539|0.8775014466998345|0.8706394028591441
0.8703703703703705|0.09259259259259259|0.0185185185185186|0.018518518518518517|0.8706394028591441|0.8775014466998345|0.9088523663858586|0.9225328022011636
0.7962962962962963|0.05555555555555554|0.01851851851851849|0.01851851851851853|0.7835837717643702|0.7871147240843006|0.8168697964247573|0.8151134280852539
0.8703703703703705|0.05555555555555554|0.0185185185185186|0.01851851851851853|0.8775014466998345|0.8745590462182641|0.9039892782208577|0.9088523663858586
0.7962962962962963|0.01851851851851849|0.01851851851851849|0.018518518518518524|0.7871147240843006|0.7881777122651308|0.8249694795923271|0.8168697964247573
0.8333333333333334|0.01851851851851849|0.01851851851851849|0.018518518518518524|0.8168697964247573|0.8249694795923271|0.8662258021367939|0.8745590462182641
0.8703703703703705|0.01851851851851849|0.0185185185185186|0.018518518518518524|0.8745590462182641|0.8662258021367939|0.902408166146398|0.9039892782208577
0.9074074074074074|0.09259259259259259|0.01851851851851849|0.018518518518518517|0.9225328022011636|0.9088523663858586|0.9365620541565128|0.9496014989217486
0.9444444444444444|0.09259259259259259|0.01851851851851849|0.018518518518518517|0.9496014989217486|0.9365620541565128|0.9793580908460485|0.9760132994508023
0.9814814814814814|0.09259259259259259|0.01851851851851849|0.018518518518518517|0.9760132994508023|0.9793580908460485|1.0|1.0
0.9074074074074074|0.05555555555555554|0.01851851851851849|0.01851851851851853|0.9088523663858586|0.9039892782208577|0.9302572860745615|0.9365620541565128
0.9814814814814814|0.05555555555555554|0.01851851851851849|0.01851851851851853|0.9793580908460485|0.9760326656345928|1.0|1.0
0.9074074074074074|0.01851851851851849|0.01851851851851849|0.018518518518518524|0.9039892782208577|0.902408166146398|0.9354283060071242|0.9302572860745615
0.9444444444444444|0.01851851851851849|0.01851851851851849|0.018518518518518524|0.9302572860745615|0.9354283060071242|0.9696251538918073|0.9760326656345928
0.9814814814814814|0.01851851851851849|0.01851851851851849|0.018518518518518524|0.9760326656345928|0.9696251538918073|1.0|1.0
0.6851851851851852|0.6481481481481483|0.01851851851851849|0.01851851851851849|0.7447308606630025|0.7877472551990204|0.7912143944276728|0.7769488135857829
0.7222222222222223|0.6481481481481483|0.01851851851851849|0.01851851851851849|0.7769488135857829|0.7912143944276728|0.8188400038917311|0.8055914796347933
0.7592592592592594|0.6481481481481483|0.0185185185185186|0.01851851851851849|0.8055914796347933|0.8188400038917311|0.8398432028411192|0.8322193099042371
0.6851851851851852|0.6111111111111112|0.01851851851851849|0.01851851851851849|0.7877472551990204|0.8083241559643544|0.8140509121257615|0.7912143944276728
0.7592592592592594|0.6111111111111112|0.0185185185185186|0.01851851851851849|0.8188400038917311|0.8327440411203917|0.8455641110358624|0.8398432028411192
0.6851851851851852|0.5740740740740741|0.01851851851851849|0.0185185185185186|0.8083241559643544|0.8196318385180256|0.8232496233900042|0.8140509121257615
0.7222222222222223|0.5740740740740741|0.01851851851851849|0.0185185185185186|0.8140509121257615|0.8232496233900042|0.8319731211582637|0.8327440411203917
0.7592592592592594|0.5740740740740741|0.0185185185185186|0.0185185185185186|0.8327440411203917|0.8319731211582637|0.8436381634469048|0.8455641110358624
0.7962962962962963|0.6481481481481483|0.01851851851851849|0.01851851851851849|0.8322193099042371|0.8398432028411192|0.8599959877427797|0.8608596978119495
0.8333333333333334|0.6481481481481483|0.01851851851851849|0.01851851851851849|0.8608596978119495|0.8599959877427797|0.9018698103811892|0.8932204666803748
0.8703703703703705|0.6481481481481483|0.0185185185185186|0.01851851851851849|0.8932204666803748|0.9018698103811892|0.9247926876891109|0.9217759470951945
0.7962962962962963|0.6111111111111112|0.01851851851851849|0.01851851851851849|0.8398432028411192|0.8455641110358624|0.8656843903773329|0.8599959877427797
0.8703703703703705|0.6111111111111112|0.0185185185185186|0.01851851851851849|0.9018698103811892|0.9081507181699611|0.9300196338720403|0.9247926876891109
0.7962962962962963|0.5740740740740741|0.01851851851851849|0.0185185185185186|0.8455641110358624|0.8436381634469048|0.8721406240663607|0.8656843903773329
0.8333333333333334|0.5740740740740741|0.01851851851851849|0.0185185185185186|0.8656843903773329|0.8721406240663607|0.9041219709909014|0.9081507181699611
0.8703703703703705|0.5740740740740741|0.0185185185185186|0.0185185185185186|0.9081507181699611|0.9041219709909014|0.9405857412898527|0.9300196338720403
0.9074074074074074|0.6481481481481483|0.01851851851851849|0.01851851851851849|0.9217759470951945|0.9247926876891109|0.9449759204755488|0.9481006466960177
0.9444444444444444|0.6481481481481483|0.01851851851851849|0.01851851851851849|0.9481006466960177|0.9449759204755488|0.9808926860391085|0.9755505514282764
0.9814814814814814|0.6481481481481483|0.01851851851851849|0.01851851851851849|0.9755505514282764|0.9808926860391085|1.0|1.0
0.9074074074074074|0.6111111111111112|0.01851851851851849|0.01851851851851849|0.9247926876891109|0.9300196338720403|0.9507577970751186|0.9449759204755488
0.9814814814814814|0.6111111111111112|0.01851851851851849|0.01851851851851849|0.9808926860391085|0.9838565043238849|1.0|1.0
0.9074074074074074|0.5740740740740741|0.01851851851851849|0.0185185185185186|0.9300196338720403|0.9405857412898527|0.9606940161688545|0.9507577970751186
0.9444444444444444|0.5740740740740741|0.01851851851851849|0.0185185185185186|0.9507577970751186|0.9606940161688545|0.9811820198159477|0.9838565043238849
0.9814814814814814|0.5740740740740741|0.01851851851851849|0.0185185185185186|0.9838565043238849|0.9811820198159477|1.0|1.0
0.6851851851851852|0.5370370370370371|0.01851851851851849|0.01851851851851849|0.8196318385180256|0.8237039513277832|0.8252127649103291|0.8232496233900042
0.7222222222222223|0.5370370370370371|0.01851851851851849|0.01851851851851849|0.8232496233900042|0.8252127649103291|0.8324860588430215|0.8319731211582637
0.7592592592592594|0.5370370370370371|0.0185185185185186|0.01851851851851849|0.8319731211582637|0.8324860588430215|0.8346138922268457|0.8436381634469048
0.6851851851851852|0.5|0.01851851851851849|0.01851851851851849|0.8237039513277832|0.8237039513278246|0.8252127649103819|0.8252127649103291
0.7592592592592594|0.5|0.0185185185185186|0.01851851851851849|0.8324860588430215|0.8324860588430748|0.8346138922268798|0.8346138922268457
0.6851851851851852|0.46296296296296297|0.01851851851851849|0.01851851851851849|0.8237039513278246|0.819631838518124|0.8232496233901242|0.8252127649103819
0.7222222222222223|0.46296296296296297|0.01851851851851849|0.01851851851851849|0.8252127649103819|0.8232496233901242|0.8319731211583857|0.8324860588430748
0.7592592592592594|0.46296296296296297|0.0185185185185186|0.01851851851851849|0.8324860588430748|0.8319731211583857|0.8436381634470129|0.8346138922268798
0.9074074074074074|0.5370370370370371|0.01851851851851849|0.01851851851851849|0.9405857412898527|0.9579651766664387|0.9628487086244957|0.9606940161688545
0.9444444444444444|0.5370370370370371|0.01851851851851849|0.01851851851851849|0.9606940161688545|0.9628487086244957|0.9857383455531541|0.9811820198159477
0.9814814814814814|0.5370370370370371|0.01851851851851849|0.01851851851851849|0.9811820198159477|0.9857383455531541|1.0|1.0
0.9074074074074074|0.5|0.01851851851851849|0.01851851851851849|0.9579651766664387|0.9579651766664606|0.9628487086245185|0.9628487086244957
0.9814814814814814|0.5|0.01851851851851849|0.01851851851851849|0.9857383455531541|0.9857383455531653|1.0|1.0
0.9074074074074074|0.46296296296296297|0.01851851851851849|0.01851851851851849|0.9579651766664606|0.9405857412899146|0.960694016168898|0.9628487086245185
0.9444444444444444|0.46296296296296297|0.01851851851851849|0.01851851851851849|0.9628487086245185|0.960694016168898|0.9811820198159665|0.9857383455531653
0.9814814814814814|0.46296296296296297|0.01851851851851849|0.01851851851851849|0.9857383455531653|0.9811820198159665|1.0|1.0
0.6851851851851852|0.4259259259259259|0.01851851851851849|0.018518518518518545|0.819631838518124|0.8083241559645417|0.8140509121259398|0.8232496233901242
0.7222222222222223|0.4259259259259259|0.01851851851851849|0.018518518518518545|0.8232496233901242|0.8140509121259398|0.832744041120557|0.8319731211583857
0.7592592592592594|0.4259259259259259|0.0185185185185186|0.018518518518518545|0.8319731211583857|0.832744041120557|0.8455641110360281|0.8436381634470129
0.6851851851851852|0.38888888888888884|0.01851851851851849|0.018518518518518545|0.8083241559645417|0.7877472551992891|0.7912143944279626|0.8140509121259398
0.7592592592592594|0.38888888888888884|0.0185185185185186|0.018518518518518545|0.832744041120557|0.8188400038919842|0.8398432028413293|0.8455641110360281
0.6851851851851852|0.3518518518518518|0.01851851851851849|0.01851851851851849|0.7877472551992891|0.7447308606634065|0.7769488135861249|0.7912143944279626
0.7222222222222223|0.3518518518518518|0.01851851851851849|0.01851851851851849|0.7912143944279626|0.7769488135861249|0.8055914796350953|0.8188400038919842
0.7592592592592594|0.3518518518518518|0.0185185185185186|0.01851851851851849|0.8188400038919842|0.8055914796350953|0.832219309904486|0.8398432028413293
0.7962962962962963|0.4259259259259259|0.01851851851851849|0.018518518518518545|0.8436381634470129|0.8455641110360281|0.8656843903774893|0.8721406240665094
0.8333333333333334|0.4259259259259259|0.01851851851851849|0.018518518518518545|0.8721406240665094|0.8656843903774893|0.9081507181700685|0.9041219709910217
0.8703703703703705|0.4259259259259259|0.0185185185185186|0.018518518518518545|0.9041219709910217|0.9081507181700685|0.9300196338721327|0.9405857412899146
0.7962962962962963|0.38888888888888884|0.01851851851851849|0.018518518518518545|0.8455641110360281|0.8398432028413293|0.8599959877429744|0.8656843903774893
0.8703703703703705|0.38888888888888884|0.0185185185185186|0.018518518518518545|0.9081507181700685|0.901869810381338|0.9247926876892144|0.9300196338721327
0.7962962962962963|0.3518518518518518|0.01851851851851849|0.01851851851851849|0.8398432028413293|0.832219309904486|0.8608596978121603|0.8599959877429744
0.8333333333333334|0.3518518518518518|0.01851851851851849|0.01851851851851849|0.8599959877429744|0.8608596978121603|0.8932204666805359|0.901869810381338
0.8703703703703705|0.3518518518518518|0.0185185185185186|0.01851851851851849|0.901869810381338|0.8932204666805359|0.921775947095313|0.9247926876892144
0.9074074074074074|0.4259259259259259|0.01851851851851849|0.018518518518518545|0.9405857412899146|0.9300196338721327|0.9507577970751837|0.960694016168898
0.9444444444444444|0.4259259259259259|0.01851851851851849|0.018518518518518545|0.960694016168898|0.9507577970751837|0.9838565043239033|0.9811820198159665
0.9814814814814814|0.4259259259259259|0.01851851851851849|0.018518518518518545|0.9811820198159665|0.9838565043239033|1.0|1.0
0.9074074074074074|0.38888888888888884|0.01851851851851849|0.018518518518518545|0.9300196338721327|0.9247926876892144|0.9449759204756295|0.9507577970751837
0.9814814814814814|0.38888888888888884|0.01851851851851849|0.018518518518518545|0.9838565043239033|0.9808926860391359|1.0|1.0
0.9074074074074074|0.3518518518518518|0.01851851851851849|0.01851851851851849|0.9247926876892144|0.921775947095313|0.948100646696099|0.9449759204756295
0.9444444444444444|0.3518518518518518|0.01851851851851849|0.01851851851851849|0.9449759204756295|0.948100646696099|0.975550551428314|0.9808926860391359
0.9814814814814814|0.3518518518518518|0.01851851851851849|0.01851851851851849|0.9808926860391359|0.975550551428314|1.0|1.0
0.6851851851851852|0.9814814814814815|0.01851851851851849|0.01851851851851849|0.6829664044096974|0.6836679787570624|0.710151884856011|0.7166559503804834
0.7222222222222223|0.9814814814814815|0.01851851851851849|0.01851851851851849|0.7166559503804834|0.710151884856011|0.7594856281050495|0.7535119212991599
0.7592592592592594|0.9814814814814815|0.0185185185185186|0.01851851851851849|0.7535119212991599|0.7594856281050495|0.7871147240838777|0.7881777122646859
0.6851851851851852|0.9444444444444444|0.01851851851851849|0.01851851851851849|0.6836679787570624|0.6854422296056223|0.7093129220098346|0.710151884856011
0.7592592592592594|0.9444444444444444|0.0185185185185186|0.01851851851851849|0.7594856281050495|0.7555480429145586|0.7835837717639377|0.7871147240838777
0.6851851851851852|0.9074074074074073|0.01851851851851849|0.0185185185185186|0.6854422296056223|0.687916013490425|0.7155007847394954|0.7093129220098346
0.7222222222222223|0.9074074074074073|0.01851851851851849|0.0185185185185186|0.7093129220098346|0.7155007847394954|0.7446463493805314|0.7555480429145586
0.7592592592592594|0.9074074074074073|0.0185185185185186|0.0185185185185186|0.7555480429145586|0.7446463493805314|0.7720580850041028|0.7835837717639377
0.7962962962962963|0.9814814814814815|0.01851851851851849|0.01851851851851849|0.7881777122646859|0.7871147240838777|0.8168697964243783|0.8249694795919471
0.8333333333333334|0.9814814814814815|0.01851851851851849|0.01851851851851849|0.8249694795919471|0.8168697964243783|0.8745590462179881|0.8662258021365103
0.8703703703703705|0.9814814814814815|0.0185185185185186|0.01851851851851849|0.8662258021365103|0.8745590462179881|0.903989278220645|0.9024081661461812
0.7962962962962963|0.9444444444444444|0.01851851851851849|0.01851851851851849|0.7871147240838777|0.7835837717639377|0.815113428084871|0.8168697964243783
0.8703703703703705|0.9444444444444444|0.0185185185185186|0.01851851851851849|0.8745590462179881|0.877501446699564|0.9088523663856614|0.903989278220645
0.7962962962962963|0.9074074074074073|0.01851851851851849|0.0185185185185186|0.7835837717639377|0.7720580850041028|0.8223349270826715|0.815113428084871
0.8333333333333334|0.9074074074074073|0.01851851851851849|0.0185185185185186|0.815113428084871|0.8223349270826715|0.8706394028588694|0.877501446699564
0.8703703703703705|0.9074074074074073|0.0185185185185186|0.0185185185185186|0.877501446699564|0.8706394028588694|0.9225328022009899|0.9088523663856614
0.9074074074074074|0.9814814814814815|0.01851851851851849|0.01851851851851849|0.9024081661461812|0.903989278220645|0.9302572860744036|0.9354283060069769
0.9444444444444444|0.9814814814814815|0.01851851851851849|0.01851851851851849|0.9354283060069769|0.9302572860744036|0.9760326656345369|0.9696251538917384
0.9814814814814814|0.9814814814814815|0.01851851851851849|0.01851851851851849|0.9696251538917384|0.9760326656345369|1.0|1.0
0.9074074074074074|0.9444444444444444|0.01851851851851849|0.01851851851851849|0.903989278220645|0.9088523663856614|0.9365620541563684|0.9302572860744036
0.9814814814814814|0.9444444444444444|0.01851851851851849|0.01851851851851849|0.9760326656345369|0.979358090846003|1.0|1.0
0.9074074074074074|0.9074074074074073|0.01851851851851849|0.0185185185185186|0.9088523663856614|0.9225328022009899|0.9496014989216343|0.9365620541563684
0.9444444444444444|0.9074074074074073|0.01851851851851849|0.0185185185185186|0.9365620541563684|0.9496014989216343|0.9760132994507493|0.979358090846003
0.9814814814814814|0.9074074074074073|0.01851851851851849|0.0185185185185186|0.979358090846003|0.9760132994507493|1.0|1.0
0.6851851851851852|0.8703703703703705|0.01851851851851849|0.01851851851851849|0.687916013490425|0.6916222609842378|0.7120667647976495|0.7155007847394954
0.7222222222222223|0.8703703703703705|0.01851851851851849|0.01851851851851849|0.7155007847394954|0.7120667647976495|0.745512784012932|0.7446463493805314
0.7592592592592594|0.8703703703703705|0.0185185185185186|0.01851851851851849|0.7446463493805314|0.745512784012932|0.7535533406531008|0.7720580850041028
0.6851851851851852|0.8333333333333334|0.01851851851851849|0.01851851851851849|0.6916222609842378|0.6966091553556064|0.7196704894921071|0.7120667647976495
0.7592592592592594|0.8333333333333334|0.0185185185185186|0.01851851851851849|0.745512784012932|0.7537424438713838|0.7598475976368803|0.7535533406531008
0.6851851851851852|0.7962962962962963|0.01851851851851849|0.0185185185185186|0.6966091553556064|0.7023487708598484|0.7313202422066465|0.7196704894921071
0.7222222222222223|0.7962962962962963|0.01851851851851849|0.0185185185185186|0.7196704894921071|0.7313202422066465|0.7613953697914891|0.7537424438713838
0.7592592592592594|0.7962962962962963|0.0185185185185186|0.0185185185185186|0.7537424438713838|0.7613953697914891|0.7911392036211102|0.7598475976368803
0.9074074074074074|0.8703703703703705|0.01851851851851849|0.01851851851851849|0.9225328022009899|0.9476496797325294|0.953534905747065|0.9496014989216343
0.9444444444444444|0.8703703703703705|0.01851851851851849|0.01851851851851849|0.9496014989216343|0.953534905747065|0.9820717269851502|0.9760132994507493
0.9814814814814814|0.8703703703703705|0.01851851851851849|0.01851851851851849|0.9760132994507493|0.9820717269851502|1.0|1.0
0.9074074074074074|0.8333333333333334|0.01851851851851849|0.01851851851851849|0.9476496797325294|0.9503141732311186|0.9563797925473314|0.953534905747065
0.9814814814814814|0.8333333333333334|0.01851851851851849|0.01851851851851849|0.9820717269851502|0.983482539296167|1.0|1.0
0.9074074074074074|0.7962962962962963|0.01851851851851849|0.0185185185185186|0.9503141732311186|0.9324686171943477|0.9554722516181315|0.9563797925473314
0.9444444444444444|0.7962962962962963|0.01851851851851849|0.0185185185185186|0.9563797925473314|0.9554722516181315|0.9787095412574492|0.983482539296167
0.9814814814814814|0.7962962962962963|0.01851851851851849|0.0185185185185186|0.983482539296167|0.9787095412574492|1.0|1.0
0.6851851851851852|0.7592592592592593|0.01851851851851849|0.01851851851851849|0.7023487708598484|0.7104700249855208|0.7339116329532591|0.7313202422066465
0.7222222222222223|0.7592592592592593|0.01851851851851849|0.01851851851851849|0.7313202422066465|0.7339116329532591|0.7803687560742982|0.7613953697914891
0.7592592592592594|0.7592592592592593|0.0185185185185186|0.01851851851851849|0.7613953697914891|0.7803687560742982|0.8101734258689591|0.7911392036211102
0.6851851851851852|0.7222222222222223|0.01851851851851849|0.01851851851851849|0.7104700249855208|0.7225247716891159|0.754986493780455|0.7339116329532591
0.7592592592592594|0.7222222222222223|0.0185185185185186|0.01851851851851849|0.7803687560742982|0.8012272752379365|0.8225828593291642|0.8101734258689591
0.6851851851851852|0.6851851851851853|0.01851851851851849|0.01851851851851849|0.7225247716891159|0.7447308606630025|0.7769488135857829|0.754986493780455
0.7222222222222223|0.6851851851851853|0.01851851851851849|0.01851851851851849|0.754986493780455|0.7769488135857829|0.8055914796347933|0.8012272752379365
0.7592592592592594|0.6851851851851853|0.0185185185185186|0.01851851851851849|0.8012272752379365|0.8055914796347933|0.8322193099042371|0.8225828593291642
0.7962962962962963|0.7592592592592593|0.01851851851851849|0.01851851851851849|0.7911392036211102|0.8101734258689591|0.839306410917734|0.8438500327690636
0.8333333333333334|0.7592592592592593|0.01851851851851849|0.01851851851851849|0.8438500327690636|0.839306410917734|0.8950863847232015|0.88808836056567
0.8703703703703705|0.7592592592592593|0.0185185185185186|0.01851851851851849|0.88808836056567|0.8950863847232015|0.9227323330665506|0.9324686171943477
0.7962962962962963|0.7222222222222223|0.01851851851851849|0.01851851851851849|0.8101734258689591|0.8225828593291642|0.8488139727446092|0.839306410917734
0.8703703703703705|0.7222222222222223|0.0185185185185186|0.01851851851851849|0.8950863847232015|0.8975210270480822|0.920989987315307|0.9227323330665506
0.7962962962962963|0.6851851851851853|0.01851851851851849|0.01851851851851849|0.8225828593291642|0.8322193099042371|0.8608596978119495|0.8488139727446092
0.8333333333333334|0.6851851851851853|0.01851851851851849|0.01851851851851849|0.8488139727446092|0.8608596978119495|0.8932204666803748|0.8975210270480822
0.8703703703703705|0.6851851851851853|0.0185185185185186|0.01851851851851849|0.8975210270480822|0.8932204666803748|0.9217759470951945|0.920989987315307
0.9074074074074074|0.7592592592592593|0.01851851851851849|0.01851851851851849|0.9324686171943477|0.9227323330665506|0.945939674312539|0.9554722516181315
0.9444444444444444|0.7592592592592593|0.01851851851851849|0.01851851851851849|0.9554722516181315|0.945939674312539|0.9821427232004822|0.9787095412574492
0.9814814814814814|0.7592592592592593|0.01851851851851849|0.01851851851851849|0.9787095412574492|0.9821427232004822|1.0|1.0
0.9074074074074074|0.7222222222222223|0.01851851851851849|0.01851851851851849|0.9227323330665506|0.920989987315307|0.9427370304759872|0.945939674312539
0.9814814814814814|0.7222222222222223|0.01851851851851849|0.01851851851851849|0.9821427232004822|0.9804535003587799|1.0|1.0
0.9074074074074074|0.6851851851851853|0.01851851851851849|0.01851851851851849|0.920989987315307|0.9217759470951945|0.9481006466960177|0.9427370304759872
0.9444444444444444|0.6851851851851853|0.01851851851851849|0.01851851851851849|0.9427370304759872|0.9481006466960177|0.9755505514282764|0.9804535003587799
0.9814814814814814|0.6851851851851853|0.01851851851851849|0.01851851851851849|0.9804535003587799|0.9755505514282764|1.0|1.0
0.3518518518518518|0.9814814814814815|0.01851851851851849|0.01851851851851849|0.31703359557676264|0.3163320212294009|0.3442190760224742|0.3521262902415038
0.38888888888888884|0.9814814814814815|0.01851851851851849|0.01851851851851849|0.3521262902415038|0.3442190760224742|0.39846500923436706|0.39248896336371625
0.4259259259259259|0.9814814814814815|0.018518518518518545|0.01851851851851849|0.39248896336371625|0.39846500923436706|0.42981255379911787|0.43184584165067136
0.3518518518518518|0.9444444444444444|0.01851851851851849|0.01851851851851849|0.3163320212294009|0.3145577703808447|0.3385097227050347|0.3442190760224742
0.4259259259259259|0.9444444444444444|0.018518518518518545|0.01851851851851849|0.39846500923436706|0.38977677439389097|0.42361406647540106|0.42981255379911787
0.3518518518518518|0.9074074074074073|0.01851851851851849|0.0185185185185186|0.3145577703808447|0.3120839864960973|0.34090122135352874|0.3385097227050347
0.38888888888888884|0.9074074074074073|0.01851851851851849|0.0185185185185186|0.3385097227050347|0.34090122135352874|0.3732576627349419|0.38977677439389097
0.4259259259259259|0.9074074074074073|0.018518518518518545|0.0185185185185186|0.38977677439389097|0.3732576627349419|0.40655900403266243|0.42361406647540106
0.46296296296296297|0.9814814814814815|0.018518518518518545|0.01851851851851849|0.43184584165067136|0.42981255379911787|0.4652266740670646|0.4752692956408798
0.5|0.9814814814814815|0.018518518518518545|0.01851851851851849|0.4752692956408798|0.4652266740670646|0.5347733259176355|0.5247307043438308
0.5370370370370371|0.9814814814814815|0.0185185185185186|0.01851851851851849|0.5247307043438308|0.5347733259176355|0.5701874461857496|0.5681541583341784
0.46296296296296297|0.9444444444444444|0.018518518518518545|0.01851851851851849|0.42981255379911787|0.42361406647540106|0.46191242933636195|0.4652266740670646
0.5370370370370371|0.9444444444444444|0.0185185185185186|0.01851851851851849|0.5347733259176355|0.5380875706484105|0.5763859335095256|0.5701874461857496
0.46296296296296297|0.9074074074074073|0.018518518518518545|0.0185185185185186|0.42361406647540106|0.40655900403266243|0.4702979285448128|0.46191242933636195
0.5|0.9074074074074073|0.018518518518518545|0.0185185185185186|0.46191242933636195|0.4702979285448128|0.529702071439967|0.5380875706484105
0.5370370370370371|0.9074074074074073|0.0185185185185186|0.0185185185185186|0.5380875706484105|0.529702071439967|0.5934409959524374|0.5763859335095256
0.5740740740740741|0.9814814814814815|0.01851851851851849|0.01851851851851849|0.5681541583341784|0.5701874461857496|0.601534990750758|0.6075110366214781
0.6111111111111112|0.9814814814814815|0.01851851851851849|0.01851851851851849|0.6075110366214781|0.601534990750758|0.6557809239634409|0.6478737097442888
0.6481481481481483|0.9814814814814815|0.0185185185185186|0.01851851851851849|0.6478737097442888|0.6557809239634409|0.6836679787570624|0.6829664044096974
0.5740740740740741|0.9444444444444444|0.01851851851851849|0.01851851851851849|0.5701874461857496|0.5763859335095256|0.6102232255913419|0.601534990750758
0.6481481481481483|0.9444444444444444|0.0185185185185186|0.01851851851851849|0.6557809239634409|0.6614902772809498|0.6854422296056223|0.6836679787570624
0.5740740740740741|0.9074074074074073|0.01851851851851849|0.0185185185185186|0.5763859335095256|0.5934409959524374|0.6267423372505093|0.6102232255913419
0.6111111111111112|0.9074074074074073|0.01851851851851849|0.0185185185185186|0.6102232255913419|0.6267423372505093|0.6590987786324182|0.6614902772809498
0.6481481481481483|0.9074074074074073|0.0185185185185186|0.0185185185185186|0.6614902772809498|0.6590987786324182|0.687916013490425|0.6854422296056223
0.3518518518518518|0.8703703703703705|0.01851851851851849|0.01851851851851849|0.3120839864960973|0.3083777390023926|0.3312059101127679|0.34090122135352874
0.38888888888888884|0.8703703703703705|0.01851851851851849|0.01851851851851849|0.34090122135352874|0.3312059101127679|0.3679878083678214|0.3732576627349419
0.4259259259259259|0.8703703703703705|0.018518518518518545|0.01851851851851849|0.3732576627349419|0.3679878083678214|0.37531263723061803|0.40655900403266243
0.3518518518518518|0.8333333333333334|0.01851851851851849|0.01851851851851849|0.3083777390023926|0.3033908446311992|0.3255749680733434|0.3312059101127679
0.4259259259259259|0.8333333333333334|0.018518518518518545|0.01851851851851849|0.3679878083678214|0.3635698546589792|0.3725136852216822|0.37531263723061803
0.3518518518518518|0.7962962962962963|0.01851851851851849|0.0185185185185186|0.3033908446311992|0.29765122912722025|0.32900433909476423|0.3255749680733434
0.38888888888888884|0.7962962962962963|0.01851851851851849|0.0185185185185186|0.3255749680733434|0.32900433909476423|0.36457961230715474|0.3635698546589792
0.4259259259259259|0.7962962962962963|0.018518518518518545|0.0185185185185186|0.3635698546589792|0.36457961230715474|0.4000623441067627|0.3725136852216822
0.5740740740740741|0.8703703703703705|0.01851851851851849|0.01851851851851849|0.5934409959524374|0.624687362754818|0.6320121916176882|0.6267423372505093
0.6111111111111112|0.8703703703703705|0.01851851851851849|0.01851851851851849|0.6267423372505093|0.6320121916176882|0.6687940898733724|0.6590987786324182
0.6481481481481483|0.8703703703703705|0.0185185185185186|0.01851851851851849|0.6590987786324182|0.6687940898733724|0.6916222609842378|0.687916013490425
0.5740740740740741|0.8333333333333334|0.01851851851851849|0.01851851851851849|0.624687362754818|0.6274863147639332|0.6364301453268015|0.6320121916176882
0.6481481481481483|0.8333333333333334|0.0185185185185186|0.01851851851851849|0.6687940898733724|0.6744250319130497|0.6966091553556064|0.6916222609842378
0.5740740740740741|0.7962962962962963|0.01851851851851849|0.0185185185185186|0.6274863147639332|0.5999376558788837|0.6354203876787806|0.6364301453268015
0.6111111111111112|0.7962962962962963|0.01851851851851849|0.0185185185185186|0.6364301453268015|0.6354203876787806|0.6709956608917151|0.6744250319130497
0.6481481481481483|0.7962962962962963|0.0185185185185186|0.0185185185185186|0.6744250319130497|0.6709956608917151|0.7023487708598484|0.6966091553556064
0.3518518518518518|0.7592592592592593|0.01851851851851849|0.01851851851851849|0.29765122912722025|0.28952997500187927|0.3186120709056495|0.32900433909476423
0.38888888888888884|0.7592592592592593|0.01851851851851849|0.01851851851851849|0.32900433909476423|0.3186120709056495|0.37872563401858733|0.36457961230715474
0.4259259259259259|0.7592592592592593|0.018518518518518545|0.01851851851851849|0.36457961230715474|0.37872563401858733|0.41553027972754847|0.4000623441067627
0.3518518518518518|0.7222222222222223|0.01851851851851849|0.01851851851851849|0.28952997500187927|0.27747522829870214|0.3120083062060981|0.3186120709056495
0.4259259259259259|0.7222222222222223|0.018518518518518545|0.01851851851851849|0.37872563401858733|0.3809822402906957|0.4196499277001517|0.41553027972754847
0.3518518518518518|0.6851851851851853|0.01851851851851849|0.01851851851851849|0.27747522829870214|0.2552691393253952|0.3183092617576368|0.3120083062060981
0.38888888888888884|0.6851851851851853|0.01851851851851849|0.01851851851851849|0.3120083062060981|0.3183092617576368|0.37211235021896266|0.3809822402906957
0.4259259259259259|0.6851851851851853|0.018518518518518545|0.01851851851851849|0.3809822402906957|0.37211235021896266|0.42074212506859276|0.4196499277001517
0.46296296296296297|0.7592592592592593|0.018518518518518545|0.01851851851851849|0.4000623441067627|0.41553027972754847|0.45789154364290396|0.4676405953497256
0.5|0.7592592592592593|0.018518518518518545|0.01851851851851849|0.4676405953497256|0.45789154364290396|0.5421084563426204|0.5323594046357637
0.5370370370370371|0.7592592592592593|0.0185185185185186|0.01851851851851849|0.5323594046357637|0.5421084563426204|0.5844697202581037|0.5999376558788837
0.46296296296296297|0.7222222222222223|0.018518518518518545|0.01851851851851849|0.41553027972754847|0.4196499277001517|0.4605020098465143|0.45789154364290396
0.5370370370370371|0.7222222222222223|0.0185185185185186|0.01851851851851849|0.5421084563426204|0.5394979901390052|0.5803500722855548|0.5844697202581037
0.46296296296296297|0.6851851851851853|0.018518518518518545|0.01851851851851849|0.4196499277001517|0.42074212506859276|0.47155629465515336|0.4605020098465143
0.5|0.6851851851851853|0.018518518518518545|0.01851851851851849|0.4605020098465143|0.47155629465515336|0.5284437053303909|0.5394979901390052
0.5370370370370371|0.6851851851851853|0.0185185185185186|0.01851851851851849|0.5394979901390052|0.5284437053303909|0.5792578749171626|0.5803500722855548
0.5740740740740741|0.7592592592592593|0.01851851851851849|0.01851851851851849|0.5999376558788837|0.5844697202581037|0.6212743659673627|0.6354203876787806
0.6111111111111112|0.7592592592592593|0.01851851851851849|0.01851851851851849|0.6354203876787806|0.6212743659673627|0.6813879290811412|0.6709956608917151
0.6481481481481483|0.7592592592592593|0.0185185185185186|0.01851851851851849|0.6709956608917151|0.6813879290811412|0.7104700249855208|0.7023487708598484
0.5740740740740741|0.7222222222222223|0.01851851851851849|0.01851851851851849|0.5844697202581037|0.5803500722855548|0.6190177596953936|0.6212743659673627
0.6481481481481483|0.7222222222222223|0.0185185185185186|0.01851851851851849|0.6813879290811412|0.6879916937810299|0.7225247716891159|0.7104700249855208
0.5740740740740741|0.6851851851851853|0.01851851851851849|0.01851851851851849|0.5803500722855548|0.5792578749171626|0.6278876497672978|0.6190177596953936
0.6111111111111112|0.6851851851851853|0.01851851851851849|0.01851851851851849|0.6190177596953936|0.6278876497672978|0.6816907382294414|0.6879916937810299
0.6481481481481483|0.6851851851851853|0.0185185185185186|0.01851851851851849|0.6879916937810299|0.6816907382294414|0.7447308606630025|0.7225247716891159
0.01851851851851851|0.9814814814814815|0.01851851851851851|0.01851851851851849|0.0|0.0|0.02396733436421634|0.030374846106685408
0.05555555555555554|0.9814814814814815|0.018518518518518517|0.01851851851851849|0.030374846106685408|0.02396733436421634|0.06974271392200415|0.06457169398969509
0.09259259259259256|0.9814814814814815|0.018518518518518504|0.01851851851851849|0.06457169398969509|0.06974271392200415|0.09601072177445635|0.09759183384883913
0.01851851851851851|0.9444444444444444|0.01851851851851851|0.01851851851851849|0.0|0.0|0.02064190915291751|0.02396733436421634
0.09259259259259256|0.9444444444444444|0.018518518518518504|0.01851851851851849|0.06974271392200415|0.06343794584035042|0.09114763360968434|0.09601072177445635
0.01851851851851851|0.9074074074074073|0.01851851851851851|0.0185185185185186|0.0|0.0|0.023986700547992176|0.02064190915291751
0.05555555555555554|0.9074074074074073|0.018518518518518517|0.0185185185185186|0.02064190915291751|0.023986700547992176|0.0503985010757356|0.06343794584035042
0.09259259259259256|0.9074074074074073|0.018518518518518504|0.0185185185185186|0.06343794584035042|0.0503985010757356|0.07746719779503099|0.09114763360968434
0.12962962962962962|0.9814814814814815|0.018518518518518517|0.01851851851851849|0.09759183384883913|0.09601072177445635|0.12544095377571216|0.13377419785679928
0.16666666666666666|0.9814814814814815|0.018518518518518517|0.01851851851851849|0.13377419785679928|0.12544095377571216|0.18313020356669926|0.17503052039949415
0.2037037037037037|0.9814814814814815|0.018518518518518517|0.01851851851851849|0.17503052039949415|0.18313020356669926|0.2128852759059772|0.21182228772520317
0.12962962962962962|0.9444444444444444|0.018518518518518517|0.01851851851851849|0.09601072177445635|0.09114763360968434|0.12249855329429485|0.12544095377571216
0.2037037037037037|0.9444444444444444|0.018518518518518517|0.01851851851851849|0.18313020356669926|0.18488657190615512|0.21641622822576068|0.2128852759059772
0.12962962962962962|0.9074074074074073|0.018518518518518517|0.0185185185185186|0.09114763360968434|0.07746719779503099|0.1293605971346751|0.12249855329429485
0.16666666666666666|0.9074074074074073|0.018518518518518517|0.0185185185185186|0.12249855329429485|0.1293605971346751|0.17766507290867128|0.18488657190615512
0.2037037037037037|0.9074074074074073|0.018518518518518517|0.0185185185185186|0.18488657190615512|0.17766507290867128|0.22794191498510544|0.21641622822576068
0.24074074074074073|0.9814814814814815|0.018518518518518517|0.01851851851851849|0.21182228772520317|0.2128852759059772|0.24051437188374453|0.24648807868943534
0.2777777777777778|0.9814814814814815|0.018518518518518545|0.01851851851851849|0.24648807868943534|0.24051437188374453|0.28984811513117203|0.2833440496069269
0.3148148148148148|0.9814814814814815|0.01851851851851849|0.01851851851851849|0.2833440496069269|0.28984811513117203|0.3163320212294009|0.31703359557676264
0.24074074074074073|0.9444444444444444|0.018518518518518517|0.01851851851851849|0.2128852759059772|0.21641622822576068|0.24445195707404402|0.24051437188374453
0.3148148148148148|0.9444444444444444|0.01851851851851849|0.01851851851851849|0.28984811513117203|0.2906870779772534|0.3145577703808447|0.3163320212294009
0.24074074074074073|0.9074074074074073|0.018518518518518517|0.0185185185185186|0.21641622822576068|0.22794191498510544|0.2553536506076429|0.24445195707404402
0.2777777777777778|0.9074074074074073|0.018518518518518545|0.0185185185185186|0.24445195707404402|0.2553536506076429|0.28449921524776084|0.2906870779772534
0.3148148148148148|0.9074074074074073|0.01851851851851849|0.0185185185185186|0.2906870779772534|0.28449921524776084|0.3120839864960973|0.3145577703808447
0.01851851851851851|0.8703703703703705|0.01851851851851851|0.01851851851851849|0.0|0.0|0.01792827301390115|0.023986700547992176
0.05555555555555554|0.8703703703703705|0.018518518518518517|0.01851851851851849|0.023986700547992176|0.01792827301390115|0.046465094250474244|0.0503985010757356
0.09259259259259256|0.8703703703703705|0.018518518518518504|0.01851851851851849|0.0503985010757356|0.046465094250474244|0.05235032026470004|0.07746719779503099
0.01851851851851851|0.8333333333333334|0.01851851851851851|0.01851851851851849|0.0|0.0|0.01651746070293581|0.01792827301390115
0.09259259259259256|0.8333333333333334|0.018518518518518504|0.01851851851851849|0.046465094250474244|0.0436202074503105|0.04968582676620862|0.05235032026470004
0.01851851851851851|0.7962962962962963|0.01851851851851851|0.0185185185185186|0.0|0.0|0.02129045874138921|0.01651746070293581
0.05555555555555554|0.7962962962962963|0.018518518518518517|0.0185185185185186|0.01651746070293581|0.02129045874138921|0.04452774837945495|0.0436202074503105
0.09259259259259256|0.7962962962962963|0.018518518518518504|0.0185185185185186|0.0436202074503105|0.04452774837945495|0.06753138280203407|0.04968582676620862
0.24074074074074073|0.8703703703703705|0.018518518518518517|0.01851851851851849|0.22794191498510544|0.24644665933530155|0.25448721597518975|0.2553536506076429
0.2777777777777778|0.8703703703703705|0.018518518518518545|0.01851851851851849|0.2553536506076429|0.25448721597518975|0.2879332351895009|0.28449921524776084
0.3148148148148148|0.8703703703703705|0.01851851851851849|0.01851851851851849|0.28449921524776084|0.2879332351895009|0.3083777390023926|0.3120839864960973
0.24074074074074073|0.8333333333333334|0.018518518518518517|0.01851851851851849|0.24644665933530155|0.24015240235174845|0.24625755611707187|0.25448721597518975
0.3148148148148148|0.8333333333333334|0.01851851851851849|0.01851851851851849|0.2879332351895009|0.28032951049533794|0.3033908446311992|0.3083777390023926
0.24074074074074073|0.7962962962962963|0.018518518518518517|0.0185185185185186|0.24015240235174845|0.20886079636877478|0.23860463019729355|0.24625755611707187
0.2777777777777778|0.7962962962962963|0.018518518518518545|0.0185185185185186|0.24625755611707187|0.23860463019729355|0.26867975778117686|0.28032951049533794
0.3148148148148148|0.7962962962962963|0.01851851851851849|0.0185185185185186|0.28032951049533794|0.26867975778117686|0.29765122912722025|0.3033908446311992
0.01851851851851851|0.7592592592592593|0.01851851851851851|0.01851851851851849|0.0|0.0|0.017857276798542463|0.02129045874138921
0.05555555555555554|0.7592592592592593|0.018518518518518517|0.01851851851851849|0.02129045874138921|0.017857276798542463|0.05406032568452445|0.04452774837945495
0.09259259259259256|0.7592592592592593|0.018518518518518504|0.01851851851851849|0.04452774837945495|0.05406032568452445|0.07726766692930957|0.06753138280203407
0.01851851851851851|0.7222222222222223|0.01851851851851851|0.01851851851851849|0.0|0.0|0.01954649964013752|0.017857276798542463
0.09259259259259256|0.7222222222222223|0.018518518518518504|0.01851851851851849|0.05406032568452445|0.0572629695208745|0.07901001268041889|0.07726766692930957
0.01851851851851851|0.6851851851851853|0.01851851851851851|0.01851851851851849|0.0|0.0|0.024449448570366548|0.01954649964013752
0.05555555555555554|0.6851851851851853|0.018518518518518517|0.01851851851851849|0.01954649964013752|0.024449448570366548|0.051899353301113865|0.0572629695208745
0.09259259259259256|0.6851851851851853|0.018518518518518504|0.01851851851851849|0.0572629695208745|0.051899353301113865|0.07822405290053357|0.07901001268041889
0.12962962962962962|0.7592592592592593|0.018518518518518517|0.01851851851851849|0.06753138280203407|0.07726766692930957|0.10491361527129481|0.11191163942850334
0.16666666666666666|0.7592592592592593|0.018518518518518517|0.01851851851851849|0.11191163942850334|0.10491361527129481|0.16069358907415254|0.15614996722307387
0.2037037037037037|0.7592592592592593|0.018518518518518517|0.01851851851851849|0.15614996722307387|0.16069358907415254|0.18982657412164686|0.20886079636877478
0.12962962962962962|0.7222222222222223|0.018518518518518517|0.01851851851851849|0.07726766692930957|0.07901001268041889|0.10247897294644102|0.10491361527129481
0.2037037037037037|0.7222222222222223|0.018518518518518517|0.01851851851851849|0.16069358907415254|0.151186027247585|0.1774171406618843|0.18982657412164686
0.12962962962962962|0.6851851851851853|0.018518518518518517|0.01851851851851849|0.07901001268041889|0.07822405290053357|0.10677953331389314|0.10247897294644102
0.16666666666666666|0.6851851851851853|0.018518518518518517|0.01851851851851849|0.10247897294644102|0.10677953331389314|0.13914030218073448|0.151186027247585
0.2037037037037037|0.6851851851851853|0.018518518518518517|0.01851851851851849|0.151186027247585|0.13914030218073448|0.16778069008711155|0.1774171406618843
0.24074074074074073|0.7592592592592593|0.018518518518518517|0.01851851851851849|0.20886079636877478|0.18982657412164686|0.2196312439151641|0.23860463019729355
0.2777777777777778|0.7592592592592593|0.018518518518518545|0.01851851851851849|0.23860463019729355|0.2196312439151641|0.26608836703471955|0.26867975778117686
0.3148148148148148|0.7592592592592593|0.01851851851851849|0.01851851851851849|0.26867975778117686|0.26608836703471955|0.28952997500187927|0.29765122912722025
0.24074074074074073|0.7222222222222223|0.018518518518518517|0.01851851851851849|0.18982657412164686|0.1774171406618843|0.19877272475225802|0.2196312439151641
0.3148148148148148|0.7222222222222223|0.01851851851851849|0.01851851851851849|0.26608836703471955|0.24501350620821194|0.27747522829870214|0.28952997500187927
0.24074074074074073|0.6851851851851853|0.018518518518518517|0.01851851851851849|0.1774171406618843|0.16778069008711155|0.19440852035549705|0.19877272475225802
0.2777777777777778|0.6851851851851853|0.018518518518518545|0.01851851851851849|0.19877272475225802|0.19440852035549705|0.22305118640352398|0.24501350620821194
0.3148148148148148|0.6851851851851853|0.01851851851851849|0.01851851851851849|0.24501350620821194|0.22305118640352398|0.2552691393253952|0.27747522829870214
0.01851851851851851|0.6481481481481483|0.01851851851851851|0.01851851851851849|0.0|0.0|0.019107313959824835|0.024449448570366548
0.05555555555555554|0.6481481481481483|0.018518518518518517|0.01851851851851849|0.024449448570366548|0.019107313959824835|0.055024079521396624|0.051899353301113865
0.09259259259259256|0.6481481481481483|0.018518518518518504|0.01851851851851849|0.051899353301113865|0.055024079521396624|0.0752073123067432|0.07822405290053357
0.01851851851851851|0.6111111111111112|0.01851851851851851|0.01851851851851849|0.0|0.0|0.016143495675201902|0.019107313959824835
0.09259259259259256|0.6111111111111112|0.018518518518518504|0.01851851851851849|0.055024079521396624|0.049242202922116625|0.06998036612406684|0.0752073123067432
0.01851851851851851|0.5740740740740741|0.01851851851851851|0.0185185185185186|0.0|0.0|0.01881798018298471|0.016143495675201902
0.05555555555555554|0.5740740740740741|0.018518518518518517|0.0185185185185186|0.016143495675201902|0.01881798018298471|0.039305983828925084|0.049242202922116625
0.09259259259259256|0.5740740740740741|0.018518518518518504|0.0185185185185186|0.049242202922116625|0.039305983828925084|0.059414258706821675|0.06998036612406684
0.12962962962962962|0.6481481481481483|0.018518518518518517|0.01851851851851849|0.07822405290053357|0.0752073123067432|0.09813018961346427|0.10677953331389314
0.16666666666666666|0.6481481481481483|0.018518518518518517|0.01851851851851849|0.10677953331389314|0.09813018961346427|0.14000401224975867|0.13914030218073448
0.2037037037037037|0.6481481481481483|0.018518518518518517|0.01851851851851849|0.13914030218073448|0.14000401224975867|0.16015679715044953|0.16778069008711155
0.12962962962962962|0.6111111111111112|0.018518518518518517|0.01851851851851849|0.0752073123067432|0.06998036612406684|0.09184928182496671|0.09813018961346427
0.2037037037037037|0.6111111111111112|0.018518518518518517|0.01851851851851849|0.14000401224975867|0.13431560961536967|0.15443588895582389|0.16015679715044953
0.12962962962962962|0.5740740740740741|0.018518518518518517|0.0185185185185186|0.06998036612406684|0.059414258706821675|0.09587802900378868|0.09184928182496671
0.16666666666666666|0.5740740740740741|0.018518518518518517|0.0185185185185186|0.09184928182496671|0.09587802900378868|0.12785937592664268|0.13431560961536967
0.2037037037037037|0.5740740740740741|0.018518518518518517|0.0185185185185186|0.13431560961536967|0.12785937592664268|0.15636183654461486|0.15443588895582389
0.24074074074074073|0.6481481481481483|0.018518518518518517|0.01851851851851849|0.16778069008711155|0.16015679715044953|0.181159996098977|0.19440852035549705
0.2777777777777778|0.6481481481481483|0.018518518518518545|0.01851851851851849|0.19440852035549705|0.181159996098977|0.20878560556197737|0.22305118640352398
0.3148148148148148|0.6481481481481483|0.01851851851851849|0.01851851851851849|0.22305118640352398|0.20878560556197737|0.21225274479047768|0.2552691393253952
0.24074074074074073|0.6111111111111112|0.018518518518518517|0.01851851851851849|0.16015679715044953|0.15443588895582389|0.16725595887063882|0.181159996098977
0.3148148148148148|0.6111111111111112|0.01851851851851849|0.01851851851851849|0.20878560556197737|0.18594908786447475|0.19167584402567803|0.21225274479047768
0.24074074074074073|0.5740740740740741|0.018518518518518517|0.0185185185185186|0.15443588895582389|0.15636183654461486|0.16802687883264578|0.16725595887063882
0.2777777777777778|0.5740740740740741|0.018518518518518545|0.0185185185185186|0.16725595887063882|0.16802687883264578|0.17675037660049084|0.18594908786447475
0.3148148148148148|0.5740740740740741|0.01851851851851849|0.0185185185185186|0.18594908786447475|0.17675037660049084|0.18036816147232557|0.19167584402567803
0.01851851851851851|0.5370370370370371|0.01851851851851851|0.01851851851851849|0.0|0.0|0.014261654446037202|0.01881798018298471
0.05555555555555554|0.5370370370370371|0.018518518518518517|0.01851851851851849|0.01881798018298471|0.014261654446037202|0.037151291373405795|0.039305983828925084
0.09259259259259256|0.5370370370370371|0.018518518518518504|0.01851851851851849|0.039305983828925084|0.037151291373405795|0.042034823331195605|0.059414258706821675
0.01851851851851851|0.5|0.01851851851851851|0.01851851851851849|0.0|0.0|0.014261654446045725|0.014261654446037202
0.09259259259259256|0.5|0.018518518518518504|0.01851851851851849|0.037151291373405795|0.037151291373425134|0.04203482333121164|0.042034823331195605
0.01851851851851851|0.46296296296296297|0.01851851851851851|0.01851851851851849|0.0|0.0|0.018817980183002035|0.014261654446045725
0.05555555555555554|0.46296296296296297|0.018518518518518517|0.01851851851851849|0.014261654446045725|0.018817980183002035|0.039305983828961145|0.037151291373425134
0.09259259259259256|0.46296296296296297|0.018518518518518504|0.01851851851851849|0.037151291373425134|0.039305983828961145|0.059414258706881475|0.04203482333121164
0.24074074074074073|0.5370370370370371|0.018518518518518517|0.01851851851851849|0.15636183654461486|0.16538610776418045|0.16751394114787982|0.16802687883264578
0.2777777777777778|0.5370370370370371|0.018518518518518545|0.01851851851851849|0.16802687883264578|0.16751394114787982|0.17478723508022284|0.17675037660049084
0.3148148148148148|0.5370370370370371|0.01851851851851849|0.01851851851851849|0.17675037660049084|0.17478723508022284|0.1762960486626954|0.18036816147232557
0.24074074074074073|0.5|0.018518518518518517|0.01851851851851849|0.16538610776418045|0.16538610776420845|0.167513941147945|0.16751394114787982
0.3148148148148148|0.5|0.01851851851851849|0.01851851851851849|0.17478723508022284|0.17478723508027422|0.1762960486627332|0.1762960486626954
0.24074074074074073|0.46296296296296297|0.018518518518518517|0.01851851851851849|0.16538610776420845|0.15636183654472366|0.16802687883275838|0.167513941147945
0.2777777777777778|0.46296296296296297|0.018518518518518545|0.01851851851851849|0.167513941147945|0.16802687883275838|0.17675037660060386|0.17478723508027422
0.3148148148148148|0.46296296296296297|0.01851851851851849|0.01851851851851849|0.17478723508027422|0.17675037660060386|0.18036816147242504|0.1762960486627332
0.01851851851851851|0.4259259259259259|0.01851851851851851|0.018518518518518545|0.0|0.0|0.016143495675219402|0.018817980183002035
0.05555555555555554|0.4259259259259259|0.018518518518518517|0.018518518518518545|0.018817980183002035|0.016143495675219402|0.04924220292217467|0.039305983828961145
0.09259259259259256|0.4259259259259259|0.018518518518518504|0.018518518518518545|0.039305983828961145|0.04924220292217467|0.06998036612414826|0.059414258706881475
0.01851851851851851|0.38888888888888884|0.01851851851851851|0.018518518518518545|0.0|0.0|0.019107313959852476|0.016143495675219402
0.09259259259259256|0.38888888888888884|0.018518518518518504|0.018518518518518545|0.04924220292217467|0.055024079521468795|0.07520731230684156|0.06998036612414826
0.01851851851851851|0.3518518518518518|0.01851851851851851|0.01851851851851849|0.0|0.0|0.024449448570402467|0.019107313959852476
0.05555555555555554|0.3518518518518518|0.018518518518518517|0.01851851851851849|0.019107313959852476|0.024449448570402467|0.05189935330119006|0.055024079521468795
0.09259259259259256|0.3518518518518518|0.018518518518518504|0.01851851851851849|0.055024079521468795|0.05189935330119006|0.07822405290064725|0.07520731230684156
0.12962962962962962|0.4259259259259259|0.018518518518518517|0.018518518518518545|0.059414258706881475|0.06998036612414826|0.09184928182506671|0.09587802900389267
0.16666666666666666|0.4259259259259259|0.018518518518518517|0.018518518518518545|0.09587802900389267|0.09184928182506671|0.1343156096155152|0.12785937592676647
0.2037037037037037|0.4259259259259259|0.018518518518518517|0.018518518518518545|0.12785937592676647|0.1343156096155152|0.15443588895598986|0.15636183654472366
0.12962962962962962|0.38888888888888884|0.018518518518518517|0.018518518518518545|0.06998036612414826|0.07520731230684156|0.09813018961360352|0.09184928182506671
0.2037037037037037|0.38888888888888884|0.018518518518518517|0.018518518518518545|0.1343156096155152|0.14000401224995182|0.16015679715065814|0.15443588895598986
0.12962962962962962|0.3518518518518518|0.018518518518518517|0.01851851851851849|0.07520731230684156|0.07822405290064725|0.10677953331404434|0.09813018961360352
0.16666666666666666|0.3518518518518518|0.018518518518518517|0.01851851851851849|0.09813018961360352|0.10677953331404434|0.1391403021809273|0.14000401224995182
0.2037037037037037|0.3518518518518518|0.018518518518518517|0.01851851851851849|0.14000401224995182|0.1391403021809273|0.1677806900873667|0.16015679715065814
0.24074074074074073|0.4259259259259259|0.018518518518518517|0.018518518518518545|0.15636183654472366|0.15443588895598986|0.16725595887079286|0.16802687883275838
0.2777777777777778|0.4259259259259259|0.018518518518518545|0.018518518518518545|0.16802687883275838|0.16725595887079286|0.18594908786463013|0.17675037660060386
0.3148148148148148|0.4259259259259259|0.01851851851851849|0.018518518518518545|0.17675037660060386|0.18594908786463013|0.19167584402586493|0.18036816147242504
0.24074074074074073|0.38888888888888884|0.018518518518518517|0.018518518518518545|0.15443588895598986|0.16015679715065814|0.18115999609921352|0.16725595887079286
0.3148148148148148|0.38888888888888884|0.01851851851851849|0.018518518518518545|0.18594908786463013|0.20878560556224224|0.2122527447907555|0.19167584402586493
0.24074074074074073|0.3518518518518518|0.018518518518518517|0.01851851851851849|0.16015679715065814|0.1677806900873667|0.19440852035577008|0.18115999609921352
0.2777777777777778|0.3518518518518518|0.018518518518518545|0.01851851851851849|0.18115999609921352|0.19440852035577008|0.22305118640383603|0.20878560556224224
0.3148148148148148|0.3518518518518518|0.01851851851851849|0.01851851851851849|0.20878560556224224|0.22305118640383603|0.25526913932576756|0.2122527447907555
