1000runs
0.0004999999999999996|0.0995|0.0004999999999999996|0.0005000000000000004|0.0|0.0|0.0011597965059008159|0.0015186984750865174
0.0049999999999999975|0.0995|0.003999999999999998|0.0005000000000000004|0.0015186984750865174|0.0011597965059008159|0.007901353372384463|0.007733083818083397
0.009499999999999995|0.0995|0.0004999999999999987|0.0005000000000000004|0.007733083818083397|0.007901353372384463|0.008997141783787346|0.009298168831000306
0.0004999999999999996|0.095|0.0004999999999999996|0.0040000000000000036|0.0|0.0|0.0009822617045287386|0.0011597965059008159
0.009499999999999995|0.095|0.0004999999999999987|0.0040000000000000036|0.007901353372384463|0.006817578748198058|0.007924082365667082|0.008997141783787346
0.0004999999999999996|0.0905|0.0004999999999999996|0.0005000000000000004|0.0|0.0|0.001245014053559879|0.0009822617045287386
0.0049999999999999975|0.0905|0.003999999999999998|0.0005000000000000004|0.0009822617045287386|0.001245014053559879|0.006371652686815516|0.006817578748198058
0.009499999999999995|0.0905|0.0004999999999999987|0.0005000000000000004|0.006817578748198058|0.006371652686815516|0.007468729093210821|0.007924082365667082
0.013999999999999992|0.0995|0.003999999999999997|0.0005000000000000004|0.009298168831000306|0.008997141783787346|0.01324917678750454|0.0157327605620158
0.05|0.0995|0.03200000000000001|0.0005000000000000004|0.0157327605620158|0.01324917678750454|0.06541510164800791|0.06219392145079683
0.08600000000000002|0.0995|0.0040000000000000036|0.0005000000000000004|0.06219392145079683|0.06541510164800791|0.06949381615540906|0.06883301152862271
0.013999999999999992|0.095|0.003999999999999997|0.0040000000000000036|0.008997141783787346|0.007924082365667082|0.012536839079105496|0.01324917678750454
0.08600000000000002|0.095|0.0040000000000000036|0.0040000000000000036|0.06541510164800791|0.06717651238872478|0.07213005959966116|0.06949381615540906
0.013999999999999992|0.0905|0.003999999999999997|0.0005000000000000004|0.007924082365667082|0.007468729093210821|0.01371399101825346|0.012536839079105496
0.05|0.0905|0.03200000000000001|0.0005000000000000004|0.012536839079105496|0.01371399101825346|0.06630507349805821|0.06717651238872478
0.08600000000000002|0.0905|0.0040000000000000036|0.0005000000000000004|0.06717651238872478|0.06630507349805821|0.07287725810279949|0.07213005959966116
0.09050000000000001|0.0995|0.0005000000000000004|0.0005000000000000004|0.06883301152862271|0.06949381615540906|0.07050542168679273|0.07038229083334088
0.095|0.0995|0.00399999999999999|0.0005000000000000004|0.07038229083334088|0.07050542168679273|0.07717206388843799|0.07637602880825742
0.09949999999999999|0.0995|0.0005000000000000004|0.0005000000000000004|0.07637602880825742|0.07717206388843799|0.07849725104278416|0.07770474999483983
0.09050000000000001|0.095|0.0005000000000000004|0.0040000000000000036|0.06949381615540906|0.07213005959966116|0.07340855518306555|0.07050542168679273
0.09949999999999999|0.095|0.0005000000000000004|0.0040000000000000036|0.07717206388843799|0.0800506027471637|0.08108551280850812|0.07849725104278416
0.09050000000000001|0.0905|0.0005000000000000004|0.0005000000000000004|0.07213005959966116|0.07287725810279949|0.07415401531165264|0.07340855518306555
0.095|0.0905|0.00399999999999999|0.0005000000000000004|0.07340855518306555|0.07415401531165264|0.08013681812834306|0.0800506027471637
0.09949999999999999|0.0905|0.0005000000000000004|0.0005000000000000004|0.0800506027471637|0.08013681812834306|0.08169728075264454|0.08108551280850812
0.0004999999999999996|0.08600000000000002|0.0004999999999999996|0.00399999999999999|0.0|0.0|0.0019420967852646254|0.001245014053559879
0.0049999999999999975|0.08600000000000002|0.003999999999999998|0.00399999999999999|0.001245014053559879|0.0019420967852646254|0.005310512612903209|0.006371652686815516
0.009499999999999995|0.08600000000000002|0.0004999999999999987|0.00399999999999999|0.006371652686815516|0.005310512612903209|0.0063187496332522955|0.007468729093210821
0.0004999999999999996|0.05|0.0004999999999999996|0.032000000000000015|0.0|0.0|0.002020623791983942|0.0019420967852646254
0.009499999999999995|0.05|0.0004999999999999987|0.032000000000000015|0.005310512612903209|0.005523969110851899|0.006567793920526248|0.0063187496332522955
0.0004999999999999996|0.013999999999999992|0.0004999999999999996|0.0040000000000000036|0.0|0.0|0.0012957839151994757|0.002020623791983942
0.0049999999999999975|0.013999999999999992|0.003999999999999998|0.0040000000000000036|0.002020623791983942|0.0012957839151994757|0.00665775217560984|0.005523969110851899
0.009499999999999995|0.013999999999999992|0.0004999999999999987|0.0040000000000000036|0.005523969110851899|0.00665775217560984|0.007842062884515128|0.006567793920526248
0.09050000000000001|0.08600000000000002|0.0005000000000000004|0.00399999999999999|0.07287725810279949|0.07517842115471782|0.07616172078445616|0.07415401531165264
0.095|0.08600000000000002|0.00399999999999999|0.00399999999999999|0.07415401531165264|0.07616172078445616|0.08039364824548544|0.08013681812834306
0.09949999999999999|0.08600000000000002|0.0005000000000000004|0.00399999999999999|0.08013681812834306|0.08039364824548544|0.08407206424404466|0.08169728075264454
0.09050000000000001|0.05|0.0005000000000000004|0.032000000000000015|0.07517842115471782|0.08324872481034777|0.08461328935274887|0.07616172078445616
0.09949999999999999|0.05|0.0005000000000000004|0.032000000000000015|0.08039364824548544|0.08863626082011176|0.09145640852756638|0.08407206424404466
0.09050000000000001|0.013999999999999992|0.0005000000000000004|0.0040000000000000036|0.08324872481034777|0.0828235687634938|0.08403045744899305|0.08461328935274887
0.095|0.013999999999999992|0.00399999999999999|0.0040000000000000036|0.08461328935274887|0.08403045744899305|0.08978573861606441|0.08863626082011176
0.09949999999999999|0.013999999999999992|0.0005000000000000004|0.0040000000000000036|0.08863626082011176|0.08978573861606441|0.09122938766619013|0.09145640852756638
0.0004999999999999996|0.009499999999999995|0.0004999999999999996|0.0005000000000000004|0.0|0.0|0.0010163191607546113|0.0012957839151994757
0.0049999999999999975|0.009499999999999995|0.003999999999999998|0.0005000000000000004|0.0012957839151994757|0.0010163191607546113|0.007095233052992748|0.00665775217560984
0.009499999999999995|0.009499999999999995|0.0004999999999999987|0.0005000000000000004|0.00665775217560984|0.007095233052992748|0.008286761226547652|0.007842062884515128
0.0004999999999999996|0.0049999999999999975|0.0004999999999999996|0.003999999999999998|0.0|0.0|0.001042574825490336|0.0010163191607546113
0.009499999999999995|0.0049999999999999975|0.0004999999999999987|0.003999999999999998|0.007095233052992748|0.007795401068030425|0.008956939533696008|0.008286761226547652
0.0004999999999999996|0.0004999999999999996|0.0004999999999999996|0.0004999999999999996|0.0|0.0|0.001121363922407285|0.001042574825490336
0.0049999999999999975|0.0004999999999999996|0.003999999999999998|0.0004999999999999996|0.001042574825490336|0.001121363922407285|0.007759753917920647|0.007795401068030425
0.009499999999999995|0.0004999999999999996|0.0004999999999999987|0.0004999999999999996|0.007795401068030425|0.007759753917920647|0.008861764689076849|0.008956939533696008
0.013999999999999992|0.009499999999999995|0.003999999999999997|0.0005000000000000004|0.007842062884515128|0.008286761226547652|0.013495695961514695|0.014980201716094751
0.05|0.009499999999999995|0.03200000000000001|0.0005000000000000004|0.014980201716094751|0.013495695961514695|0.0772702749327672|0.07575226407704284
0.08600000000000002|0.009499999999999995|0.0040000000000000036|0.0005000000000000004|0.07575226407704284|0.0772702749327672|0.08245330591864236|0.0828235687634938
0.013999999999999992|0.0049999999999999975|0.003999999999999997|0.003999999999999998|0.008286761226547652|0.008956939533696008|0.013860528509946055|0.013495695961514695
0.08600000000000002|0.0049999999999999975|0.0040000000000000036|0.003999999999999998|0.0772702749327672|0.07699984964937973|0.0819351289725322|0.08245330591864236
0.013999999999999992|0.0004999999999999996|0.003999999999999997|0.0004999999999999996|0.008956939533696008|0.008861764689076849|0.015575374282589705|0.013860528509946055
0.05|0.0004999999999999996|0.03200000000000001|0.0004999999999999996|0.013860528509946055|0.015575374282589705|0.075315079182075|0.07699984964937973
0.08600000000000002|0.0004999999999999996|0.0040000000000000036|0.0004999999999999996|0.07699984964937973|0.075315079182075|0.0820483486317146|0.0819351289725322
0.09050000000000001|0.009499999999999995|0.0005000000000000004|0.0005000000000000004|0.0828235687634938|0.08245330591864236|0.08365941189163621|0.08403045744899305
0.095|0.009499999999999995|0.00399999999999999|0.0005000000000000004|0.08403045744899305|0.08365941189163621|0.09010697654539394|0.08978573861606441
0.09949999999999999|0.009499999999999995|0.0005000000000000004|0.0005000000000000004|0.08978573861606441|0.09010697654539394|0.09119472530400222|0.09122938766619013
0.09050000000000001|0.0049999999999999975|0.0005000000000000004|0.003999999999999998|0.08245330591864236|0.0819351289725322|0.08311731375223794|0.08365941189163621
0.09949999999999999|0.0049999999999999975|0.0005000000000000004|0.003999999999999998|0.09010697654539394|0.09002150201234817|0.09113784933028238|0.09119472530400222
0.09050000000000001|0.0004999999999999996|0.0005000000000000004|0.0004999999999999996|0.0819351289725322|0.0820483486317146|0.08316521695108299|0.08311731375223794
0.095|0.0004999999999999996|0.00399999999999999|0.0004999999999999996|0.08311731375223794|0.08316521695108299|0.0899323345984477|0.09002150201234817
0.09949999999999999|0.0004999999999999996|0.0005000000000000004|0.0004999999999999996|0.09002150201234817|0.0899323345984477|0.09098742507200937|0.09113784933028238
0.10399999999999998|0.0995|0.0040000000000000036|0.0005000000000000004|0.07770474999483983|0.07849725104278416|0.08377810769536562|0.08479349436149505
0.13999999999999996|0.0995|0.03199999999999999|0.0005000000000000004|0.08479349436149505|0.08377810769536562|0.14288455507440614|0.14192861194730633
0.17599999999999993|0.0995|0.0040000000000000036|0.0005000000000000004|0.14192861194730633|0.14288455507440614|0.14847905904971784|0.1488090068919349
0.10399999999999998|0.095|0.0040000000000000036|0.0040000000000000036|0.07849725104278416|0.08108551280850812|0.08531790649417056|0.08377810769536562
0.17599999999999993|0.095|0.0040000000000000036|0.0040000000000000036|0.14288455507440614|0.14032097040049438|0.1458903158124404|0.14847905904971784
0.10399999999999998|0.0905|0.0040000000000000036|0.0005000000000000004|0.08108551280850812|0.08169728075264454|0.08843630735570299|0.08531790649417056
0.13999999999999996|0.0905|0.03199999999999999|0.0005000000000000004|0.08531790649417056|0.08843630735570299|0.13590783185249172|0.14032097040049438
0.17599999999999993|0.0905|0.0040000000000000036|0.0005000000000000004|0.14032097040049438|0.13590783185249172|0.14154399559994746|0.1458903158124404
0.2119999999999999|0.0995|0.03199999999999997|0.0005000000000000004|0.1488090068919349|0.14847905904971784|0.1911990948398471|0.21099943979787522
0.5|0.0995|0.25600000000000006|0.0005000000000000004|0.21099943979787522|0.1911990948398471|0.8087386860554499|0.7889391419703435
0.788|0.0995|0.03200000000000003|0.0005000000000000004|0.7889391419703435|0.8087386860554499|0.8514615513066864|0.8511294529288412
0.2119999999999999|0.095|0.03199999999999997|0.0040000000000000036|0.14847905904971784|0.1458903158124404|0.1894379778326505|0.1911990948398471
0.788|0.095|0.03200000000000003|0.0040000000000000036|0.8087386860554499|0.8105037872857351|0.8540496364751553|0.8514615513066864
0.2119999999999999|0.0905|0.03199999999999997|0.0005000000000000004|0.1458903158124404|0.14154399559994746|0.20768271639208166|0.1894379778326505
0.5|0.0905|0.25600000000000006|0.0005000000000000004|0.1894379778326505|0.20768271639208166|0.7922591012260887|0.8105037872857351
0.788|0.0905|0.03200000000000003|0.0005000000000000004|0.8105037872857351|0.7922591012260887|0.8583956006272067|0.8540496364751553
0.8240000000000001|0.0995|0.0040000000000000036|0.0005000000000000004|0.8511294529288412|0.8514615513066864|0.8570538739486783|0.8580128641700571
0.8600000000000001|0.0995|0.03200000000000003|0.0005000000000000004|0.8580128641700571|0.8570538739486783|0.9161696842153533|0.9151566929946807
0.8960000000000001|0.0995|0.0040000000000000036|0.0005000000000000004|0.9151566929946807|0.9161696842153533|0.9214499313118377|0.9222424525176379
0.8240000000000001|0.095|0.0040000000000000036|0.0040000000000000036|0.8514615513066864|0.8540496364751553|0.8596190566170399|0.8570538739486783
0.8960000000000001|0.095|0.0040000000000000036|0.0040000000000000036|0.9161696842153533|0.9146272611355494|0.9188598070223659|0.9214499313118377
0.8240000000000001|0.0905|0.0040000000000000036|0.0005000000000000004|0.8540496364751553|0.8583956006272067|0.86403195451312|0.8596190566170399
0.8600000000000001|0.0905|0.03200000000000003|0.0005000000000000004|0.8596190566170399|0.86403195451312|0.9115070187866293|0.9146272611355494
0.8960000000000001|0.0905|0.0040000000000000036|0.0005000000000000004|0.9146272611355494|0.9115070187866293|0.9182476737139177|0.9188598070223659
0.10399999999999998|0.08600000000000002|0.0040000000000000036|0.00399999999999999|0.08169728075264454|0.08407206424404466|0.09003443620189028|0.08843630735570299
0.13999999999999996|0.08600000000000002|0.03199999999999999|0.00399999999999999|0.08843630735570299|0.09003443620189028|0.13401434222517158|0.13590783185249172
0.17599999999999993|0.08600000000000002|0.0040000000000000036|0.00399999999999999|0.13590783185249172|0.13401434222517158|0.13728729108122903|0.14154399559994746
0.10399999999999998|0.05|0.0040000000000000036|0.032000000000000015|0.08407206424404466|0.09145640852756638|0.0968899873657948|0.09003443620189028
0.17599999999999993|0.05|0.0040000000000000036|0.032000000000000015|0.13401434222517158|0.13851342075044068|0.14149692616945073|0.13728729108122903
0.10399999999999998|0.013999999999999992|0.0040000000000000036|0.0040000000000000036|0.09145640852756638|0.09122938766619013|0.09718298945669787|0.0968899873657948
0.13999999999999996|0.013999999999999992|0.03199999999999999|0.0040000000000000036|0.0968899873657948|0.09718298945669787|0.14155568347553443|0.13851342075044068
0.17599999999999993|0.013999999999999992|0.0040000000000000036|0.0040000000000000036|0.13851342075044068|0.14155568347553443|0.1469808812974858|0.14149692616945073
0.8240000000000001|0.08600000000000002|0.0040000000000000036|0.00399999999999999|0.8583956006272067|0.862651567332753|0.8659225023154803|0.86403195451312
0.8600000000000001|0.08600000000000002|0.03200000000000003|0.00399999999999999|0.86403195451312|0.8659225023154803|0.9099064578620811|0.9115070187866293
0.8960000000000001|0.08600000000000002|0.0040000000000000036|0.00399999999999999|0.9115070187866293|0.9099064578620811|0.9158700347270389|0.9182476737139177
0.8240000000000001|0.05|0.0040000000000000036|0.032000000000000015|0.862651567332753|0.8584346533793303|0.8614160520960041|0.8659225023154803
0.8960000000000001|0.05|0.0040000000000000036|0.032000000000000015|0.9099064578620811|0.9030454273300524|0.9084796875349002|0.9158700347270389
0.8240000000000001|0.013999999999999992|0.0040000000000000036|0.0040000000000000036|0.8584346533793303|0.8529526117845991|0.8583752875240245|0.8614160520960041
0.8600000000000001|0.013999999999999992|0.03200000000000003|0.0040000000000000036|0.8614160520960041|0.8583752875240245|0.9027511775526752|0.9030454273300524
0.8960000000000001|0.013999999999999992|0.0040000000000000036|0.0040000000000000036|0.9030454273300524|0.9027511775526752|0.9087049984727081|0.9084796875349002
0.10399999999999998|0.009499999999999995|0.0040000000000000036|0.0005000000000000004|0.09122938766619013|0.09119472530400222|0.09538834720472639|0.09718298945669787
0.13999999999999996|0.009499999999999995|0.03199999999999999|0.0005000000000000004|0.09718298945669787|0.09538834720472639|0.14645017402304758|0.14155568347553443
0.17599999999999993|0.009499999999999995|0.0040000000000000036|0.0005000000000000004|0.14155568347553443|0.14645017402304758|0.15185480841134028|0.1469808812974858
0.10399999999999998|0.0049999999999999975|0.0040000000000000036|0.003999999999999998|0.09119472530400222|0.09113784933028238|0.09550156078998226|0.09538834720472639
0.17599999999999993|0.0049999999999999975|0.0040000000000000036|0.003999999999999998|0.14645017402304758|0.14964587833839776|0.15495994740406083|0.15185480841134028
0.10399999999999998|0.0004999999999999996|0.0040000000000000036|0.0004999999999999996|0.09113784933028238|0.09098742507200937|0.09688946493254334|0.09550156078998226
0.13999999999999996|0.0004999999999999996|0.03199999999999999|0.0004999999999999996|0.09550156078998226|0.09688946493254334|0.14895677847731897|0.14964587833839776
0.17599999999999993|0.0004999999999999996|0.0040000000000000036|0.0004999999999999996|0.14964587833839776|0.14895677847731897|0.15545990470741886|0.15495994740406083
0.2119999999999999|0.009499999999999995|0.03199999999999997|0.0005000000000000004|0.1469808812974858|0.15185480841134028|0.19468961356660355|0.21243653925338143
0.5|0.009499999999999995|0.25600000000000006|0.0005000000000000004|0.21243653925338143|0.19468961356660355|0.8052411351552997|0.787492947954892
0.788|0.009499999999999995|0.03200000000000003|0.0005000000000000004|0.787492947954892|0.8052411351552997|0.8480761662543099|0.8529526117845991
0.2119999999999999|0.0049999999999999975|0.03199999999999997|0.003999999999999998|0.15185480841134028|0.15495994740406083|0.19676274656070528|0.19468961356660355
0.788|0.0049999999999999975|0.03200000000000003|0.003999999999999998|0.8052411351552997|0.803169506743569|0.8449703204908062|0.8480761662543099
0.2119999999999999|0.0004999999999999996|0.03199999999999997|0.0004999999999999996|0.15495994740406083|0.15545990470741886|0.2163406472452676|0.19676274656070528
0.5|0.0004999999999999996|0.25600000000000006|0.0004999999999999996|0.19676274656070528|0.2163406472452676|0.783589276867824|0.803169506743569
0.788|0.0004999999999999996|0.03200000000000003|0.0004999999999999996|0.803169506743569|0.783589276867824|0.8444697475763154|0.8449703204908062
0.8240000000000001|0.009499999999999995|0.0040000000000000036|0.0005000000000000004|0.8529526117845991|0.8480761662543099|0.853482371924339|0.8583752875240245
0.8600000000000001|0.009499999999999995|0.03200000000000003|0.0005000000000000004|0.8583752875240245|0.853482371924339|0.9045477185452424|0.9027511775526752
0.8960000000000001|0.009499999999999995|0.0040000000000000036|0.0005000000000000004|0.9027511775526752|0.9045477185452424|0.9087393034156616|0.9087049984727081
0.8240000000000001|0.0049999999999999975|0.0040000000000000036|0.003999999999999998|0.8480761662543099|0.8449703204908062|0.8502861453073525|0.853482371924339
0.8960000000000001|0.0049999999999999975|0.0040000000000000036|0.003999999999999998|0.9045477185452424|0.904430400631053|0.9087960263126084|0.9087393034156616
0.8240000000000001|0.0004999999999999996|0.0040000000000000036|0.0004999999999999996|0.8449703204908062|0.8444697475763154|0.850972960498486|0.8502861453073525
0.8600000000000001|0.0004999999999999996|0.03200000000000003|0.0004999999999999996|0.8502861453073525|0.850972960498486|0.9030453441481737|0.904430400631053
0.8960000000000001|0.0004999999999999996|0.0040000000000000036|0.0004999999999999996|0.904430400631053|0.9030453441481737|0.9089460322506018|0.9087960263126084
0.9005000000000001|0.0995|0.000500000000000056|0.0005000000000000004|0.9222424525176379|0.9214499313118377|0.9227754417428351|0.9235719363190124
0.905|0.0995|0.0040000000000000036|0.0005000000000000004|0.9235719363190124|0.9227754417428351|0.9294468525522899|0.9295701890824993
0.9095|0.0995|0.0004999999999999449|0.0005000000000000004|0.9295701890824993|0.9294468525522899|0.930459331697395|0.9311203306318417
0.9005000000000001|0.095|0.000500000000000056|0.0040000000000000036|0.9214499313118377|0.9188598070223659|0.9198949927486532|0.9227754417428351
0.9095|0.095|0.0004999999999999449|0.0040000000000000036|0.9294468525522899|0.9265395218484462|0.9278212109360087|0.930459331697395
0.9005000000000001|0.0905|0.000500000000000056|0.0005000000000000004|0.9188598070223659|0.9182476737139177|0.9198107473361884|0.9198949927486532
0.905|0.0905|0.0040000000000000036|0.0005000000000000004|0.9198949927486532|0.9198107473361884|0.9257930740211152|0.9265395218484462
0.9095|0.0905|0.0004999999999999449|0.0005000000000000004|0.9265395218484462|0.9257930740211152|0.9270757756652672|0.9278212109360087
0.914|0.0995|0.0040000000000000036|0.0005000000000000004|0.9311203306318417|0.930459331697395|0.9345376861900646|0.9377638949020067
0.95|0.0995|0.03199999999999992|0.0005000000000000004|0.9377638949020067|0.9345376861900646|0.9867416524139294|0.9842562107122385
0.9859999999999999|0.0995|0.0040000000000000036|0.0005000000000000004|0.9842562107122385|0.9867416524139294|0.9909963484783292|0.990695720460103
0.914|0.095|0.0040000000000000036|0.0040000000000000036|0.930459331697395|0.9278212109360087|0.9327792586157257|0.9345376861900646
0.9859999999999999|0.095|0.0040000000000000036|0.0040000000000000036|0.9867416524139294|0.9874546365074237|0.9920705077679282|0.9909963484783292
0.914|0.0905|0.0040000000000000036|0.0005000000000000004|0.9278212109360087|0.9270757756652672|0.9336533769961641|0.9327792586157257
0.95|0.0905|0.03199999999999992|0.0005000000000000004|0.9327792586157257|0.9336533769961641|0.9862766339652758|0.9874546365074237
0.9859999999999999|0.0905|0.0040000000000000036|0.0005000000000000004|0.9874546365074237|0.9862766339652758|0.9925258947556758|0.9920705077679282
0.9904999999999999|0.0995|0.000500000000000056|0.0005000000000000004|0.990695720460103|0.9909963484783292|0.9920931596613434|0.9922616002112069
0.9949999999999999|0.0995|0.0040000000000000036|0.0005000000000000004|0.9922616002112069|0.9920931596613434|0.9988393548068983|0.9984802355299067
0.9994999999999998|0.0995|0.0004999999999999449|0.0005000000000000004|0.9984802355299067|0.9988393548068983|1.0|1.0
0.9904999999999999|0.095|0.000500000000000056|0.0040000000000000036|0.9909963484783292|0.9920705077679282|0.9931775024267887|0.9920931596613434
0.9994999999999998|0.095|0.0004999999999999449|0.0040000000000000036|0.9988393548068983|0.9990170218245072|1.0|1.0
0.9904999999999999|0.0905|0.000500000000000056|0.0005000000000000004|0.9920705077679282|0.9925258947556758|0.9936235269630613|0.9931775024267887
0.9949999999999999|0.0905|0.0040000000000000036|0.0005000000000000004|0.9931775024267887|0.9936235269630613|0.9987541143166425|0.9990170218245072
0.9994999999999998|0.0905|0.0004999999999999449|0.0005000000000000004|0.9990170218245072|0.9987541143166425|1.0|1.0
0.9005000000000001|0.08600000000000002|0.000500000000000056|0.00399999999999999|0.9182476737139177|0.9158700347270389|0.9195525085724751|0.9198107473361884
0.905|0.08600000000000002|0.0040000000000000036|0.00399999999999999|0.9198107473361884|0.9195525085724751|0.9237864560306619|0.9257930740211152
0.9095|0.08600000000000002|0.0004999999999999449|0.00399999999999999|0.9257930740211152|0.9237864560306619|0.9247693435553918|0.9270757756652672
0.9005000000000001|0.05|0.000500000000000056|0.032000000000000015|0.9158700347270389|0.9084796875349002|0.9113008251726684|0.9195525085724751
0.9095|0.05|0.0004999999999999449|0.032000000000000015|0.9237864560306619|0.9153244202833589|0.9166890425392263|0.9247693435553918
0.9005000000000001|0.013999999999999992|0.000500000000000056|0.0040000000000000036|0.9084796875349002|0.9087049984727081|0.9101513318730351|0.9113008251726684
0.905|0.013999999999999992|0.0040000000000000036|0.0040000000000000036|0.9113008251726684|0.9101513318730351|0.915908541948517|0.9153244202833589
0.9095|0.013999999999999992|0.0004999999999999449|0.0040000000000000036|0.9153244202833589|0.915908541948517|0.9171133157957103|0.9166890425392263
0.9904999999999999|0.08600000000000002|0.000500000000000056|0.00399999999999999|0.9925258947556758|0.9936767747172797|0.9946857121974754|0.9936235269630613
0.9949999999999999|0.08600000000000002|0.0040000000000000036|0.00399999999999999|0.9936235269630613|0.9946857121974754|0.9980565084039966|0.9987541143166425
0.9994999999999998|0.08600000000000002|0.0004999999999999449|0.00399999999999999|0.9987541143166425|0.9980565084039966|1.0|1.0
0.9904999999999999|0.05|0.000500000000000056|0.032000000000000015|0.9936767747172797|0.993427083479513|0.9944717327806049|0.9946857121974754
0.9994999999999998|0.05|0.0004999999999999449|0.032000000000000015|0.9980565084039966|0.9979778102778408|1.0|1.0
0.9904999999999999|0.013999999999999992|0.000500000000000056|0.0040000000000000036|0.993427083479513|0.9921519414320037|0.9933368896767949|0.9944717327806049
0.9949999999999999|0.013999999999999992|0.0040000000000000036|0.0040000000000000036|0.9944717327806049|0.9933368896767949|0.9987031718451981|0.9979778102778408
0.9994999999999998|0.013999999999999992|0.0004999999999999449|0.0040000000000000036|0.9979778102778408|0.9987031718451981|1.0|1.0
0.9005000000000001|0.009499999999999995|0.000500000000000056|0.0005000000000000004|0.9087049984727081|0.9087393034156616|0.9098276722628098|0.9101513318730351
0.905|0.009499999999999995|0.0040000000000000036|0.0005000000000000004|0.9101513318730351|0.9098276722628098|0.9162743286986333|0.915908541948517
0.9095|0.009499999999999995|0.0004999999999999449|0.0005000000000000004|0.915908541948517|0.9162743286986333|0.9174862930462089|0.9171133157957103
0.9005000000000001|0.0049999999999999975|0.000500000000000056|0.003999999999999998|0.9087393034156616|0.9087960263126084|0.9099128321906353|0.9098276722628098
0.9095|0.0049999999999999975|0.0004999999999999449|0.003999999999999998|0.9162743286986333|0.9168218237057327|0.9180043725514941|0.9174862930462089
0.9005000000000001|0.0004999999999999996|0.000500000000000056|0.0004999999999999996|0.9087960263126084|0.9089460322506018|0.9100045598861786|0.9099128321906353
0.905|0.0004999999999999996|0.0040000000000000036|0.0004999999999999996|0.9099128321906353|0.9100045598861786|0.916773672305715|0.9168218237057327
0.9095|0.0004999999999999996|0.0004999999999999449|0.0004999999999999996|0.9168218237057327|0.916773672305715|0.9178882834579076|0.9180043725514941
0.914|0.009499999999999995|0.0040000000000000036|0.0005000000000000004|0.9171133157957103|0.9174862930462089|0.9226727003760392|0.9241920941324414
0.95|0.009499999999999995|0.03199999999999992|0.0005000000000000004|0.9241920941324414|0.9226727003760392|0.9864938168958984|0.9850083702179503
0.9859999999999999|0.009499999999999995|0.0040000000000000036|0.0005000000000000004|0.9850083702179503|0.9864938168958984|0.9917066515295282|0.9921519414320037
0.914|0.0049999999999999975|0.0040000000000000036|0.003999999999999998|0.9174862930462089|0.9180043725514941|0.9229390183161703|0.9226727003760392
0.9859999999999999|0.0049999999999999975|0.0040000000000000036|0.003999999999999998|0.9864938168958984|0.9861283594626388|0.9910359075178219|0.9917066515295282
0.914|0.0004999999999999996|0.0040000000000000036|0.0004999999999999996|0.9180043725514941|0.9178882834579076|0.9246267774375103|0.9229390183161703
0.95|0.0004999999999999996|0.03199999999999992|0.0004999999999999996|0.9229390183161703|0.9246267774375103|0.9844118835558074|0.9861283594626388
0.9859999999999999|0.0004999999999999996|0.0040000000000000036|0.0004999999999999996|0.9861283594626388|0.9844118835558074|0.9911311292932459|0.9910359075178219
0.9904999999999999|0.009499999999999995|0.000500000000000056|0.0005000000000000004|0.9921519414320037|0.9917066515295282|0.9928990789693537|0.9933368896767949
0.9949999999999999|0.009499999999999995|0.0040000000000000036|0.0005000000000000004|0.9933368896767949|0.9928990789693537|0.9989828621728659|0.9987031718451981
0.9994999999999998|0.009499999999999995|0.0004999999999999449|0.0005000000000000004|0.9987031718451981|0.9989828621728659|1.0|1.0
0.9904999999999999|0.0049999999999999975|0.000500000000000056|0.003999999999999998|0.9917066515295282|0.9910359075178219|0.9921986463981811|0.9928990789693537
0.9994999999999998|0.0049999999999999975|0.0004999999999999449|0.003999999999999998|0.9989828621728659|0.9989565568191524|1.0|1.0
0.9904999999999999|0.0004999999999999996|0.000500000000000056|0.0004999999999999996|0.9910359075178219|0.9911311292932459|0.9922342956934307|0.9921986463981811
0.9949999999999999|0.0004999999999999996|0.0040000000000000036|0.0004999999999999996|0.9921986463981811|0.9922342956934307|0.9988777626167674|0.9989565568191524
0.9994999999999998|0.0004999999999999996|0.0004999999999999449|0.0004999999999999996|0.9989565568191524|0.9988777626167674|1.0|1.0
0.9005000000000001|0.896|0.000500000000000056|0.0040000000000000036|0.9223663009136969|0.9252482734954659|0.9260863856561681|0.9236947571448563
0.905|0.896|0.0040000000000000036|0.0040000000000000036|0.9236947571448563|0.9260863856561681|0.9301872458533843|0.9296840131087606
0.9095|0.896|0.0004999999999999449|0.0040000000000000036|0.9296840131087606|0.9301872458533843|0.9339114214298027|0.9312339797720941
0.9005000000000001|0.8600000000000001|0.000500000000000056|0.03199999999999992|0.9252482734954659|0.9387254639688702|0.9395847689765819|0.9260863856561681
0.9095|0.8600000000000001|0.0004999999999999449|0.03199999999999992|0.9301872458533843|0.9418425334945516|0.9438237825694442|0.9339114214298027
0.9005000000000001|0.8240000000000002|0.000500000000000056|0.0040000000000000036|0.9387254639688702|0.9395936055969786|0.9401897007659687|0.9395847689765819
0.905|0.8240000000000002|0.0040000000000000036|0.0040000000000000036|0.9395847689765819|0.9401897007659687|0.9421535942115016|0.9418425334945516
0.9095|0.8240000000000002|0.0004999999999999449|0.0040000000000000036|0.9418425334945516|0.9421535942115016|0.9443530488192629|0.9438237825694442
0.914|0.896|0.0040000000000000036|0.0040000000000000036|0.9312339797720941|0.9339114214298027|0.9397740585651397|0.9378671173626164
0.95|0.896|0.03199999999999992|0.0040000000000000036|0.9378671173626164|0.9397740585651397|0.983507345916592|0.984283001935056
0.9859999999999999|0.896|0.0040000000000000036|0.0040000000000000036|0.984283001935056|0.983507345916592|0.9893164454535989|0.9907113581194655
0.914|0.8600000000000001|0.0040000000000000036|0.03199999999999992|0.9339114214298027|0.9438237825694442|0.9483268608035639|0.9397740585651397
0.9859999999999999|0.8600000000000001|0.0040000000000000036|0.03199999999999992|0.983507345916592|0.9830459397766912|0.9881757470724039|0.9893164454535989
0.914|0.8240000000000002|0.0040000000000000036|0.0040000000000000036|0.9438237825694442|0.9443530488192629|0.9493536910051986|0.9483268608035639
0.95|0.8240000000000002|0.03199999999999992|0.0040000000000000036|0.9483268608035639|0.9493536910051986|0.9826029737666475|0.9830459397766912
0.9859999999999999|0.8240000000000002|0.0040000000000000036|0.0040000000000000036|0.9830459397766912|0.9826029737666475|0.9883579553669292|0.9881757470724039
0.9904999999999999|0.896|0.000500000000000056|0.0040000000000000036|0.9907113581194655|0.9893164454535989|0.9927599397390703|0.9922746351887318
0.9949999999999999|0.896|0.0040000000000000036|0.0040000000000000036|0.9922746351887318|0.9927599397390703|0.9975214553319346|0.9984828213338367
0.9994999999999998|0.896|0.0004999999999999449|0.0040000000000000036|0.9984828213338367|0.9975214553319346|1.0|1.0
0.9904999999999999|0.8600000000000001|0.000500000000000056|0.03199999999999992|0.9893164454535989|0.9881757470724039|0.9916921904228507|0.9927599397390703
0.9994999999999998|0.8600000000000001|0.0004999999999999449|0.03199999999999992|0.9975214553319346|0.9967655750140891|1.0|1.0
0.9904999999999999|0.8240000000000002|0.000500000000000056|0.0040000000000000036|0.9881757470724039|0.9883579553669292|0.9918969536944335|0.9916921904228507
0.9949999999999999|0.8240000000000002|0.0040000000000000036|0.0040000000000000036|0.9916921904228507|0.9918969536944335|0.9965946910983009|0.9967655750140891
0.9994999999999998|0.8240000000000002|0.0004999999999999449|0.0040000000000000036|0.9967655750140891|0.9965946910983009|1.0|1.0
0.9005000000000001|0.788|0.000500000000000056|0.03200000000000003|0.9395936055969786|0.9401957453295228|0.940704977130916|0.9401897007659687
0.905|0.788|0.0040000000000000036|0.03200000000000003|0.9401897007659687|0.940704977130916|0.9420873384546807|0.9421535942115016
0.9095|0.788|0.0004999999999999449|0.03200000000000003|0.9421535942115016|0.9420873384546807|0.9427975161433964|0.9443530488192629
0.9005000000000001|0.5|0.000500000000000056|0.256|0.9401957453295228|0.9401219535149088|0.9406273037925997|0.940704977130916
0.9095|0.5|0.0004999999999999449|0.256|0.9420873384546807|0.9420109485829737|0.9427261399678105|0.9427975161433964
0.9005000000000001|0.2119999999999999|0.000500000000000056|0.03200000000000003|0.9401219535149088|0.9395057970948638|0.9401009340698375|0.9406273037925997
0.905|0.2119999999999999|0.0040000000000000036|0.03200000000000003|0.9406273037925997|0.9401009340698375|0.9420684364940188|0.9420109485829737
0.9095|0.2119999999999999|0.0004999999999999449|0.03200000000000003|0.9420109485829737|0.9420684364940188|0.9442694747148904|0.9427261399678105
0.9904999999999999|0.788|0.000500000000000056|0.03200000000000003|0.9883579553669292|0.991092515236184|0.9926399674754826|0.9918969536944335
0.9949999999999999|0.788|0.0040000000000000036|0.03200000000000003|0.9918969536944335|0.9926399674754826|0.9964459416144699|0.9965946910983009
0.9994999999999998|0.788|0.0004999999999999449|0.03200000000000003|0.9965946910983009|0.9964459416144699|1.0|1.0
0.9904999999999999|0.5|0.000500000000000056|0.256|0.991092515236184|0.9910808312468451|0.9926298940469762|0.9926399674754826
0.9994999999999998|0.5|0.0004999999999999449|0.256|0.9964459416144699|0.9964408426695807|1.0|1.0
0.9904999999999999|0.2119999999999999|0.000500000000000056|0.03200000000000003|0.9910808312468451|0.9883399851676571|0.9918841848296264|0.9926298940469762
0.9949999999999999|0.2119999999999999|0.0040000000000000036|0.03200000000000003|0.9926298940469762|0.9918841848296264|0.996589359887683|0.9964408426695807
0.9994999999999998|0.2119999999999999|0.0004999999999999449|0.03200000000000003|0.9964408426695807|0.996589359887683|1.0|1.0
0.9005000000000001|0.17599999999999993|0.000500000000000056|0.0040000000000000036|0.9395057970948638|0.9386330419600861|0.9394946110211864|0.9401009340698375
0.905|0.17599999999999993|0.0040000000000000036|0.0040000000000000036|0.9401009340698375|0.9394946110211864|0.9417557106161092|0.9420684364940188
0.9095|0.17599999999999993|0.0004999999999999449|0.0040000000000000036|0.9420684364940188|0.9417557106161092|0.9437371488198467|0.9442694747148904
0.9005000000000001|0.13999999999999996|0.000500000000000056|0.03199999999999997|0.9386330419600861|0.9251304621493127|0.9259686363287487|0.9394946110211864
0.9095|0.13999999999999996|0.0004999999999999449|0.03199999999999997|0.9417557106161092|0.9300717755335461|0.9338026096292117|0.9437371488198467
0.9005000000000001|0.10399999999999998|0.000500000000000056|0.00399999999999999|0.9251304621493127|0.9222424525176379|0.9235719363190124|0.9259686363287487
0.905|0.10399999999999998|0.0040000000000000036|0.00399999999999999|0.9259686363287487|0.9235719363190124|0.9295701890824993|0.9300717755335461
0.9095|0.10399999999999998|0.0004999999999999449|0.00399999999999999|0.9300717755335461|0.9295701890824993|0.9311203306318417|0.9338026096292117
0.914|0.17599999999999993|0.0040000000000000036|0.0040000000000000036|0.9442694747148904|0.9437371488198467|0.948248442211896|0.9492759254171692
0.95|0.17599999999999993|0.03199999999999992|0.0040000000000000036|0.9492759254171692|0.948248442211896|0.9830191503346618|0.9825763154806201
0.9859999999999999|0.17599999999999993|0.0040000000000000036|0.0040000000000000036|0.9825763154806201|0.9830191503346618|0.9881573411117804|0.9883399851676571
0.914|0.13999999999999996|0.0040000000000000036|0.03199999999999997|0.9437371488198467|0.9338026096292117|0.939674372400996|0.948248442211896
0.9859999999999999|0.13999999999999996|0.0040000000000000036|0.03199999999999997|0.9830191503346618|0.9834799090094949|0.9892979524857114|0.9881573411117804
0.914|0.10399999999999998|0.0040000000000000036|0.00399999999999999|0.9338026096292117|0.9311203306318417|0.9377638949020067|0.939674372400996
0.95|0.10399999999999998|0.03199999999999992|0.00399999999999999|0.939674372400996|0.9377638949020067|0.9842562107122385|0.9834799090094949
0.9859999999999999|0.10399999999999998|0.0040000000000000036|0.00399999999999999|0.9834799090094949|0.9842562107122385|0.990695720460103|0.9892979524857114
0.9904999999999999|0.17599999999999993|0.000500000000000056|0.0040000000000000036|0.9883399851676571|0.9881573411117804|0.9916792699759845|0.9918841848296264
0.9949999999999999|0.17599999999999993|0.0040000000000000036|0.0040000000000000036|0.9918841848296264|0.9916792699759845|0.9967605484653922|0.996589359887683
0.9994999999999998|0.17599999999999993|0.0004999999999999449|0.0040000000000000036|0.996589359887683|0.9967605484653922|1.0|1.0
0.9904999999999999|0.13999999999999996|0.000500000000000056|0.03199999999999997|0.9881573411117804|0.9892979524857114|0.9927478402024016|0.9916792699759845
0.9994999999999998|0.13999999999999996|0.0004999999999999449|0.03199999999999997|0.9967605484653922|0.9975172816488218|1.0|1.0
0.9904999999999999|0.10399999999999998|0.000500000000000056|0.00399999999999999|0.9892979524857114|0.990695720460103|0.9922616002112069|0.9927478402024016
0.9949999999999999|0.10399999999999998|0.0040000000000000036|0.00399999999999999|0.9927478402024016|0.9922616002112069|0.9984802355299067|0.9975172816488218
0.9994999999999998|0.10399999999999998|0.0004999999999999449|0.00399999999999999|0.9975172816488218|0.9984802355299067|1.0|1.0
0.9005000000000001|0.9994999999999998|0.000500000000000056|0.000500000000000056|0.9090983467207302|0.9089449782838885|0.9100639055299653|0.9101503897820395
0.905|0.9994999999999998|0.0040000000000000036|0.000500000000000056|0.9101503897820395|0.9100639055299653|0.9169629198677053|0.9169148904951797
0.9095|0.9994999999999998|0.0004999999999999449|0.000500000000000056|0.9169148904951797|0.9169629198677053|0.9181437525513312|0.9180313107595663
0.9005000000000001|0.9949999999999999|0.000500000000000056|0.0040000000000000036|0.9089449782838885|0.9088890675649838|0.9099745990881497|0.9100639055299653
0.9095|0.9949999999999999|0.0004999999999999449|0.0040000000000000036|0.9169629198677053|0.9164205697071096|0.9176282347808258|0.9181437525513312
0.9005000000000001|0.9904999999999999|0.000500000000000056|0.0004999999999999449|0.9088890675649838|0.9088544748279784|0.9102999468658797|0.9099745990881497
0.905|0.9904999999999999|0.0040000000000000036|0.0004999999999999449|0.9099745990881497|0.9102999468658797|0.9160519503110515|0.9164205697071096
0.9095|0.9904999999999999|0.0004999999999999449|0.0004999999999999449|0.9164205697071096|0.9160519503110515|0.9172578946190323|0.9176282347808258
0.914|0.9994999999999998|0.0040000000000000036|0.000500000000000056|0.9180313107595663|0.9181437525513312|0.9230749598602417|0.9247597970474767
0.95|0.9994999999999998|0.03199999999999992|0.000500000000000056|0.9247597970474767|0.9230749598602417|0.9861535085949541|0.9844399578424523
0.9859999999999999|0.9994999999999998|0.0040000000000000036|0.000500000000000056|0.9844399578424523|0.9861535085949541|0.9910520270198214|0.9911474405499607
0.914|0.9949999999999999|0.0040000000000000036|0.0040000000000000036|0.9181437525513312|0.9176282347808258|0.9228069600918505|0.9230749598602417
0.9859999999999999|0.9949999999999999|0.0040000000000000036|0.0040000000000000036|0.9861535085949541|0.9865175114461917|0.9917217244964502|0.9910520270198214
0.914|0.9904999999999999|0.0040000000000000036|0.0004999999999999449|0.9176282347808258|0.9172578946190323|0.9243238563492893|0.9228069600918505
0.95|0.9904999999999999|0.03199999999999992|0.0004999999999999449|0.9228069600918505|0.9243238563492893|0.9850350927542744|0.9865175114461917
0.9859999999999999|0.9904999999999999|0.0040000000000000036|0.0004999999999999449|0.9865175114461917|0.9850350927542744|0.9921662267572469|0.9917217244964502
0.9904999999999999|0.9994999999999998|0.000500000000000056|0.000500000000000056|0.9911474405499607|0.9910520270198214|0.9922130097662798|0.992248592084246
0.9949999999999999|0.9994999999999998|0.0040000000000000036|0.000500000000000056|0.992248592084246|0.9922130097662798|0.9989585141794548|0.9988798028892518
0.9994999999999998|0.9994999999999998|0.0004999999999999449|0.000500000000000056|0.9988798028892518|0.9989585141794548|1.0|1.0
0.9904999999999999|0.9949999999999999|0.000500000000000056|0.0040000000000000036|0.9910520270198214|0.9917217244964502|0.9929118207918853|0.9922130097662798
0.9994999999999998|0.9949999999999999|0.0004999999999999449|0.0040000000000000036|0.9989585141794548|0.9989846940090705|1.0|1.0
0.9904999999999999|0.9904999999999999|0.000500000000000056|0.0004999999999999449|0.9917217244964502|0.9921662267572469|0.9933488488919819|0.9929118207918853
0.9949999999999999|0.9904999999999999|0.0040000000000000036|0.0004999999999999449|0.9929118207918853|0.9933488488919819|0.9987055007377984|0.9989846940090705
0.9994999999999998|0.9904999999999999|0.0004999999999999449|0.0004999999999999449|0.9989846940090705|0.9987055007377984|1.0|1.0
0.9005000000000001|0.9859999999999999|0.000500000000000056|0.0040000000000000036|0.9088544748279784|0.9086295770253376|0.9114474326291129|0.9102999468658797
0.905|0.9859999999999999|0.0040000000000000036|0.0040000000000000036|0.9102999468658797|0.9114474326291129|0.9154693860328534|0.9160519503110515
0.9095|0.9859999999999999|0.0004999999999999449|0.0040000000000000036|0.9160519503110515|0.9154693860328534|0.9168329697502233|0.9172578946190323
0.9005000000000001|0.95|0.000500000000000056|0.03199999999999992|0.9086295770253376|0.9160003595015528|0.9196809236655645|0.9114474326291129
0.9095|0.95|0.0004999999999999449|0.03199999999999992|0.9154693860328534|0.923911072988221|0.9248961678612209|0.9168329697502233
0.9005000000000001|0.914|0.000500000000000056|0.0040000000000000036|0.9160003595015528|0.9183756274281576|0.9199380541150085|0.9196809236655645
0.905|0.914|0.0040000000000000036|0.0040000000000000036|0.9196809236655645|0.9199380541150085|0.9259144712553332|0.923911072988221
0.9095|0.914|0.0004999999999999449|0.0040000000000000036|0.923911072988221|0.9259144712553332|0.9271932278699482|0.9248961678612209
0.9904999999999999|0.9859999999999999|0.000500000000000056|0.0040000000000000036|0.9921662267572469|0.9934387336359162|0.994481557402335|0.9933488488919819
0.9949999999999999|0.9859999999999999|0.0040000000000000036|0.0040000000000000036|0.9933488488919819|0.994481557402335|0.9979813645552452|0.9987055007377984
0.9994999999999998|0.9859999999999999|0.0004999999999999449|0.0040000000000000036|0.9987055007377984|0.9979813645552452|1.0|1.0
0.9904999999999999|0.95|0.000500000000000056|0.03199999999999992|0.9934387336359162|0.9936877516000497|0.9946947307151173|0.994481557402335
0.9994999999999998|0.95|0.0004999999999999449|0.03199999999999992|0.9979813645552452|0.998059804740281|1.0|1.0
0.9904999999999999|0.914|0.000500000000000056|0.0040000000000000036|0.9936877516000497|0.992538926085223|0.9936346740366967|0.9946947307151173
0.9949999999999999|0.914|0.0040000000000000036|0.0040000000000000036|0.9946947307151173|0.9936346740366967|0.9987562996839677|0.998059804740281
0.9994999999999998|0.914|0.0004999999999999449|0.0040000000000000036|0.998059804740281|0.9987562996839677|1.0|1.0
0.9005000000000001|0.9095|0.000500000000000056|0.000500000000000056|0.9183756274281576|0.9189872074669696|0.9200215702538546|0.9199380541150085
0.905|0.9095|0.0040000000000000036|0.000500000000000056|0.9199380541150085|0.9200215702538546|0.9266621114054754|0.9259144712553332
0.9095|0.9095|0.0004999999999999449|0.000500000000000056|0.9259144712553332|0.9266621114054754|0.9279399203539206|0.9271932278699482
0.9005000000000001|0.905|0.000500000000000056|0.0040000000000000036|0.9189872074669696|0.9215747771967644|0.9228987240131022|0.9200215702538546
0.9095|0.905|0.0004999999999999449|0.0040000000000000036|0.9266621114054754|0.9295630655101788|0.9305743156931451|0.9279399203539206
0.9005000000000001|0.9005000000000001|0.000500000000000056|0.0004999999999999449|0.9215747771967644|0.9223663009136969|0.9236947571448563|0.9228987240131022
0.905|0.9005000000000001|0.0040000000000000036|0.0004999999999999449|0.9228987240131022|0.9236947571448563|0.9296840131087606|0.9295630655101788
0.9095|0.9005000000000001|0.0004999999999999449|0.0004999999999999449|0.9295630655101788|0.9296840131087606|0.9312339797720941|0.9305743156931451
0.914|0.9095|0.0040000000000000036|0.000500000000000056|0.9271932278699482|0.9279399203539206|0.9328896609771089|0.9337619812209897
0.95|0.9095|0.03199999999999992|0.000500000000000056|0.9337619812209897|0.9328896609771089|0.987475648116227|0.9862996762498351
0.9859999999999999|0.9095|0.0040000000000000036|0.000500000000000056|0.9862996762498351|0.987475648116227|0.9920840543631602|0.992538926085223
0.914|0.905|0.0040000000000000036|0.0040000000000000036|0.9279399203539206|0.9305743156931451|0.9346462087218146|0.9328896609771089
0.9859999999999999|0.905|0.0040000000000000036|0.0040000000000000036|0.987475648116227|0.9867639911741553|0.9910118333762601|0.9920840543631602
0.914|0.9005000000000001|0.0040000000000000036|0.0004999999999999449|0.9305743156931451|0.9312339797720941|0.9378671173626164|0.9346462087218146
0.95|0.9005000000000001|0.03199999999999992|0.0004999999999999449|0.9346462087218146|0.9378671173626164|0.984283001935056|0.9867639911741553
0.9859999999999999|0.9005000000000001|0.0040000000000000036|0.0004999999999999449|0.9867639911741553|0.984283001935056|0.9907113581194655|0.9910118333762601
0.9904999999999999|0.9095|0.000500000000000056|0.000500000000000056|0.992538926085223|0.9920840543631602|0.9931891802119529|0.9936346740366967
0.9949999999999999|0.9095|0.0040000000000000036|0.000500000000000056|0.9936346740366967|0.9931891802119529|0.9990187218594444|0.9987562996839677
0.9994999999999998|0.9095|0.0004999999999999449|0.000500000000000056|0.9987562996839677|0.9990187218594444|1.0|1.0
0.9904999999999999|0.905|0.000500000000000056|0.0040000000000000036|0.9920840543631602|0.9910118333762601|0.9921065708131797|0.9931891802119529
0.9994999999999998|0.905|0.0004999999999999449|0.0040000000000000036|0.9990187218594444|0.9988413396664331|1.0|1.0
0.9904999999999999|0.9005000000000001|0.000500000000000056|0.0004999999999999449|0.9910118333762601|0.9907113581194655|0.9922746351887318|0.9921065708131797
0.9949999999999999|0.9005000000000001|0.0040000000000000036|0.0004999999999999449|0.9921065708131797|0.9922746351887318|0.9984828213338367|0.9988413396664331
0.9994999999999998|0.9005000000000001|0.0004999999999999449|0.0004999999999999449|0.9988413396664331|0.9984828213338367|1.0|1.0
0.10399999999999998|0.9994999999999998|0.0040000000000000036|0.000500000000000056|0.09100677611325378|0.09115942357508247|0.09552369606891584|0.09691147906947668
0.13999999999999996|0.9994999999999998|0.03199999999999999|0.000500000000000056|0.09691147906947668|0.09552369606891584|0.14967556055411996|0.14898875563984032
0.17599999999999993|0.9994999999999998|0.0040000000000000036|0.000500000000000056|0.14898875563984032|0.14967556055411996|0.154992436024004|0.15549292066504836
0.10399999999999998|0.9949999999999999|0.0040000000000000036|0.0040000000000000036|0.09115942357508247|0.09121229757512583|0.09540733332512087|0.09552369606891584
0.17599999999999993|0.9949999999999999|0.0040000000000000036|0.0040000000000000036|0.14967556055411996|0.1464811499782621|0.15188495318411968|0.154992436024004
0.10399999999999998|0.9904999999999999|0.0040000000000000036|0.0004999999999999449|0.09121229757512583|0.09124927880153942|0.09720213099753423|0.09540733332512087
0.13999999999999996|0.9904999999999999|0.03199999999999999|0.0004999999999999449|0.09540733332512087|0.09720213099753423|0.1415865316684398|0.1464811499782621
0.17599999999999993|0.9904999999999999|0.0040000000000000036|0.0004999999999999449|0.1464811499782621|0.1415865316684398|0.14700986312924733|0.15188495318411968
0.2119999999999999|0.9994999999999998|0.03199999999999997|0.000500000000000056|0.15549292066504836|0.154992436024004|0.19680044837992333|0.21638114817581525
0.5|0.9994999999999998|0.25600000000000006|0.000500000000000056|0.21638114817581525|0.19680044837992333|0.803306509353374|0.7837239331179269
0.788|0.9994999999999998|0.03200000000000003|0.000500000000000056|0.7837239331179269|0.803306509353374|0.8451183928363795|0.8446160981582075
0.2119999999999999|0.9949999999999999|0.03199999999999997|0.0040000000000000036|0.154992436024004|0.15188495318411968|0.1947296412721153|0.19680044837992333
0.788|0.9949999999999999|0.03200000000000003|0.0040000000000000036|0.803306509353374|0.8053801415403284|0.8482239013146222|0.8451183928363795
0.2119999999999999|0.9904999999999999|0.03199999999999997|0.0004999999999999449|0.15188495318411968|0.14700986312924733|0.2124813863330243|0.1947296412721153
0.5|0.9904999999999999|0.25600000000000006|0.0004999999999999449|0.1947296412721153|0.2124813863330243|0.7876288519346484|0.8053801415403284
0.788|0.9904999999999999|0.03200000000000003|0.0004999999999999449|0.8053801415403284|0.7876288519346484|0.8530987297068194|0.8482239013146222
0.8240000000000001|0.9994999999999998|0.0040000000000000036|0.000500000000000056|0.8446160981582075|0.8451183928363795|0.8504335597145555|0.8511224401247685
0.8600000000000001|0.9994999999999998|0.03200000000000003|0.000500000000000056|0.8511224401247685|0.8504335597145555|0.9045808002298185|0.9031931631377972
0.8960000000000001|0.9994999999999998|0.0040000000000000036|0.000500000000000056|0.9031931631377972|0.9045808002298185|0.9089449782838885|0.9090983467207302
0.8240000000000001|0.9949999999999999|0.0040000000000000036|0.0040000000000000036|0.8451183928363795|0.8482239013146222|0.8536291853982867|0.8504335597145555
0.8960000000000001|0.9949999999999999|0.0040000000000000036|0.0040000000000000036|0.9045808002298185|0.9046974741713097|0.9088890675649838|0.9089449782838885
0.8240000000000001|0.9904999999999999|0.0040000000000000036|0.0004999999999999449|0.8482239013146222|0.8530987297068194|0.8585233238104861|0.8536291853982867
0.8600000000000001|0.9904999999999999|0.03200000000000003|0.0004999999999999449|0.8536291853982867|0.8585233238104861|0.9029002562479499|0.9046974741713097
0.8960000000000001|0.9904999999999999|0.0040000000000000036|0.0004999999999999449|0.9046974741713097|0.9029002562479499|0.9088544748279784|0.9088890675649838
0.10399999999999998|0.9859999999999999|0.0040000000000000036|0.0040000000000000036|0.09124927880153942|0.09147438228235581|0.09690931294187494|0.09720213099753423
0.13999999999999996|0.9859999999999999|0.03199999999999999|0.0040000000000000036|0.09720213099753423|0.09690931294187494|0.13854340125376732|0.1415865316684398
0.17599999999999993|0.9859999999999999|0.0040000000000000036|0.0040000000000000036|0.1415865316684398|0.13854340125376732|0.14152523321890992|0.14700986312924733
0.10399999999999998|0.95|0.0040000000000000036|0.03199999999999992|0.09147438228235581|0.08409084322494545|0.09005266847153504|0.09690931294187494
0.17599999999999993|0.95|0.0040000000000000036|0.03199999999999992|0.13854340125376732|0.13404407588591033|0.13731277320752108|0.14152523321890992
0.10399999999999998|0.914|0.0040000000000000036|0.0040000000000000036|0.08409084322494545|0.08171578347013643|0.08845450535902105|0.09005266847153504
0.13999999999999996|0.914|0.03199999999999999|0.0040000000000000036|0.09005266847153504|0.08845450535902105|0.13593384701999212|0.13404407588591033
0.17599999999999993|0.914|0.0040000000000000036|0.0040000000000000036|0.13404407588591033|0.13593384701999212|0.14157184229388525|0.13731277320752108
0.8240000000000001|0.9859999999999999|0.0040000000000000036|0.0040000000000000036|0.8530987297068194|0.8585831388269637|0.8615622779771215|0.8585233238104861
0.8600000000000001|0.9859999999999999|0.03200000000000003|0.0040000000000000036|0.8585233238104861|0.8615622779771215|0.9031921666754216|0.9029002562479499
0.8960000000000001|0.9859999999999999|0.0040000000000000036|0.0040000000000000036|0.9029002562479499|0.9031921666754216|0.9086295770253376|0.9088544748279784
0.8240000000000001|0.95|0.0040000000000000036|0.03199999999999992|0.8585831388269637|0.8627859651404882|0.8660564760970034|0.8615622779771215
0.8960000000000001|0.95|0.0040000000000000036|0.03199999999999992|0.9031921666754216|0.9100385101304037|0.9160003595015528|0.9086295770253376
0.8240000000000001|0.914|0.0040000000000000036|0.0040000000000000036|0.8627859651404882|0.8585259117502699|0.8641634018599808|0.8660564760970034
0.8600000000000001|0.914|0.03200000000000003|0.0040000000000000036|0.8660564760970034|0.8641634018599808|0.9116362726619166|0.9100385101304037
0.8960000000000001|0.914|0.0040000000000000036|0.0040000000000000036|0.9100385101304037|0.9116362726619166|0.9183756274281576|0.9160003595015528
0.10399999999999998|0.9095|0.0040000000000000036|0.000500000000000056|0.08171578347013643|0.08110383648263489|0.08533658525161182|0.08845450535902105
0.13999999999999996|0.9095|0.03199999999999999|0.000500000000000056|0.08845450535902105|0.08533658525161182|0.14034548348959128|0.13593384701999212
0.17599999999999993|0.9095|0.0040000000000000036|0.000500000000000056|0.13593384701999212|0.14034548348959128|0.14591566796858038|0.14157184229388525
0.10399999999999998|0.905|0.0040000000000000036|0.0040000000000000036|0.08110383648263489|0.07851356657646637|0.08379231698548892|0.08533658525161182
0.17599999999999993|0.905|0.0040000000000000036|0.0040000000000000036|0.14034548348959128|0.14291021127414022|0.14850348576857017|0.14591566796858038
0.10399999999999998|0.9005000000000001|0.0040000000000000036|0.0004999999999999449|0.07851356657646637|0.07771901435855602|0.0848092465746056|0.08379231698548892
0.13999999999999996|0.9005000000000001|0.03199999999999999|0.0004999999999999449|0.08379231698548892|0.0848092465746056|0.1419553306172865|0.14291021127414022
0.17599999999999993|0.9005000000000001|0.0040000000000000036|0.0004999999999999449|0.14291021127414022|0.1419553306172865|0.14883698142532614|0.14850348576857017
0.2119999999999999|0.9095|0.03199999999999997|0.000500000000000056|0.14157184229388525|0.14591566796858038|0.1894689888418899|0.2077179459320824
0.5|0.9095|0.25600000000000006|0.000500000000000056|0.2077179459320824|0.1894689888418899|0.8106280710203243|0.7923820940423235
0.788|0.9095|0.03200000000000003|0.000500000000000056|0.7923820940423235|0.8106280710203243|0.8541809101557053|0.8585259117502699
0.2119999999999999|0.905|0.03199999999999997|0.0040000000000000036|0.14591566796858038|0.14850348576857017|0.19123238569189344|0.1894689888418899
0.788|0.905|0.03200000000000003|0.0040000000000000036|0.8106280710203243|0.8088651256827218|0.8515930399997476|0.8541809101557053
0.2119999999999999|0.9005000000000001|0.03199999999999997|0.0004999999999999449|0.14850348576857017|0.14883698142532614|0.21103683951797975|0.19123238569189344
0.5|0.9005000000000001|0.25600000000000006|0.0004999999999999449|0.19123238569189344|0.21103683951797975|0.7890600827980679|0.8088651256827218
0.788|0.9005000000000001|0.03200000000000003|0.0004999999999999449|0.8088651256827218|0.7890600827980679|0.8512605449421947|0.8515930399997476
0.8240000000000001|0.9095|0.0040000000000000036|0.000500000000000056|0.8585259117502699|0.8541809101557053|0.8597519125022554|0.8641634018599808
0.8600000000000001|0.9095|0.03200000000000003|0.000500000000000056|0.8641634018599808|0.8597519125022554|0.914754827166788|0.9116362726619166
0.8960000000000001|0.9095|0.0040000000000000036|0.000500000000000056|0.9116362726619166|0.914754827166788|0.9189872074669696|0.9183756274281576
0.8240000000000001|0.905|0.0040000000000000036|0.0040000000000000036|0.8541809101557053|0.8515930399997476|0.8571857145440008|0.8597519125022554
0.8960000000000001|0.905|0.0040000000000000036|0.0040000000000000036|0.914754827166788|0.9162956300931373|0.9215747771967644|0.9189872074669696
0.8240000000000001|0.9005000000000001|0.0040000000000000036|0.0004999999999999449|0.8515930399997476|0.8512605449421947|0.8581436592888139|0.8571857145440008
0.8600000000000001|0.9005000000000001|0.03200000000000003|0.0004999999999999449|0.8571857145440008|0.8581436592888139|0.9152798948740227|0.9162956300931373
0.8960000000000001|0.9005000000000001|0.0040000000000000036|0.0004999999999999449|0.9162956300931373|0.9152798948740227|0.9223663009136969|0.9215747771967644
0.0004999999999999996|0.9994999999999998|0.0004999999999999996|0.000500000000000056|0.0|0.0|0.001042852655579435|0.0011216014892603688
0.0049999999999999975|0.9994999999999998|0.003999999999999998|0.000500000000000056|0.0011216014892603688|0.001042852655579435|0.007797102905107355|0.007761444315125955
0.009499999999999995|0.9994999999999998|0.0004999999999999987|0.000500000000000056|0.007761444315125955|0.007797102905107355|0.008959221527095777|0.008863685944451617
0.0004999999999999996|0.9949999999999999|0.0004999999999999996|0.0040000000000000036|0.0|0.0|0.0010165820656142905|0.001042852655579435
0.009499999999999995|0.9949999999999999|0.0004999999999999987|0.0040000000000000036|0.007797102905107355|0.007097087650206824|0.008288623175015894|0.008959221527095777
0.0004999999999999996|0.9904999999999999|0.0004999999999999996|0.0004999999999999449|0.0|0.0|0.0012961226295074813|0.0010165820656142905
0.0049999999999999975|0.9904999999999999|0.003999999999999998|0.0004999999999999449|0.0010165820656142905|0.0012961226295074813|0.006659496587128494|0.007097087650206824
0.009499999999999995|0.9904999999999999|0.0004999999999999987|0.0004999999999999449|0.007097087650206824|0.006659496587128494|0.00784383088709955|0.008288623175015894
0.013999999999999992|0.9994999999999998|0.003999999999999997|0.000500000000000056|0.008863685944451617|0.008959221527095777|0.013864044843215352|0.015579663083499362
0.05|0.9994999999999998|0.03200000000000001|0.000500000000000056|0.015579663083499362|0.013864044843215352|0.07701877880410578|0.07533184372558233
0.08600000000000002|0.9994999999999998|0.0040000000000000036|0.000500000000000056|0.07533184372558233|0.07701877880410578|0.08195266644334175|0.08206540155808772
0.013999999999999992|0.9949999999999999|0.003999999999999997|0.0040000000000000036|0.008959221527095777|0.008288623175015894|0.01349883013102513|0.013864044843215352
0.08600000000000002|0.9949999999999999|0.0040000000000000036|0.0040000000000000036|0.07701877880410578|0.07728748105141946|0.08247237865541523|0.08195266644334175
0.013999999999999992|0.9904999999999999|0.003999999999999997|0.0004999999999999449|0.008288623175015894|0.00784383088709955|0.014983564613155946|0.01349883013102513
0.05|0.9904999999999999|0.03200000000000001|0.0004999999999999449|0.01349883013102513|0.014983564613155946|0.07576884136365887|0.07728748105141946
0.08600000000000002|0.9904999999999999|0.0040000000000000036|0.0004999999999999449|0.07728748105141946|0.07576884136365887|0.08284319731394237|0.08247237865541523
0.09050000000000001|0.9994999999999998|0.0005000000000000004|0.000500000000000056|0.08206540155808772|0.08195266644334175|0.08313488124074249|0.08318278621344867
0.095|0.9994999999999998|0.00399999999999999|0.000500000000000056|0.08318278621344867|0.08313488124074249|0.09004068108457569|0.08995124286515578
0.09949999999999999|0.9994999999999998|0.0005000000000000004|0.000500000000000056|0.08995124286515578|0.09004068108457569|0.09115942357508247|0.09100677611325378
0.09050000000000001|0.9949999999999999|0.0005000000000000004|0.0040000000000000036|0.08195266644334175|0.08247237865541523|0.08367827588506603|0.08313488124074249
0.09949999999999999|0.9949999999999999|0.0005000000000000004|0.0040000000000000036|0.09004068108457569|0.09012957448246667|0.09121229757512583|0.09115942357508247
0.09050000000000001|0.9904999999999999|0.0005000000000000004|0.0004999999999999449|0.08247237865541523|0.08284319731394237|0.08404977215130545|0.08367827588506603
0.095|0.9904999999999999|0.00399999999999999|0.0004999999999999449|0.08367827588506603|0.08404977215130545|0.08980628948378908|0.09012957448246667
0.09949999999999999|0.9904999999999999|0.0005000000000000004|0.0004999999999999449|0.09012957448246667|0.08980628948378908|0.09124927880153942|0.09121229757512583
0.0004999999999999996|0.9859999999999999|0.0004999999999999996|0.0040000000000000036|0.0|0.0|0.0020211525117301826|0.0012961226295074813
0.0049999999999999975|0.9859999999999999|0.003999999999999998|0.0040000000000000036|0.0012961226295074813|0.0020211525117301826|0.005525419277728329|0.006659496587128494
0.009499999999999995|0.9859999999999999|0.0004999999999999987|0.0040000000000000036|0.006659496587128494|0.005525419277728329|0.006569518808259082|0.00784383088709955
0.0004999999999999996|0.95|0.0004999999999999996|0.03199999999999992|0.0|0.0|0.0019425528407845474|0.0020211525117301826
0.009499999999999995|0.95|0.0004999999999999987|0.03199999999999992|0.005525419277728329|0.005311722688579972|0.006320172306153454|0.006569518808259082
0.0004999999999999996|0.914|0.0004999999999999996|0.0040000000000000036|0.0|0.0|0.0012452479845085779|0.0019425528407845474
0.0049999999999999975|0.914|0.003999999999999998|0.0040000000000000036|0.0019425528407845474|0.0012452479845085779|0.006373200286257126|0.005311722688579972
0.009499999999999995|0.914|0.0004999999999999987|0.0040000000000000036|0.005311722688579972|0.006373200286257126|0.007470279778665595|0.006320172306153454
0.09050000000000001|0.9859999999999999|0.0005000000000000004|0.0040000000000000036|0.08284319731394237|0.08326700864003603|0.08462994971236666|0.08404977215130545
0.095|0.9859999999999999|0.00399999999999999|0.0040000000000000036|0.08404977215130545|0.08462994971236666|0.08865431153895631|0.08980628948378908
0.09949999999999999|0.9859999999999999|0.0005000000000000004|0.0040000000000000036|0.08980628948378908|0.08865431153895631|0.09147438228235581|0.09124927880153942
0.09050000000000001|0.95|0.0005000000000000004|0.03199999999999992|0.08326700864003603|0.07519431600828798|0.07617453546745907|0.08462994971236666
0.09949999999999999|0.95|0.0005000000000000004|0.03199999999999992|0.08865431153895631|0.08040768882287015|0.08409084322494545|0.09147438228235581
0.09050000000000001|0.914|0.0005000000000000004|0.0040000000000000036|0.07519431600828798|0.07289239486336145|0.07416928337271707|0.07617453546745907
0.095|0.914|0.00399999999999999|0.0040000000000000036|0.07617453546745907|0.07416928337271707|0.08015058778108694|0.08040768882287015
0.09949999999999999|0.914|0.0005000000000000004|0.0040000000000000036|0.08040768882287015|0.08015058778108694|0.08171578347013643|0.08409084322494545
0.0004999999999999996|0.9095|0.0004999999999999996|0.000500000000000056|0.0|0.0|0.000982484471965326|0.0012452479845085779
0.0049999999999999975|0.9095|0.003999999999999998|0.000500000000000056|0.0012452479845085779|0.000982484471965326|0.006819232762764652|0.006373200286257126
0.009499999999999995|0.9095|0.0004999999999999987|0.000500000000000056|0.006373200286257126|0.006819232762764652|0.007925470456310446|0.007470279778665595
0.0004999999999999996|0.905|0.0004999999999999996|0.0040000000000000036|0.0|0.0|0.0011600762706255874|0.000982484471965326
0.009499999999999995|0.905|0.0004999999999999987|0.0040000000000000036|0.006819232762764652|0.007903121418843377|0.00899911804554971|0.007925470456310446
0.0004999999999999996|0.9005000000000001|0.0004999999999999996|0.0004999999999999449|0.0|0.0|0.0015190112971219087|0.0011600762706255874
0.0049999999999999975|0.9005000000000001|0.003999999999999998|0.0004999999999999449|0.0011600762706255874|0.0015190112971219087|0.007734790156038839|0.007903121418843377
0.009499999999999995|0.9005000000000001|0.0004999999999999987|0.0004999999999999449|0.007903121418843377|0.007734790156038839|0.00929995694378527|0.00899911804554971
0.013999999999999992|0.9095|0.003999999999999997|0.000500000000000056|0.007470279778665595|0.007925470456310446|0.012539416619638822|0.013716659960605863
0.05|0.9095|0.03200000000000001|0.000500000000000056|0.013716659960605863|0.012539416619638822|0.06719061021066597|0.06631664322142264
0.08600000000000002|0.9095|0.0040000000000000036|0.000500000000000056|0.06631664322142264|0.06719061021066597|0.07214254931760926|0.07289239486336145
0.013999999999999992|0.905|0.003999999999999997|0.0040000000000000036|0.007925470456310446|0.00899911804554971|0.013251641885251908|0.012539416619638822
0.08600000000000002|0.905|0.0040000000000000036|0.0040000000000000036|0.06719061021066597|0.06542809703195718|0.06950748154231413|0.07214254931760926
0.013999999999999992|0.9005000000000001|0.003999999999999997|0.0004999999999999449|0.00899911804554971|0.00929995694378527|0.015735349165746683|0.013251641885251908
0.05|0.9005000000000001|0.03200000000000001|0.0004999999999999449|0.013251641885251908|0.015735349165746683|0.06220548635897242|0.06542809703195718
0.08600000000000002|0.9005000000000001|0.0040000000000000036|0.0004999999999999449|0.06542809703195718|0.06220548635897242|0.06884497947854298|0.06950748154231413
0.09050000000000001|0.9095|0.0005000000000000004|0.000500000000000056|0.07289239486336145|0.07214254931760926|0.07342379275536588|0.07416928337271707
0.095|0.9095|0.00399999999999999|0.000500000000000056|0.07416928337271707|0.07342379275536588|0.08006856264853009|0.08015058778108694
0.09949999999999999|0.9095|0.0005000000000000004|0.000500000000000056|0.08015058778108694|0.08006856264853009|0.08110383648263489|0.08171578347013643
0.09050000000000001|0.905|0.0005000000000000004|0.0040000000000000036|0.07214254931760926|0.06950748154231413|0.07051992469281626|0.07342379275536588
0.09949999999999999|0.905|0.0005000000000000004|0.0040000000000000036|0.08006856264853009|0.07718581489961991|0.07851356657646637|0.08110383648263489
0.09050000000000001|0.9005000000000001|0.0005000000000000004|0.0004999999999999449|0.06950748154231413|0.06884497947854298|0.07039403299831991|0.07051992469281626
0.095|0.9005000000000001|0.00399999999999999|0.0004999999999999449|0.07051992469281626|0.07039403299831991|0.07639216754940366|0.07718581489961991
0.09949999999999999|0.9005000000000001|0.0005000000000000004|0.0004999999999999449|0.07718581489961991|0.07639216754940366|0.07771901435855602|0.07851356657646637
0.0004999999999999996|0.896|0.0004999999999999996|0.0040000000000000036|0.0|0.0|0.0024814567290491695|0.0015190112971219087
0.0049999999999999975|0.896|0.003999999999999998|0.0040000000000000036|0.0015190112971219087|0.0024814567290491695|0.00724881428744806|0.007734790156038839
0.009499999999999995|0.896|0.0004999999999999987|0.0040000000000000036|0.007734790156038839|0.00724881428744806|0.010696782661258581|0.00929995694378527
0.0004999999999999996|0.8600000000000001|0.0004999999999999996|0.03199999999999992|0.0|0.0|0.0032379795895181554|0.0024814567290491695
0.009499999999999995|0.8600000000000001|0.0004999999999999987|0.03199999999999992|0.00724881428744806|0.008317420180563664|0.011837415655525011|0.010696782661258581
0.0004999999999999996|0.8240000000000002|0.0004999999999999996|0.0040000000000000036|0.0|0.0|0.00340919776221029|0.0032379795895181554
0.0049999999999999975|0.8240000000000002|0.003999999999999998|0.0040000000000000036|0.0032379795895181554|0.00340919776221029|0.008112242994126634|0.008317420180563664
0.009499999999999995|0.8240000000000002|0.0004999999999999987|0.0040000000000000036|0.008317420180563664|0.008112242994126634|0.011654931651897682|0.011837415655525011
0.013999999999999992|0.896|0.003999999999999997|0.0040000000000000036|0.00929995694378527|0.010696782661258581|0.01651159036065232|0.015735349165746683
0.05|0.896|0.03200000000000001|0.0040000000000000036|0.015735349165746683|0.01651159036065232|0.060294261502776766|0.06220548635897242
0.08600000000000002|0.896|0.0040000000000000036|0.0040000000000000036|0.06220548635897242|0.060294261502776766|0.06616503903147467|0.06884497947854298
0.013999999999999992|0.8600000000000001|0.003999999999999997|0.03199999999999992|0.010696782661258581|0.011837415655525011|0.016973323793999646|0.01651159036065232
0.08600000000000002|0.8600000000000001|0.0040000000000000036|0.03199999999999992|0.060294261502776766|0.051730970616362504|0.05623849445733687|0.06616503903147467
0.013999999999999992|0.8240000000000002|0.003999999999999997|0.0040000000000000036|0.011837415655525011|0.011654931651897682|0.0174169454755017|0.016973323793999646
0.05|0.8240000000000002|0.03200000000000001|0.0040000000000000036|0.016973323793999646|0.0174169454755017|0.05070252447880791|0.051730970616362504
0.08600000000000002|0.8240000000000002|0.0040000000000000036|0.0040000000000000036|0.051730970616362504|0.05070252447880791|0.055706164453841876|0.05623849445733687
0.09050000000000001|0.896|0.0005000000000000004|0.0040000000000000036|0.06884497947854298|0.06616503903147467|0.06989287173940395|0.07039403299831991
0.095|0.896|0.00399999999999999|0.0040000000000000036|0.07039403299831991|0.06989287173940395|0.0739977629812058|0.07639216754940366
0.09949999999999999|0.896|0.0005000000000000004|0.0040000000000000036|0.07639216754940366|0.0739977629812058|0.07483421834179903|0.07771901435855602
0.09050000000000001|0.8600000000000001|0.0005000000000000004|0.03199999999999992|0.06616503903147467|0.05623849445733687|0.058219606711966805|0.06989287173940395
0.09949999999999999|0.8600000000000001|0.0005000000000000004|0.03199999999999992|0.0739977629812058|0.060481969392760015|0.06134002629697925|0.07483421834179903
0.09050000000000001|0.8240000000000002|0.0005000000000000004|0.0040000000000000036|0.05623849445733687|0.055706164453841876|0.05790747713524273|0.058219606711966805
0.095|0.8240000000000002|0.00399999999999999|0.0040000000000000036|0.058219606711966805|0.05790747713524273|0.05987359970543087|0.060481969392760015
0.09949999999999999|0.8240000000000002|0.0005000000000000004|0.0040000000000000036|0.060481969392760015|0.05987359970543087|0.06047034493274862|0.06134002629697925
0.0004999999999999996|0.788|0.0004999999999999996|0.03200000000000003|0.0|0.0|0.0035578901498780372|0.00340919776221029
0.0049999999999999975|0.788|0.003999999999999998|0.03200000000000003|0.00340919776221029|0.0035578901498780372|0.007367609786947232|0.008112242994126634
0.009499999999999995|0.788|0.0004999999999999987|0.03200000000000003|0.008112242994126634|0.007367609786947232|0.008916307990218423|0.011654931651897682
0.0004999999999999996|0.5|0.0004999999999999996|0.256|0.0|0.0|0.00355732261281714|0.0035578901498780372
0.009499999999999995|0.5|0.0004999999999999987|0.256|0.007367609786947232|0.007366501024427366|0.008915385102502896|0.008916307990218423
0.0004999999999999996|0.2119999999999999|0.0004999999999999996|0.03200000000000003|0.0|0.0|0.0034086144562203613|0.00355732261281714
0.0049999999999999975|0.2119999999999999|0.003999999999999998|0.03200000000000003|0.00355732261281714|0.0034086144562203613|0.008110952616756038|0.007366501024427366
0.009499999999999995|0.2119999999999999|0.0004999999999999987|0.03200000000000003|0.007366501024427366|0.008110952616756038|0.011653487292260217|0.008915385102502896
0.09050000000000001|0.788|0.0005000000000000004|0.03200000000000003|0.055706164453841876|0.057256610803411864|0.057969420477489375|0.05790747713524273
0.095|0.788|0.00399999999999999|0.03200000000000003|0.05790747713524273|0.057969420477489375|0.059351498291906384|0.05987359970543087
0.09949999999999999|0.788|0.0005000000000000004|0.03200000000000003|0.05987359970543087|0.059351498291906384|0.05985990793879937|0.06047034493274862
0.09050000000000001|0.5|0.0005000000000000004|0.256|0.057256610803411864|0.057249824765313394|0.057962769825949854|0.057969420477489375
0.09949999999999999|0.5|0.0005000000000000004|0.256|0.059351498291906384|0.05934430828434323|0.05985230599163872|0.05985990793879937
0.09050000000000001|0.2119999999999999|0.0005000000000000004|0.03200000000000003|0.057249824765313394|0.05569803824397554|0.057898492256213845|0.057962769825949854
0.095|0.2119999999999999|0.00399999999999999|0.03200000000000003|0.057962769825949854|0.057898492256213845|0.05986476860292304|0.05934430828434323
0.09949999999999999|0.2119999999999999|0.0005000000000000004|0.03200000000000003|0.05934430828434323|0.05986476860292304|0.06045972008608293|0.05985230599163872
0.0004999999999999996|0.17599999999999993|0.0004999999999999996|0.0040000000000000036|0.0|0.0|0.0032374953649219667|0.0034086144562203613
0.0049999999999999975|0.17599999999999993|0.003999999999999998|0.0040000000000000036|0.0034086144562203613|0.0032374953649219667|0.008315987596586543|0.008110952616756038
0.009499999999999995|0.17599999999999993|0.0004999999999999987|0.0040000000000000036|0.008110952616756038|0.008315987596586543|0.011835901786361411|0.011653487292260217
0.0004999999999999996|0.13999999999999996|0.0004999999999999996|0.03199999999999997|0.0|0.0|0.002480972849003956|0.0032374953649219667
0.009499999999999995|0.13999999999999996|0.0004999999999999987|0.03199999999999997|0.008315987596586543|0.0072472519616762895|0.010694485408551434|0.011835901786361411
0.0004999999999999996|0.10399999999999998|0.0004999999999999996|0.00399999999999999|0.0|0.0|0.0015186984750865174|0.002480972849003956
0.0049999999999999975|0.10399999999999998|0.003999999999999998|0.00399999999999999|0.002480972849003956|0.0015186984750865174|0.007733083818083397|0.0072472519616762895
0.009499999999999995|0.10399999999999998|0.0004999999999999987|0.00399999999999999|0.0072472519616762895|0.007733083818083397|0.009298168831000306|0.010694485408551434
0.013999999999999992|0.17599999999999993|0.003999999999999997|0.0040000000000000036|0.011653487292260217|0.011835901786361411|0.016971240923011034|0.017413511662640713
0.05|0.17599999999999993|0.03200000000000001|0.0040000000000000036|0.017413511662640713|0.016971240923011034|0.05172148789123671|0.05069510752811705
0.08600000000000002|0.17599999999999993|0.0040000000000000036|0.0040000000000000036|0.05069510752811705|0.05172148789123671|0.056230234694887096|0.05569803824397554
0.013999999999999992|0.13999999999999996|0.003999999999999997|0.03199999999999997|0.011835901786361411|0.010694485408551434|0.01650857722638401|0.016971240923011034
0.08600000000000002|0.13999999999999996|0.0040000000000000036|0.03199999999999997|0.05172148789123671|0.06028336509040861|0.06615270028516569|0.056230234694887096
0.013999999999999992|0.10399999999999998|0.003999999999999997|0.00399999999999999|0.010694485408551434|0.009298168831000306|0.0157327605620158|0.01650857722638401
0.05|0.10399999999999998|0.03200000000000001|0.00399999999999999|0.01650857722638401|0.0157327605620158|0.06219392145079683|0.06028336509040861
0.08600000000000002|0.10399999999999998|0.0040000000000000036|0.00399999999999999|0.06028336509040861|0.06219392145079683|0.06883301152862271|0.06615270028516569
0.09050000000000001|0.17599999999999993|0.0005000000000000004|0.0040000000000000036|0.05569803824397554|0.056230234694887096|0.058211350325222455|0.057898492256213845
0.095|0.17599999999999993|0.00399999999999999|0.0040000000000000036|0.057898492256213845|0.058211350325222455|0.060472485018816295|0.05986476860292304
0.09949999999999999|0.17599999999999993|0.0005000000000000004|0.0040000000000000036|0.05986476860292304|0.060472485018816295|0.06133123248956461|0.06045972008608293
0.09050000000000001|0.13999999999999996|0.0005000000000000004|0.03199999999999997|0.056230234694887096|0.06615270028516569|0.06987917315650026|0.058211350325222455
0.09949999999999999|0.13999999999999996|0.0005000000000000004|0.03199999999999997|0.060472485018816295|0.0739825535569367|0.07482083791444163|0.06133123248956461
0.09050000000000001|0.10399999999999998|0.0005000000000000004|0.00399999999999999|0.06615270028516569|0.06883301152862271|0.07038229083334088|0.06987917315650026
0.095|0.10399999999999998|0.00399999999999999|0.00399999999999999|0.06987917315650026|0.07038229083334088|0.07637602880825742|0.0739825535569367
0.09949999999999999|0.10399999999999998|0.0005000000000000004|0.00399999999999999|0.0739825535569367|0.07637602880825742|0.07770474999483983|0.07482083791444163
