5000runs
0.0078125|0.2421875|0.0078125|0.0078125|0.004655820793339465|0.003629308934557696|0.0|0.010121396490394821
0.03125|0.2421875|0.0078125|0.015625|0.021136241205135454|0.0211609263011481|0.010121396490394821|0.03224982700311721
0.0546875|0.2421875|0.0078125|0.0078125|0.03764134746276899|0.03851977901640776|0.03224982700311721|0.04276615631444311
0.0078125|0.21875|0.015625|0.0078125|0.003629308934557696|0.0031093460836815415|0.0|0.001684663741557176
0.0546875|0.21875|0.015625|0.0078125|0.03851977901640776|0.03582705951752015|0.0399707827250797|0.04276814679419103
0.0078125|0.1953125|0.0078125|0.0078125|0.0031093460836815415|0.0037423383775414495|0.0|0.008435064680180312
0.03125|0.1953125|0.0078125|0.015625|0.01766181940063904|0.016910737551044983|0.008435064680180312|0.028390738409373267
0.0546875|0.1953125|0.0078125|0.0078125|0.03582705951752015|0.03083021928547086|0.028390738409373267|0.039972775132143305
0.078125|0.2421875|0.0078125|0.015625|0.05262690815208008|0.0512609012157265|0.04276615631444311|0.0657177114196304
0.125|0.2421875|0.0078125|0.03125|0.09143674093802301|0.09173330533872992|0.0657177114196304|0.11893516168627571
0.171875|0.2421875|0.0078125|0.015625|0.13083970835954925|0.1359195341834589|0.11893516168627571|0.1427628962109551
0.078125|0.21875|0.015625|0.015625|0.0512609012157265|0.05105957802343734|0.04276814679419103|0.04836287493241371
0.171875|0.21875|0.015625|0.015625|0.1359195341834589|0.14302820255107784|0.14268642283027944|0.14911153588527637
0.078125|0.1953125|0.0078125|0.015625|0.05105957802343734|0.05240792956894916|0.039972775132143305|0.06753978901202692
0.125|0.1953125|0.0078125|0.03125|0.09780350689356457|0.09780350689356457|0.06753978901202692|0.12806723050360616
0.171875|0.1953125|0.0078125|0.015625|0.14302820255107784|0.14319909138556997|0.12806723050360616|0.15867273602462936
0.1953125|0.2421875|0.0078125|0.0078125|0.1460085597724929|0.1493588967063977|0.1427628962109551|0.15337484696974005
0.21875|0.2421875|0.0078125|0.015625|0.16237603330245257|0.16437194137496094|0.15337484696974005|0.17936085953445655
0.2421875|0.2421875|0.0078125|0.0078125|0.18073942068298351|0.19172299686658192|0.17936085953445655|0.19559799665974786
0.1953125|0.21875|0.015625|0.0078125|0.1493588967063977|0.16171440267823153|0.14911153588527637|0.15232409134637648
0.2421875|0.21875|0.015625|0.0078125|0.19172299686658192|0.20410774667500753|0.20145835580085003|0.20500134384266713
0.1953125|0.1953125|0.0078125|0.0078125|0.16171440267823153|0.17150498554103863|0.15867273602462936|0.17374611225650907
0.21875|0.1953125|0.0078125|0.015625|0.18841922008120904|0.19008470387667467|0.17374611225650907|0.19976136809206888
0.2421875|0.1953125|0.0078125|0.0078125|0.20410774667500753|0.2069989450689175|0.19976136809206888|0.21086170954380726
0.0078125|0.171875|0.015625|0.0078125|0.0037423383775414495|0.002708935368114715|0.0|0.007525285059296469
0.03125|0.171875|0.015625|0.015625|0.016910737551044983|0.015408573851856863|0.007525285059296469|0.021789699415969883
0.0546875|0.171875|0.015625|0.0078125|0.03083021928547086|0.02551143113159672|0.021789699415969883|0.02498026202893183
0.0078125|0.125|0.03125|0.0078125|0.002708935368114715|0.0030482136075668117|0.0|0.0009595248159347161
0.0546875|0.125|0.03125|0.0078125|0.02551143113159672|0.027636108271187742|0.026573768939338254|0.026573768939338254
0.0078125|0.078125|0.015625|0.0078125|0.0030482136075668117|0.0043210489686214566|0.0|0.008593042834854396
0.03125|0.078125|0.015625|0.015625|0.017594012368219752|0.01954613860106247|0.008593042834854396|0.02464285620923676
0.0546875|0.078125|0.015625|0.0078125|0.027636108271187742|0.03574729219602113|0.02464285620923676|0.028167277937112486
0.1953125|0.171875|0.015625|0.0078125|0.17150498554103863|0.18407348011035962|0.18169583993479768|0.18560245043664556
0.21875|0.171875|0.015625|0.015625|0.19008470387667467|0.19341566887032746|0.18560245043664556|0.20455985844872182
0.2421875|0.171875|0.015625|0.0078125|0.2069989450689175|0.2140267697898746|0.20455985844872182|0.21532314390048932
0.1953125|0.125|0.03125|0.0078125|0.18407348011035962|0.19358404970263268|0.18882876046148347|0.18882876046148347
0.2421875|0.125|0.03125|0.0078125|0.2140267697898746|0.22293384503664462|0.22181640279406284|0.2234844531681819
0.1953125|0.078125|0.015625|0.0078125|0.19358404970263268|0.1898321727503861|0.19596169432320729|0.20021528017220022
0.21875|0.078125|0.015625|0.015625|0.208722451870186|0.20738288453739062|0.20021528017220022|0.21856919472868572
0.2421875|0.078125|0.015625|0.0078125|0.22293384503664462|0.22426382086777316|0.21856919472868572|0.22830967377987513
0.0078125|0.0546875|0.0078125|0.0078125|0.0043210489686214566|0.0036225319695116047|0.0|0.009797596902578169
0.03125|0.0546875|0.0078125|0.015625|0.01954613860106247|0.02052220171748383|0.009797596902578169|0.033198933456144906
0.0546875|0.0546875|0.0078125|0.0078125|0.03574729219602113|0.042292928080502445|0.033198933456144906|0.0469100443849998
0.0078125|0.03125|0.015625|0.0078125|0.0036225319695116047|0.004365496377798577|0.0|0.0019970070607724087
0.0546875|0.03125|0.015625|0.0078125|0.042292928080502445|0.04657049988401265|0.047804185590556436|0.0511766582012975
0.0078125|0.0078125|0.0078125|0.0078125|0.004365496377798577|0.005549741031097063|0.0|0.01228372683088881
0.03125|0.0078125|0.0078125|0.015625|0.0257516984304723|0.0257516984304723|0.01228372683088881|0.03921967103289177
0.0546875|0.0078125|0.0078125|0.0078125|0.04657049988401265|0.045953657030740745|0.03921967103289177|0.05207080132413618
0.078125|0.0546875|0.0078125|0.015625|0.061655534504048516|0.0604108908547345|0.0469100443849998|0.07889031441547467
0.125|0.0546875|0.0078125|0.03125|0.11335987423832698|0.11335987423832698|0.07889031441547467|0.14782944036505694
0.171875|0.0546875|0.0078125|0.015625|0.16506422235419796|0.1664472198493349|0.14782944036505694|0.17953301569232885
0.078125|0.03125|0.015625|0.015625|0.0604108908547345|0.062177260917237624|0.0511766582012975|0.057921602633596976
0.171875|0.03125|0.015625|0.015625|0.1664472198493349|0.16523426412238465|0.16921321483960874|0.1759581646544585
0.078125|0.0078125|0.0078125|0.015625|0.062177260917237624|0.06430508958375673|0.05207080132413618|0.08079503804017259
0.125|0.0078125|0.0078125|0.03125|0.11377493495300431|0.11377493495300431|0.08079503804017259|0.1467548374935165
0.171875|0.0078125|0.0078125|0.015625|0.16523426412238465|0.1632447887637726|0.1467548374935165|0.17575579404906924
0.1953125|0.0546875|0.0078125|0.0078125|0.1898321727503861|0.18428848769397677|0.17953301569232885|0.1934159743438381
0.21875|0.0546875|0.0078125|0.015625|0.20738288453739062|0.20671310087099293|0.1934159743438381|0.2186706657721256
0.2421875|0.0546875|0.0078125|0.0078125|0.22426382086777316|0.22604349695582338|0.2186706657721256|0.2296198143202379
0.1953125|0.03125|0.015625|0.0078125|0.18428848769397677|0.18111774475677897|0.1759581646544585|0.17933063829570442
0.2421875|0.03125|0.015625|0.0078125|0.22604349695582338|0.22621430353415403|0.22883159340417847|0.23153429114481153
0.1953125|0.0078125|0.0078125|0.0078125|0.18111774475677897|0.18201129669171756|0.17575579404906924|0.18916035559888175
0.21875|0.0078125|0.0078125|0.015625|0.2034584734132101|0.2034584734132101|0.18916035559888175|0.21775659785387838
0.2421875|0.0078125|0.0078125|0.0078125|0.22621430353415403|0.2249056585991418|0.21775659785387838|0.23074608042936529
0.265625|0.2421875|0.0078125|0.015625|0.21308335427805666|0.2127513428368879|0.19559799665974786|0.23123274379544734
0.3125|0.2421875|0.0078125|0.03125|0.2675315210256464|0.2675315210256464|0.23123274379544734|0.3038303082057055
0.359375|0.2421875|0.0078125|0.015625|0.3219797017957351|0.32328464825336134|0.3038303082057055|0.33751920890010245
0.265625|0.21875|0.015625|0.015625|0.2127513428368879|0.218509270486373|0.20500134384266713|0.21208731723653687
0.359375|0.21875|0.015625|0.015625|0.32328464825336134|0.31745018830756405|0.3258945411686139|0.3369487912761369
0.265625|0.1953125|0.0078125|0.015625|0.218509270486373|0.22304867406085224|0.21086170954380726|0.23634389066035508
0.3125|0.1953125|0.0078125|0.03125|0.26559117587130254|0.2649635270554748|0.23634389066035508|0.2973490665417936
0.359375|0.1953125|0.0078125|0.015625|0.31745018830756405|0.3081336899911461|0.2973490665417936|0.33085125458326964
0.40625|0.2421875|0.0078125|0.03125|0.36859822310883705|0.3654179125696191|0.33751920890010245|0.41239849051004857
0.5|0.2421875|0.0078125|0.0625|0.4999990241774463|0.4999990241774463|0.41239849051004857|0.5875995805214383
0.59375|0.2421875|0.0078125|0.03125|0.631399856996579|0.634580168733005|0.5875995805214383|0.6624789034694047
0.40625|0.21875|0.015625|0.03125|0.3654179125696191|0.3637509238275482|0.3369487912761369|0.35905729149118315
0.59375|0.21875|0.015625|0.03125|0.634580168733005|0.6362471561137407|0.6409407899471716|0.6630493090769064
0.40625|0.1953125|0.0078125|0.03125|0.3637509238275482|0.3660977399957307|0.33085125458326964|0.41073150113455464
0.5|0.1953125|0.0078125|0.0625|0.4999990234122026|0.4999990234122026|0.41073150113455464|0.5892665661385389
0.59375|0.1953125|0.0078125|0.03125|0.6362471561137407|0.6339003375017069|0.5892665661385389|0.6691468513637476
0.640625|0.2421875|0.0078125|0.015625|0.6780184267058176|0.676713474017803|0.6624789034694047|0.6961678619448889
0.6875|0.2421875|0.0078125|0.03125|0.7324667313878545|0.7324667313878545|0.6961678619448889|0.768765613240623
0.734375|0.2421875|0.0078125|0.015625|0.7869150527032992|0.7872470595999331|0.768765613240623|0.8044004878271248
0.640625|0.21875|0.015625|0.015625|0.676713474017803|0.6825479272923635|0.6630493090769064|0.6741035686417739
0.734375|0.21875|0.015625|0.015625|0.7872470595999331|0.7814890847185095|0.7879110705428047|0.7949970740124916
0.640625|0.1953125|0.0078125|0.015625|0.6825479272923635|0.6918644306511177|0.6691468513637476|0.7026490835618816
0.6875|0.1953125|0.0078125|0.03125|0.7344070352269174|0.7350346832751654|0.7026490835618816|0.7636544063139258
0.734375|0.1953125|0.0078125|0.015625|0.7814890847185095|0.7769496545853417|0.7636544063139258|0.7891366689624159
0.265625|0.171875|0.015625|0.015625|0.22304867406085224|0.22607720294906342|0.21532314390048932|0.2383730957553258
0.3125|0.171875|0.015625|0.03125|0.2649635270554748|0.26370822942381933|0.2383730957553258|0.2865327739541798
0.359375|0.171875|0.015625|0.015625|0.3081336899911461|0.2991686790073923|0.2865327739541798|0.29794504621936
0.265625|0.125|0.03125|0.015625|0.22607720294906342|0.23423611133807287|0.2234844531681819|0.2268205529272409
0.359375|0.125|0.03125|0.015625|0.2991686790073923|0.30406321679269144|0.30161594347665305|0.30161594347665305
0.265625|0.078125|0.015625|0.015625|0.23423611133807287|0.23902165865793037|0.22830967377987513|0.25020811743287524
0.3125|0.078125|0.015625|0.03125|0.27473657425111714|0.27681737970704984|0.25020811743287524|0.29510342668191153
0.359375|0.078125|0.015625|0.015625|0.30406321679269144|0.3166939197210454|0.29510342668191153|0.3052868528973087
0.640625|0.171875|0.015625|0.015625|0.6918644306511177|0.7008294258202706|0.7020530753830164|0.7134653774536378
0.6875|0.171875|0.015625|0.03125|0.7350346832751654|0.7362899783084292|0.7134653774536378|0.7616251798544647
0.734375|0.171875|0.015625|0.015625|0.7769496545853417|0.7739210893588776|0.7616251798544647|0.784675202585107
0.640625|0.125|0.03125|0.015625|0.7008294258202706|0.6959348299782423|0.6983821244715599|0.6983821244715599
0.734375|0.125|0.03125|0.015625|0.7739210893588776|0.76576211180878|0.7731777078849001|0.7765138198470316
0.640625|0.078125|0.015625|0.015625|0.6959348299782423|0.6833040930257138|0.6947111827315834|0.7048946298412174
0.6875|0.078125|0.015625|0.03125|0.7252615240604857|0.723180711846687|0.7048946298412174|0.7497900494759061
0.734375|0.078125|0.015625|0.015625|0.76576211180878|0.7609765335336922|0.7497900494759061|0.7716885613806171
0.265625|0.0546875|0.0078125|0.015625|0.23902165865793037|0.23868692350199958|0.2296198143202379|0.25232629048464017
0.3125|0.0546875|0.0078125|0.03125|0.27681737970704984|0.27785778134011974|0.25232629048464017|0.3075508962336145
0.359375|0.0546875|0.0078125|0.015625|0.3166939197210454|0.3270075793604023|0.3075508962336145|0.33943083128657503
0.265625|0.03125|0.015625|0.015625|0.23868692350199958|0.24059784222203828|0.23153429114481153|0.23693968355596173
0.359375|0.03125|0.015625|0.015625|0.3270075793604023|0.3350499252562938|0.33622783064881456|0.34662599549030165
0.265625|0.0078125|0.0078125|0.015625|0.24059784222203828|0.2424269210379264|0.23074608042936529|0.2577659276150643
0.3125|0.0078125|0.0078125|0.03125|0.2884439375711014|0.2884439375711014|0.2577659276150643|0.31912196087945555
0.359375|0.0078125|0.0078125|0.015625|0.3350499252562938|0.334460970810728|0.31912196087945555|0.34862208350299984
0.40625|0.0546875|0.0078125|0.03125|0.3734975875938978|0.3714725001331795|0.33943083128657503|0.415664710346501
0.5|0.0546875|0.0078125|0.0625|0.49999895585170745|0.49999895585170745|0.415664710346501|0.5843332232666357
0.59375|0.0546875|0.0078125|0.03125|0.6265003557626059|0.628525443483773|0.5843332232666357|0.6605671507027213
0.40625|0.03125|0.015625|0.03125|0.3714725001331795|0.3737703115881407|0.34662599549030165|0.36742232165342664
0.59375|0.03125|0.015625|0.03125|0.628525443483773|0.6262276245615427|0.6325756189261075|0.6533719670277032
0.40625|0.0078125|0.0078125|0.03125|0.3737703115881407|0.37694430536259305|0.34862208350299984|0.4179625201892357
0.5|0.0078125|0.0078125|0.0625|0.4999989498425209|0.4999989498425209|0.4179625201892357|0.5820354015336805
0.59375|0.0078125|0.0078125|0.03125|0.6262276245615427|0.6230536273792604|0.5820354015336805|0.6513758778695066
0.640625|0.0546875|0.0078125|0.015625|0.6833040930257138|0.6729904126717746|0.6605671507027213|0.6924471340284485
0.6875|0.0546875|0.0078125|0.03125|0.723180711846687|0.7221403057397875|0.6924471340284485|0.7476718643624608
0.734375|0.0546875|0.0078125|0.015625|0.7609765335336922|0.7613112639299541|0.7476718643624608|0.7703784092181568
0.640625|0.03125|0.015625|0.015625|0.6729904126717746|0.664948048894021|0.6533719670277032|0.6637701404715508
0.734375|0.03125|0.015625|0.015625|0.7613112639299541|0.7594003363983077|0.7630585033639259|0.7684639162234134
0.640625|0.0078125|0.0078125|0.015625|0.664948048894021|0.6655370013083692|0.6513758778695066|0.6808760415451823
0.6875|0.0078125|0.0078125|0.03125|0.7115541184711442|0.7115541184711442|0.6808760415451823|0.7422322081007139
0.734375|0.0078125|0.0078125|0.015625|0.7594003363983077|0.7575712529154986|0.7422322081007139|0.7692521372796356
0.7578125|0.2421875|0.0078125|0.0078125|0.819259134207384|0.8082754941359557|0.8044004878271248|0.8206377052498345
0.78125|0.2421875|0.0078125|0.015625|0.8376226268127507|0.8356267059175476|0.8206377052498345|0.8466238696221181
0.8046875|0.2421875|0.0078125|0.0078125|0.8539902038334427|0.8506398416628569|0.8466238696221181|0.8572358922962331
0.7578125|0.21875|0.015625|0.0078125|0.8082754941359557|0.795890663609407|0.7949970740124916|0.7985400743346792
0.8046875|0.21875|0.015625|0.0078125|0.8506398416628569|0.8382842469151165|0.8476746220397636|0.850887202089674
0.7578125|0.1953125|0.0078125|0.0078125|0.795890663609407|0.7929994429622985|0.7891366689624159|0.8002370584570723
0.78125|0.1953125|0.0078125|0.015625|0.8115792617175436|0.8099137680336398|0.8002370584570723|0.8262524604423697
0.8046875|0.1953125|0.0078125|0.0078125|0.8382842469151165|0.828493595254646|0.8262524604423697|0.8413259380913286
0.828125|0.2421875|0.0078125|0.015625|0.8691591704064786|0.8640793045905673|0.8572358922962331|0.8810638143389197
0.875|0.2421875|0.0078125|0.03125|0.908562459299333|0.9082658916799398|0.8810638143389197|0.9342817061973139
0.921875|0.2421875|0.0078125|0.015625|0.9473726201117906|0.9487386384854055|0.9342817061973139|0.9572334575998186
0.828125|0.21875|0.015625|0.015625|0.8640793045905673|0.8569705842012968|0.850887202089674|0.8573123621894949
0.921875|0.21875|0.015625|0.015625|0.9487386384854055|0.9489399639847385|0.9516366887624714|0.9572314654077717
0.828125|0.1953125|0.0078125|0.015625|0.8569705842012968|0.8567996948451397|0.8413259380913286|0.8719316786675314
0.875|0.1953125|0.0078125|0.03125|0.9021956443597018|0.9021956443597018|0.8719316786675314|0.9324596157636579
0.921875|0.1953125|0.0078125|0.015625|0.9489399639847385|0.9475916014656359|0.9324596157636579|0.9600268638083443
0.9453125|0.2421875|0.0078125|0.0078125|0.9623583111182157|0.9614798711767785|0.9572334575998186|0.967749880089507
0.96875|0.2421875|0.0078125|0.015625|0.978863566210255|0.9788388806857019|0.967749880089507|0.9898785111543223
0.9921875|0.2421875|0.0078125|0.0078125|0.9953441366507777|0.9963706578698278|0.9898785111543223|1.0
0.9453125|0.21875|0.015625|0.0078125|0.9614798711767785|0.9641726146356376|0.9572314654077717|0.9600288537304218
0.9921875|0.21875|0.015625|0.0078125|0.9963706578698278|0.9968906253133899|0.9983153207726879|1.0
0.9453125|0.1953125|0.0078125|0.0078125|0.9641726146356376|0.9691694993428532|0.9600268638083443|0.9716090028652804
0.96875|0.1953125|0.0078125|0.015625|0.9823380185396234|0.9830891071645848|0.9716090028652804|0.9915648579315577
0.9921875|0.1953125|0.0078125|0.0078125|0.9968906253133899|0.9962576271555186|0.9915648579315577|1.0
0.7578125|0.171875|0.015625|0.0078125|0.7929994429622985|0.785971567321574|0.784675202585107|0.7954385351705787
0.78125|0.171875|0.015625|0.015625|0.8099137680336398|0.8065827779328774|0.7954385351705787|0.814396037064955
0.8046875|0.171875|0.015625|0.0078125|0.828493595254646|0.8159250014745586|0.814396037064955|0.8183026661684959
0.7578125|0.125|0.03125|0.0078125|0.785971567321574|0.7770644153997429|0.7765138198470316|0.7781818742852029
0.8046875|0.125|0.03125|0.0078125|0.8159250014745586|0.8064143520408397|0.8111696720866837|0.8111696720866837
0.7578125|0.078125|0.015625|0.0078125|0.7770644153997429|0.7757344224426884|0.7716885613806171|0.78142907915245
0.78125|0.078125|0.015625|0.015625|0.7912758655661691|0.7926154410259904|0.78142907915245|0.7997830835349385
0.8046875|0.078125|0.015625|0.0078125|0.8064143520408397|0.8101662547314824|0.7997830835349385|0.8040366910550086
0.9453125|0.171875|0.015625|0.0078125|0.9691694993428532|0.974488333574822|0.9750195080691627|0.9782101000914505
0.96875|0.171875|0.015625|0.015625|0.9830891071645848|0.9845912841360261|0.9782101000914505|0.9924746455842269
0.9921875|0.171875|0.015625|0.0078125|0.9962576271555186|0.997291039644577|0.9924746455842269|1.0
0.9453125|0.125|0.03125|0.0078125|0.974488333574822|0.972363637070433|0.9734259845861404|0.9734259845861404
0.9921875|0.125|0.03125|0.0078125|0.997291039644577|0.9969517582940529|0.9990404663117731|1.0
0.9453125|0.078125|0.015625|0.0078125|0.972363637070433|0.9642523819585631|0.9718324631577749|0.9753569173416459
0.96875|0.078125|0.015625|0.015625|0.9824058257093875|0.9804536822028034|0.9753569173416459|0.9914068781255322
0.9921875|0.078125|0.015625|0.0078125|0.9969517582940529|0.9956789113012907|0.9914068781255322|1.0
0.7578125|0.0546875|0.0078125|0.0078125|0.7757344224426884|0.773954734311741|0.7703784092181568|0.7813276040783895
0.78125|0.0546875|0.0078125|0.015625|0.7926154410259904|0.7932852272580031|0.7813276040783895|0.8065824328594008
0.8046875|0.0546875|0.0078125|0.0078125|0.8101662547314824|0.8157099751889053|0.8065824328594008|0.8204654843250988
0.7578125|0.03125|0.015625|0.0078125|0.773954734311741|0.7737839270124649|0.7684639162234134|0.7711666210513424
0.8046875|0.03125|0.015625|0.0078125|0.8157099751889053|0.8188807386381476|0.8206678524898235|0.824040352564695
0.7578125|0.0078125|0.0078125|0.0078125|0.7737839270124649|0.7750925794617042|0.7692521372796356|0.7822416793136964
0.78125|0.0078125|0.0078125|0.015625|0.7965398759374985|0.7965398759374985|0.7822416793136964|0.8108380794872517
0.8046875|0.0078125|0.0078125|0.0078125|0.8188807386381476|0.8179871812621282|0.8108380794872517|0.8242427292902419
0.828125|0.0546875|0.0078125|0.015625|0.8349343799650226|0.8335513702812524|0.8204654843250988|0.8521693016219212
0.875|0.0546875|0.0078125|0.03125|0.8866391426813849|0.8866391426813849|0.8521693016219212|0.9211089903607371
0.921875|0.0546875|0.0078125|0.015625|0.9383439138706412|0.9395885680555301|0.9211089903607371|0.9530895323061092
0.828125|0.03125|0.015625|0.015625|0.8335513702812524|0.8347643333172904|0.824040352564695|0.830785350057159
0.921875|0.03125|0.015625|0.015625|0.9395885680555301|0.9378221816557281|0.942077875765764|0.9488228788327501
0.828125|0.0078125|0.0078125|0.015625|0.8347643333172904|0.8367538245190794|0.8242427292902419|0.8532439087458998
0.875|0.0078125|0.0078125|0.03125|0.8862240749535406|0.8862240749535406|0.8532439087458998|0.919204248248727
0.921875|0.0078125|0.0078125|0.015625|0.9378221816557281|0.9356943342563081|0.919204248248727|0.9479287289065867
0.9453125|0.0546875|0.0078125|0.0078125|0.9642523819585631|0.9577066876947192|0.9530895323061092|0.9668007643355389
0.96875|0.0546875|0.0078125|0.015625|0.9804536822028034|0.9794776102887023|0.9668007643355389|0.9902023133024606
0.9921875|0.0546875|0.0078125|0.0078125|0.9956789113012907|0.9963774347311176|0.9902023133024606|1.0
0.9453125|0.03125|0.015625|0.0078125|0.9577066876947192|0.9534290776613082|0.9488228788327501|0.9521953801065051
0.9921875|0.03125|0.015625|0.0078125|0.9963774347311176|0.9956344636094839|0.9980029745636863|1.0
0.9453125|0.0078125|0.0078125|0.0078125|0.9534290776613082|0.9540459260595251|0.9479287289065867|0.9607799730738176
0.96875|0.0078125|0.0078125|0.015625|0.9742480666037711|0.9742480666037711|0.9607799730738176|0.9877161609764523
0.9921875|0.0078125|0.0078125|0.0078125|0.9956344636094839|0.9944502081323827|0.9877161609764523|1.0
0.7578125|0.734375|0.015625|0.0078125|0.8192594840510624|0.8369741776107918|0.8314913166681505|0.8348658036929488
0.78125|0.734375|0.015625|0.015625|0.8376229460993213|0.8416147777425457|0.8348658036929488|0.8523555853001984
0.8046875|0.734375|0.015625|0.0078125|0.8539904958458573|0.8623181429569219|0.8523555853001984|0.8626680628517468
0.7578125|0.6875|0.03125|0.0078125|0.8369741776107918|0.8589056255590418|0.8479398990778495|0.8479398990778495
0.8046875|0.6875|0.03125|0.0078125|0.8623181429569219|0.8749841325601116|0.871502450727332|0.8729281086567559
0.7578125|0.640625|0.015625|0.0078125|0.8589056255590418|0.8657591974136984|0.8643884881572079|0.8664445669931826
0.78125|0.640625|0.015625|0.015625|0.8705567233772604|0.8705567162163218|0.8664445669931826|0.8746688898690492
0.8046875|0.640625|0.015625|0.0078125|0.8749841325601116|0.8753542408634166|0.8746688898690492|0.8803368434971649
0.828125|0.734375|0.015625|0.015625|0.8691594334615637|0.8736279483303785|0.8626680628517468|0.8847533997361724
0.875|0.734375|0.015625|0.03125|0.908562646220672|0.9091557776619014|0.8847533997361724|0.9347444203168175
0.921875|0.734375|0.015625|0.015625|0.9473727298922433|0.9504154024384412|0.9347444203168175|0.9576224147520787
0.828125|0.6875|0.03125|0.015625|0.8736279483303785|0.8836335312822614|0.8729281086567559|0.8757794234445196
0.921875|0.6875|0.03125|0.015625|0.9504154024384412|0.9550331510148974|0.956168723626992|0.9596131709648689
0.828125|0.640625|0.015625|0.015625|0.8836335312822614|0.8875605846828444|0.8803368434971649|0.8987113809916206
0.875|0.640625|0.015625|0.03125|0.9210129736091734|0.9210129736091734|0.8987113809916206|0.9433145676756246
0.921875|0.640625|0.015625|0.015625|0.9550331510148974|0.9544653647088501|0.9433145676756246|0.9650483759812968
0.9453125|0.734375|0.015625|0.0078125|0.9623583905533124|0.9622212990819227|0.9576224147520787|0.96808049464732
0.96875|0.734375|0.015625|0.015625|0.9788636109039509|0.978912981273702|0.96808049464732|0.9897948385803249
0.9921875|0.734375|0.015625|0.0078125|0.9953441465596402|0.9964807797579868|0.9897948385803249|1.0
0.9453125|0.6875|0.03125|0.0078125|0.9622212990819227|0.9673383859562824|0.9596131709648689|0.9613353946338072
0.9921875|0.6875|0.03125|0.0078125|0.9964807797579868|0.9973440491114105|0.9989708048066875|1.0
0.9453125|0.640625|0.015625|0.0078125|0.9673383859562824|0.9744650668307644|0.9650483759812968|0.9750695427060272
0.96875|0.640625|0.015625|0.015625|0.9845288648358017|0.9859869829515738|0.9750695427060272|0.9925300691368618
0.9921875|0.640625|0.015625|0.0078125|0.9973440491114105|0.9967798402612602|0.9925300691368618|1.0
0.7578125|0.59375|0.03125|0.0078125|0.8657591974136984|0.8685005899508353|0.8685006150600445|0.86918597736625
0.78125|0.59375|0.03125|0.015625|0.8705567162163218|0.8705567006017985|0.86918597736625|0.8719274180549993
0.8046875|0.59375|0.03125|0.0078125|0.8753542408634166|0.8726127520980067|0.8719274180549993|0.8726127763319085
0.7578125|0.5|0.0625|0.0078125|0.8685005899508353|0.868500499002276|0.8685005391704353|0.8685005391704353
0.8046875|0.5|0.0625|0.0078125|0.8726127520980067|0.8726126631824563|0.872612702730821|0.872612702730821
0.7578125|0.40625|0.03125|0.0078125|0.868500499002276|0.8657590271297765|0.8685004789181964|0.8691858384504285
0.78125|0.40625|0.03125|0.015625|0.8705565575148927|0.8705565516167172|0.8691858384504285|0.8719272814438136
0.8046875|0.40625|0.03125|0.0078125|0.8726126631824563|0.8753540777387312|0.8719272814438136|0.872612643408274
0.9453125|0.59375|0.03125|0.0078125|0.9744650668307644|0.9827154329461226|0.9827154374357943|0.9847780313515688
0.96875|0.59375|0.03125|0.015625|0.9859869829515738|0.9889032191473236|0.9847780313515688|0.9944865252377014
0.9921875|0.59375|0.03125|0.0078125|0.9967798402612602|0.9980558415153326|0.9944865252377014|1.0
0.9453125|0.5|0.0625|0.0078125|0.9827154329461226|0.9827154163269238|0.9827154239667792|0.9827154239667792
0.9921875|0.5|0.0625|0.0078125|0.9980558415153326|0.9980558386846718|0.9996111680160116|1.0
0.9453125|0.40625|0.03125|0.0078125|0.9827154163269238|0.974465023480291|0.982715412417232|0.9847780090328336
0.96875|0.40625|0.03125|0.015625|0.9889032020261759|0.9859869592179047|0.9847780090328336|0.994486516706953
0.9921875|0.40625|0.03125|0.0078125|0.9980558386846718|0.9967798348126379|0.994486516706953|1.0
0.7578125|0.359375|0.015625|0.0078125|0.8657590271297765|0.8589054156020759|0.8643883012355665|0.8664443841657894
0.78125|0.359375|0.015625|0.015625|0.8705565516167172|0.8705565486676294|0.8664443841657894|0.874668712825183
0.8046875|0.359375|0.015625|0.0078125|0.8753540777387312|0.8749839383165324|0.874668712825183|0.8803366657359701
0.7578125|0.3125|0.03125|0.0078125|0.8589054156020759|0.8369738771060481|0.8479396422202153|0.8479396422202153
0.8046875|0.3125|0.03125|0.0078125|0.8749839383165324|0.8623178817410087|0.8715022251416776|0.8729278849956411
0.7578125|0.265625|0.015625|0.0078125|0.8369738771060481|0.819259134207384|0.8314909945489645|0.834865485900362
0.78125|0.265625|0.015625|0.015625|0.841614468603157|0.8376226268127507|0.834865485900362|0.8523552962281684
0.8046875|0.265625|0.015625|0.0078125|0.8623178817410087|0.8539902038334427|0.8523552962281684|0.8626677939602173
0.828125|0.359375|0.015625|0.015625|0.8875604073999905|0.8836333397806374|0.8803366657359701|0.898711219591207
0.875|0.359375|0.015625|0.03125|0.92101284397364|0.92101284397364|0.898711219591207|0.9433144711271585
0.921875|0.359375|0.015625|0.015625|0.9544652842557247|0.9550330691901162|0.9433144711271585|0.9650483139574305
0.828125|0.3125|0.03125|0.015625|0.8836333397806374|0.8736277082490987|0.8729278849956411|0.8757792033869195
0.921875|0.3125|0.03125|0.015625|0.9550330691901162|0.9504153019394432|0.9561686383387163|0.959613092291033
0.828125|0.265625|0.015625|0.015625|0.8736277082490987|0.8691591704064786|0.8626677939602173|0.8847531714344509
0.875|0.265625|0.015625|0.03125|0.9091555931069685|0.908562459299333|0.8847531714344509|0.9347442867835788
0.921875|0.265625|0.015625|0.015625|0.9504153019394432|0.9473726201117906|0.9347442867835788|0.9576223272830598
0.9453125|0.359375|0.015625|0.0078125|0.974465023480291|0.9673383255886118|0.9650483139574305|0.9750694984767785
0.96875|0.359375|0.015625|0.015625|0.9859869592179047|0.9845288378137691|0.9750694984767785|0.992530056077836
0.9921875|0.359375|0.015625|0.0078125|0.9967798348126379|0.997344044402462|0.992530056077836|1.0
0.9453125|0.3125|0.03125|0.0078125|0.9673383255886118|0.9622212222309748|0.959613092291033|0.9613353191492686
0.9921875|0.3125|0.03125|0.0078125|0.997344044402462|0.9964807723792615|0.9989708027876475|1.0
0.9453125|0.265625|0.015625|0.0078125|0.9622212222309748|0.9623583111182157|0.9576223272830598|0.968080428190846
0.96875|0.265625|0.015625|0.015625|0.9789129369142172|0.978863566210255|0.968080428190846|0.989794817143658
0.9921875|0.265625|0.015625|0.0078125|0.9964807723792615|0.9953441366507777|0.989794817143658|1.0
0.7578125|0.9921875|0.0078125|0.0078125|0.7750930671654589|0.7737844162259822|0.7692526314642137|0.7822421558433129
0.78125|0.9921875|0.0078125|0.015625|0.796540333199021|0.796540333199021|0.7822421558433129|0.8108385132047978
0.8046875|0.9921875|0.0078125|0.0078125|0.8179876026644071|0.8188811587847309|0.8108385132047978|0.8242431384706178
0.7578125|0.96875|0.015625|0.0078125|0.7737844162259822|0.7739552221866867|0.7684644113491181|0.7711671143470286
0.8046875|0.96875|0.015625|0.0078125|0.8188811587847309|0.8157103989543333|0.8206682699691936|0.8240407628224844
0.7578125|0.9453125|0.0078125|0.0078125|0.7739552221866867|0.7757349051597672|0.770378898101486|0.7813280797923694
0.78125|0.9453125|0.0078125|0.015625|0.7932856875774889|0.792615900744548|0.7813280797923694|0.8065828713734517
0.8046875|0.9453125|0.0078125|0.0078125|0.8157103989543333|0.8101666861833549|0.8065828713734517|0.8204658973066197
0.828125|0.9921875|0.0078125|0.015625|0.8367542090564767|0.8347647223053141|0.8242431384706178|0.8532442563558807
0.875|0.9921875|0.0078125|0.03125|0.8862243503120532|0.8862243503120532|0.8532442563558807|0.9192044465571997
0.921875|0.9921875|0.0078125|0.015625|0.9356944946797728|0.9378223366532001|0.9192044465571997|0.9479288597641428
0.828125|0.96875|0.015625|0.015625|0.8347647223053141|0.8335517600116962|0.8240407628224844|0.8307857478271858
0.921875|0.96875|0.015625|0.015625|0.9378223366532001|0.9395887183364712|0.9420780206000547|0.9488230075280968
0.828125|0.9453125|0.0078125|0.015625|0.8335517600116962|0.8349347657780518|0.8204658973066197|0.8521696487456619
0.875|0.9453125|0.0078125|0.03125|0.886639414680882|0.886639414680882|0.8521696487456619|0.9211091829042447
0.921875|0.9453125|0.0078125|0.015625|0.9395887183364712|0.938344067015926|0.9211091829042447|0.953089649606279
0.9453125|0.9921875|0.0078125|0.0078125|0.9540460421431225|0.9534291950726134|0.9479288597641428|0.9607800720876195
0.96875|0.9921875|0.0078125|0.015625|0.974248131922149|0.974248131922149|0.9607800720876195|0.9877161921920591
0.9921875|0.9921875|0.0078125|0.0078125|0.9944502222997821|0.9956344747636182|0.9877161921920591|1.0
0.9453125|0.96875|0.015625|0.0078125|0.9534291950726134|0.9577067942020917|0.9488230075280968|0.9521955008307389
0.9921875|0.96875|0.015625|0.0078125|0.9956344747636182|0.9963774439330441|0.9980029796677594|1.0
0.9453125|0.9453125|0.0078125|0.0078125|0.9577067942020917|0.9642524719017348|0.953089649606279|0.9668008479746909
0.96875|0.9453125|0.0078125|0.015625|0.9794776622053312|0.9804537315347083|0.9668008479746909|0.9902023381122347
0.9921875|0.9453125|0.0078125|0.0078125|0.9963774439330441|0.9956789222557106|0.9902023381122347|1.0
0.7578125|0.921875|0.015625|0.0078125|0.7757349051597672|0.7770648881688551|0.7716890445436616|0.781429551885335
0.78125|0.921875|0.015625|0.015625|0.792615900744548|0.7912763270786665|0.781429551885335|0.7997835309808373
0.8046875|0.921875|0.015625|0.0078125|0.8101666861833549|0.806414785082075|0.7997835309808373|0.8040371323520207
0.7578125|0.875|0.03125|0.0078125|0.7770648881688551|0.7859720059681926|0.7765142828102062|0.7781823367300968
0.8046875|0.875|0.03125|0.0078125|0.806414785082075|0.8159253987011788|0.8111700897779113|0.8111700897779113
0.7578125|0.828125|0.015625|0.0078125|0.7859720059681926|0.7929998605358226|0.7846756351698062|0.7954389543499397
0.78125|0.828125|0.015625|0.015625|0.806583181077431|0.8099141621136058|0.7954389543499397|0.814396429137702
0.8046875|0.828125|0.015625|0.0078125|0.8159253987011788|0.8284939571912133|0.814396429137702|0.8183030529705602
0.9453125|0.921875|0.015625|0.0078125|0.9642524719017348|0.9723637057277279|0.9718325340305242|0.9753569794309273
0.96875|0.921875|0.015625|0.015625|0.9804537315347083|0.9824058701934626|0.9753569794309273|0.9914068998403612
0.9921875|0.921875|0.015625|0.0078125|0.9956789222557106|0.996951765969018|0.9914068998403612|1.0
0.9453125|0.875|0.03125|0.0078125|0.9723637057277279|0.9744883931401603|0.9734260490597082|0.9734260490597082
0.9921875|0.875|0.03125|0.0078125|0.996951765969018|0.9972910458598879|0.9990404686332883|1.0
0.9453125|0.828125|0.015625|0.0078125|0.9744883931401603|0.9691695681630561|0.9750195651491728|0.9782101498333624
0.96875|0.828125|0.015625|0.015625|0.9845913192017416|0.9830891452106191|0.9782101498333624|0.9924746627349519
0.9921875|0.828125|0.015625|0.0078125|0.9972910458598879|0.9962576356107542|0.9924746627349519|1.0
0.7578125|0.8046875|0.0078125|0.0078125|0.7929998605358226|0.7958910712473646|0.7891370878188225|0.8002374648925888
0.78125|0.8046875|0.0078125|0.015625|0.8099141621136058|0.8115796522416291|0.8002374648925888|0.8262528233729488
0.8046875|0.8046875|0.0078125|0.0078125|0.8284939571912133|0.8382845857230953|0.8262528233729488|0.8413262719971312
0.7578125|0.78125|0.015625|0.0078125|0.7958910712473646|0.8082758693327837|0.7949974759655504|0.7985404721032224
0.8046875|0.78125|0.015625|0.0078125|0.8382845857230953|0.8506401457383478|0.8476749382159502|0.850887511931301
0.7578125|0.7578125|0.0078125|0.0078125|0.8082758693327837|0.8192594840510624|0.804400863403309|0.8206380553801154
0.78125|0.7578125|0.0078125|0.015625|0.8356270302777092|0.8376229460993213|0.8206380553801154|0.8466241765514675
0.8046875|0.7578125|0.0078125|0.0078125|0.8506401457383478|0.8539904958458573|0.8466241765514675|0.8572361812682615
0.828125|0.8046875|0.0078125|0.015625|0.856799997062792|0.856970884495862|0.8413262719971312|0.8719319498594
0.875|0.8046875|0.0078125|0.03125|0.9021958545721371|0.9021958545721371|0.8719319498594|0.9324597620356666
0.921875|0.8046875|0.0078125|0.015625|0.947591715652714|0.948940074844194|0.9324597620356666|0.9600269516642365
0.828125|0.78125|0.015625|0.015625|0.856970884495862|0.8640795829911285|0.850887511931301|0.8573126593620023
0.921875|0.78125|0.015625|0.015625|0.948940074844194|0.948738746999453|0.9516367931039746|0.9572315581981251
0.828125|0.7578125|0.0078125|0.015625|0.8640795829911285|0.8691594334615637|0.8572361812682615|0.8810640568795499
0.875|0.7578125|0.0078125|0.03125|0.9082660801538835|0.908562646220672|0.8810640568795499|0.934281842682756
0.921875|0.7578125|0.0078125|0.015625|0.948738746999453|0.9473727298922433|0.934281842682756|0.9572335481457924
0.9453125|0.8046875|0.0078125|0.0078125|0.9691695681630561|0.9641726933412021|0.9600269516642365|0.9716090658516844
0.96875|0.8046875|0.0078125|0.015625|0.9830891452106191|0.9823380581703888|0.9716090658516844|0.9915648768550375
0.9921875|0.8046875|0.0078125|0.0078125|0.9962576356107542|0.9968906322730814|0.9915648768550375|1.0
0.9453125|0.78125|0.015625|0.0078125|0.9641726933412021|0.9614799537134221|0.9572315581981251|0.9600289406836108
0.9921875|0.78125|0.015625|0.0078125|0.9968906322730814|0.9963706656300144|0.9983153244691895|1.0
0.9453125|0.7578125|0.0078125|0.0078125|0.9614799537134221|0.9623583905533124|0.9572335481457924|0.9677499486910106
0.96875|0.7578125|0.0078125|0.015625|0.9788389256630281|0.9788636109039509|0.9677499486910106|0.9898785327133096
0.9921875|0.7578125|0.0078125|0.0078125|0.9963706656300144|0.9953441465596402|0.9898785327133096|1.0
0.265625|0.9921875|0.0078125|0.015625|0.24242742692439445|0.240598346606523|0.23074657390106515|0.2577664443473812
0.3125|0.9921875|0.0078125|0.03125|0.28844447803756734|0.28844447803756734|0.2577664443473812|0.31912251655568774
0.359375|0.9921875|0.0078125|0.015625|0.33446153519001903|0.3350504886919629|0.31912251655568774|0.34862265105242196
0.265625|0.96875|0.015625|0.015625|0.240598346606523|0.2386874234741104|0.23153478632306432|0.23694018484275536
0.359375|0.96875|0.015625|0.015625|0.3350504886919629|0.3270081359715225|0.3362283944242344|0.3466265611537143
0.265625|0.9453125|0.0078125|0.015625|0.2386874234741104|0.23902215594939144|0.2296203029413766|0.2523267983404404
0.3125|0.9453125|0.0078125|0.03125|0.27785830944174544|0.2768179058386467|0.2523267983404404|0.30755144096914716
0.359375|0.9453125|0.0078125|0.015625|0.3270081359715225|0.3166944689281778|0.30755144096914716|0.3394313909452231
0.40625|0.9921875|0.0078125|0.03125|0.3769448819303888|0.3737708861578173|0.34862265105242196|0.41796310024273325
0.5|0.9921875|0.0078125|0.0625|0.4999995368674221|0.4999995368674221|0.41796310024273325|0.5820359820844709
0.59375|0.9921875|0.0078125|0.03125|0.6230542040087307|0.626228200401925|0.5820359820844709|0.6513764453989864
0.40625|0.96875|0.015625|0.03125|0.3737708861578173|0.3714730715285605|0.3466265611537143|0.36742289461267424
0.59375|0.96875|0.015625|0.03125|0.626228200401925|0.6285260173048087|0.6325761931883135|0.6533725341938451
0.40625|0.9453125|0.0078125|0.03125|0.3714730715285605|0.3734981597701132|0.3394313909452231|0.41566528589154755
0.5|0.9453125|0.0078125|0.0625|0.4999995381344163|0.4999995381344163|0.41566528589154755|0.5843337989510732
0.59375|0.9453125|0.0078125|0.03125|0.6285260173048087|0.6265009286762249|0.5843337989510732|0.6605677112052858
0.640625|0.9921875|0.0078125|0.015625|0.6655375660941143|0.6649486122949465|0.6513764453989864|0.6808765971151703
0.6875|0.9921875|0.0078125|0.03125|0.7115546591572826|0.7115546591572826|0.6808765971151703|0.7422327260317173
0.734375|0.9921875|0.0078125|0.015625|0.7575717588287114|0.7594008410079307|0.7422327260317173|0.7692526314642137
0.640625|0.96875|0.015625|0.015625|0.6649486122949465|0.6729909694241792|0.6533725341938451|0.6637707046966109
0.734375|0.96875|0.015625|0.015625|0.7594008410079307|0.7613117628977365|0.7630590041072094|0.7684644113491181
0.640625|0.9453125|0.0078125|0.015625|0.6729909694241792|0.6833046428851769|0.6605677112052858|0.6924476789809247
0.6875|0.9453125|0.0078125|0.03125|0.7221408329268637|0.7231812382058572|0.6924476789809247|0.7476723723645332
0.734375|0.9453125|0.0078125|0.015625|0.7613117628977365|0.7609770300124922|0.7476723723645332|0.770378898101486
0.265625|0.921875|0.015625|0.015625|0.23902215594939144|0.23423659437211816|0.22831015658544182|0.25020862028641316
0.3125|0.921875|0.015625|0.03125|0.2768179058386467|0.2747370974332004|0.25020862028641316|0.29510396175670794
0.359375|0.921875|0.015625|0.015625|0.3166944689281778|0.3040637521297111|0.29510396175670794|0.3052873937189773
0.265625|0.875|0.03125|0.015625|0.23423659437211816|0.2260776551914663|0.22348491614832797|0.2268210197141561
0.359375|0.875|0.03125|0.015625|0.3040637521297111|0.29916918826654065|0.3016164689511788|0.3016164689511788
0.265625|0.828125|0.015625|0.015625|0.2260776551914663|0.22304911017416781|0.21532357711348973|0.23837354961982704
0.3125|0.828125|0.015625|0.03125|0.263708702976662|0.26496399992707714|0.23837354961982704|0.2865332664076032
0.359375|0.828125|0.015625|0.015625|0.29916918826654065|0.30813419075285126|0.2865332664076032|0.2979455479242216
0.640625|0.921875|0.015625|0.015625|0.6833046428851769|0.6959353658797459|0.6947117237229149|0.7048951651099022
0.6875|0.921875|0.015625|0.03125|0.7231812382058572|0.7252620474446716|0.7048951651099022|0.7497905526464916
0.734375|0.921875|0.015625|0.015625|0.7609770300124922|0.7657625950086743|0.7497905526464916|0.7716890445436616
0.640625|0.875|0.03125|0.015625|0.6959353658797459|0.700829935416378|0.6983826492921059|0.6983826492921059
0.734375|0.875|0.03125|0.015625|0.7657625950086743|0.7739215417718014|0.7731781749704251|0.7765142828102062
0.640625|0.828125|0.015625|0.015625|0.700829935416378|0.6918649315674047|0.702053578478514|0.713465870696285
0.6875|0.828125|0.015625|0.03125|0.7362904537947464|0.7350351565607186|0.713465870696285|0.76162563485913
0.734375|0.828125|0.015625|0.015625|0.7739215417718014|0.776950090155656|0.76162563485913|0.7846756351698062
0.265625|0.8046875|0.0078125|0.015625|0.22304911017416781|0.21850969582963997|0.21086212939337126|0.23634433570352006
0.3125|0.8046875|0.0078125|0.03125|0.26496399992707714|0.2655916478048003|0.23634433570352006|0.29734955779156064
0.359375|0.8046875|0.0078125|0.015625|0.30813419075285126|0.31745068935601983|0.29734955779156064|0.3308517587563617
0.265625|0.78125|0.015625|0.015625|0.21850969582963997|0.21275174846800446|0.20500174592438594|0.2120877293325323
0.359375|0.78125|0.015625|0.015625|0.31745068935601983|0.3232851451602116|0.32589504247362766|0.3369492958654033
0.265625|0.7578125|0.0078125|0.015625|0.21275174846800446|0.21308375747798877|0.19559837300308272|0.23123316332996482
0.3125|0.7578125|0.0078125|0.03125|0.2675319738905604|0.2675319738905604|0.23123316332996482|0.3038307888247951
0.359375|0.7578125|0.0078125|0.015625|0.3232851451602116|0.32198019629191243|0.3038307888247951|0.3375197085489994
0.40625|0.8046875|0.0078125|0.03125|0.366098251934753|0.3637514352240319|0.3308517587563617|0.41073201671232235
0.5|0.8046875|0.0078125|0.0625|0.4999995449539024|0.4999995449539024|0.41073201671232235|0.5892670817310018
0.59375|0.8046875|0.0078125|0.03125|0.6339008501195516|0.6362476670255569|0.5892670817310018|0.6691473554477504
0.40625|0.78125|0.015625|0.03125|0.3637514352240319|0.36541842307513117|0.3369492958654033|0.3590578018025899
0.59375|0.78125|0.015625|0.03125|0.6362476670255569|0.6345806791836939|0.6409413008375674|0.6630498145104684
0.40625|0.7578125|0.0078125|0.03125|0.36541842307513117|0.36859873306317337|0.3375197085489994|0.4123990035850141
0.5|0.7578125|0.0078125|0.0625|0.49999954462869556|0.49999954462869556|0.4123990035850141|0.5876000937807365
0.59375|0.7578125|0.0078125|0.03125|0.6345806791836939|0.6314003683567571|0.5876000937807365|0.6624794041918728
0.640625|0.8046875|0.0078125|0.015625|0.6918649315674047|0.6825484290386855|0.6691473554477504|0.7026495747224683
0.6875|0.8046875|0.0078125|0.03125|0.7350351565607186|0.7344075079437047|0.7026495747224683|0.7636548510793942
0.734375|0.8046875|0.0078125|0.015625|0.776950090155656|0.7814895093881665|0.7636548510793942|0.7891370878188225
0.640625|0.78125|0.015625|0.015625|0.6825484290386855|0.6767139714016426|0.6630498145104684|0.6741040708923569
0.734375|0.78125|0.015625|0.015625|0.7814895093881665|0.7872474649189899|0.7879114824539298|0.7949974759655504
0.640625|0.7578125|0.0078125|0.015625|0.6767139714016426|0.6780189216562854|0.6624794041918728|0.6961683432514804
0.6875|0.7578125|0.0078125|0.03125|0.7324671855355797|0.7324671855355797|0.6961683432514804|0.7687660321968135
0.734375|0.7578125|0.0078125|0.015625|0.7872474649189899|0.7869154555274304|0.7687660321968135|0.804400863403309
0.0078125|0.9921875|0.0078125|0.0078125|0.005549755180629457|0.0043655075098499585|0.0|0.012283758095566297
0.03125|0.9921875|0.0078125|0.015625|0.0257517638576332|0.0257517638576332|0.012283758095566297|0.039219769926366145
0.0546875|0.9921875|0.0078125|0.0078125|0.045953772960732615|0.04657061738141355|0.039219769926366145|0.05207093191083439
0.0078125|0.96875|0.015625|0.0078125|0.0043655075098499585|0.0036225411855833477|0.0|0.0019970121682909626
0.0546875|0.96875|0.015625|0.0078125|0.04657061738141355|0.04229303465405151|0.04780430622277543|0.05117678669108566
0.0078125|0.9453125|0.0078125|0.0078125|0.0036225411855833477|0.004321059925512315|0.0|0.009797621699017782
0.03125|0.9453125|0.0078125|0.015625|0.02052225367029494|0.01954618810782001|0.009797621699017782|0.03319901714932445
0.0546875|0.9453125|0.0078125|0.0078125|0.04229303465405151|0.035747382189520185|0.03319901714932445|0.046910161691869116
0.078125|0.9921875|0.0078125|0.015625|0.06430524969456486|0.06217741574992733|0.05207093191083439|0.08079523653172092
0.125|0.9921875|0.0078125|0.03125|0.11377520997308692|0.11377520997308692|0.08079523653172092|0.14675518542364233
0.171875|0.9921875|0.0078125|0.015625|0.16324517314892|0.16523465296439802|0.14675518542364233|0.17575620381567414
0.078125|0.96875|0.015625|0.015625|0.06217741574992733|0.0604110408641362|0.05117678669108566|0.05792174752211081
0.171875|0.96875|0.015625|0.015625|0.16523465296439802|0.16644760979561568|0.16921361202946203|0.17595857450168836
0.078125|0.9453125|0.0078125|0.015625|0.0604110408641362|0.06165568737039265|0.046910161691869116|0.0788905071804562
0.125|0.9453125|0.0078125|0.03125|0.11336014657666618|0.11336014657666618|0.0788905071804562|0.14782978797801707
0.171875|0.9453125|0.0078125|0.015625|0.16644760979561568|0.16506460867869252|0.14782978797801707|0.1795334291748519
0.1953125|0.9921875|0.0078125|0.0078125|0.18201171900757818|0.18111816458431929|0.17575620381567414|0.18916078986647097
0.21875|0.9921875|0.0078125|0.015625|0.20345893124617406|0.20345893124617406|0.18916078986647097|0.2177570753288244
0.2421875|0.9921875|0.0078125|0.0078125|0.22490614720110833|0.22621479382181184|0.2177570753288244|0.23074657390106515
0.1953125|0.96875|0.015625|0.0078125|0.18111816458431929|0.18428891121843347|0.17595857450168836|0.17933105542838734
0.2421875|0.96875|0.015625|0.0078125|0.22621479382181184|0.22604398399612732|0.22883208706321878|0.23153478632306432
0.1953125|0.9453125|0.0078125|0.0078125|0.18428891121843347|0.18983260425414952|0.1795334291748519|0.1934164127804543
0.21875|0.9453125|0.0078125|0.015625|0.20671356042386413|0.2073833444838975|0.1934164127804543|0.21867114202689142
0.2421875|0.9453125|0.0078125|0.0078125|0.22604398399612732|0.22426430344454562|0.21867114202689142|0.2296203029413766
0.0078125|0.921875|0.015625|0.0078125|0.004321059925512315|0.003048221299769836|0.0|0.00859306457188138
0.03125|0.921875|0.015625|0.015625|0.01954618810782001|0.017594056906271492|0.00859306457188138|0.024642918188211477
0.0546875|0.921875|0.015625|0.0078125|0.035747382189520185|0.02763617707166122|0.024642918188211477|0.028167348829181472
0.0078125|0.875|0.03125|0.0078125|0.003048221299769836|0.00270894155152657|0.0|0.0009595271366750176
0.0546875|0.875|0.03125|0.0078125|0.02763617707166122|0.025511490528978855|0.02657383350241484|0.02657383350241484
0.0078125|0.828125|0.015625|0.0078125|0.00270894155152657|0.003742346807386443|0.0|0.007525302118036401
0.03125|0.828125|0.015625|0.015625|0.015408608838158446|0.01691077559427458|0.007525302118036401|0.02178974897422672
0.0546875|0.828125|0.015625|0.0078125|0.025511490528978855|0.030830288016778274|0.02178974897422672|0.02498031904226086
0.1953125|0.921875|0.015625|0.0078125|0.18983260425414952|0.19358448286219712|0.19596213484494973|0.200215727656468
0.21875|0.921875|0.015625|0.015625|0.2073833444838975|0.20872291260396428|0.200215727656468|0.21856966707481895
0.2421875|0.921875|0.015625|0.0078125|0.22426430344454562|0.2229343176619688|0.21856966707481895|0.22831015658544182
0.1953125|0.875|0.03125|0.0078125|0.19358448286219712|0.18407387697444366|0.18882917788142634|0.18882917788142634
0.2421875|0.875|0.03125|0.0078125|0.2229343176619688|0.21402720765444191|0.22181686436541387|0.22348491614832797
0.1953125|0.828125|0.015625|0.0078125|0.18407387697444366|0.17150534774566262|0.1816962260137839|0.1856028410115773
0.21875|0.828125|0.015625|0.015625|0.19341607100716413|0.19008509746637148|0.1856028410115773|0.20456027629131737
0.2421875|0.828125|0.015625|0.0078125|0.21402720765444191|0.20699936280029196|0.20456027629131737|0.21532357711348973
0.0078125|0.8046875|0.0078125|0.0078125|0.003742346807386443|0.0031093530347797646|0.0|0.008435083545519112
0.03125|0.8046875|0.0078125|0.015625|0.01691077559427458|0.017661858916546817|0.008435083545519112|0.028390801321182546
0.0546875|0.8046875|0.0078125|0.0078125|0.030830288016778274|0.03582713812057612|0.028390801321182546|0.03997286285457018
0.0078125|0.78125|0.015625|0.0078125|0.0031093530347797646|0.0036293166728073195|0.0|0.0016846674194279253
0.0546875|0.78125|0.015625|0.0078125|0.03582713812057612|0.03851986140383662|0.0399708693536544|0.042768239309834734
0.0078125|0.7578125|0.0078125|0.0078125|0.0036293166728073195|0.004655830644992167|0.0|0.010121417922821242
0.03125|0.7578125|0.0078125|0.015625|0.021160971120543118|0.02113628585295653|0.010121417922821242|0.03224989534244172
0.0546875|0.7578125|0.0078125|0.0078125|0.03851986140383662|0.037641426769037215|0.03224989534244172|0.0427662464487579
0.078125|0.8046875|0.0078125|0.015625|0.05240804355563659|0.051059688793633894|0.03997286285457018|0.06753993482683461
0.125|0.8046875|0.0078125|0.03125|0.09780371694100977|0.09780371694100977|0.06753993482683461|0.1280675012120936
0.171875|0.8046875|0.0078125|0.015625|0.1431993933476355|0.1430285023064589|0.1280675012120936|0.158673070173436
0.078125|0.78125|0.015625|0.015625|0.051059688793633894|0.051261009455249223|0.042768239309834734|0.04836297893516783
0.171875|0.78125|0.015625|0.015625|0.1430285023064589|0.13591981247168922|0.14268671935721777|0.14911184475582545
0.078125|0.7578125|0.0078125|0.015625|0.051261009455249223|0.052627017880056776|0.0427662464487579|0.06571784771160309
0.125|0.7578125|0.0078125|0.03125|0.09173349337092586|0.09143692787468992|0.06571784771160309|0.11893540399824727
0.171875|0.7578125|0.0078125|0.015625|0.13591981247168922|0.13083997159018165|0.11893540399824727|0.14276318457199397
0.1953125|0.8046875|0.0078125|0.0078125|0.17150534774566262|0.16171474144700917|0.158673070173436|0.17374647568702417
0.21875|0.8046875|0.0078125|0.015625|0.19008509746637148|0.18841961017517428|0.17374647568702417|0.19976177320760782
0.2421875|0.8046875|0.0078125|0.0078125|0.20699936280029196|0.20410815462129006|0.19976177320760782|0.21086212939337126
0.1953125|0.78125|0.015625|0.0078125|0.16171474144700917|0.14935920071406208|0.14911184475582545|0.1523244074551293
0.2421875|0.78125|0.015625|0.0078125|0.20410815462129006|0.191723371496057|0.20145875366980773|0.20500174592438594
0.1953125|0.7578125|0.0078125|0.0078125|0.14935920071406208|0.14600885192053417|0.14276318457199397|0.15337515403565097
0.21875|0.7578125|0.0078125|0.015625|0.16437226679995673|0.16237635286077454|0.15337515403565097|0.1793612094437387
0.2421875|0.7578125|0.0078125|0.0078125|0.191723371496057|0.1807397701849267|0.1793612094437387|0.19559837300308272
0.0078125|0.734375|0.015625|0.0078125|0.004655830644992167|0.0035192028430510833|0.0|0.010205111297298378
0.03125|0.734375|0.015625|0.015625|0.02113628585295653|0.0210869152199302|0.010205111297298378|0.031919348706147516
0.0546875|0.734375|0.015625|0.0078125|0.037641426769037215|0.037778512226822984|0.031919348706147516|0.04237737840525315
0.0078125|0.6875|0.03125|0.0078125|0.0035192028430510833|0.0026559363257244034|0.0|0.0010291898571883167
0.0546875|0.6875|0.03125|0.0078125|0.037778512226822984|0.03266144004975712|0.0386644056859443|0.04038662084360118
0.0078125|0.640625|0.015625|0.0078125|0.0026559363257244034|0.003220141737675881|0.0|0.007469889700847088
0.03125|0.640625|0.015625|0.015625|0.015471049922280124|0.014012938913052992|0.007469889700847088|0.024930321443718966
0.0546875|0.640625|0.015625|0.0078125|0.03266144004975712|0.025534791829865386|0.024930321443718966|0.034951434402747665
0.078125|0.734375|0.015625|0.015625|0.052627017880056776|0.049584353281055475|0.04237737840525315|0.06525526830294041
0.125|0.734375|0.015625|0.03125|0.09143692787468992|0.09084379627432704|0.06525526830294041|0.11524606292352223
0.171875|0.734375|0.015625|0.015625|0.13083997159018165|0.12637144502212752|0.11524606292352223|0.1373313055908189
0.078125|0.6875|0.03125|0.015625|0.049584353281055475|0.04496660954958228|0.04038662084360118|0.043831050858411276
0.171875|0.6875|0.03125|0.015625|0.12637144502212752|0.11636584512559563|0.12421994333989465|0.1270712425285662
0.078125|0.640625|0.015625|0.015625|0.04496660954958228|0.04553438884092825|0.034951434402747665|0.05668512305043555
0.125|0.640625|0.015625|0.03125|0.07898659146945013|0.07898659146945013|0.05668512305043555|0.1012880611687808
0.171875|0.640625|0.015625|0.015625|0.11636584512559563|0.11243879601844613|0.1012880611687808|0.11966248298081233
0.1953125|0.734375|0.015625|0.0078125|0.14600885192053417|0.13768120445056564|0.1373313055908189|0.14764374851975923
0.21875|0.734375|0.015625|0.015625|0.16237635286077454|0.15838452465006486|0.14764374851975923|0.16513347423236877
0.2421875|0.734375|0.015625|0.0078125|0.1807397701849267|0.16302507954833456|0.16513347423236877|0.16850794902352073
0.1953125|0.6875|0.03125|0.0078125|0.13768120445056564|0.1250151816822976|0.1270712425285662|0.12849689212290197
0.2421875|0.6875|0.03125|0.0078125|0.16302507954833456|0.1410936057340892|0.1520593405979622|0.1520593405979622
0.1953125|0.640625|0.015625|0.0078125|0.1250151816822976|0.1246450276620386|0.11966248298081233|0.12533039277616875
0.21875|0.640625|0.015625|0.015625|0.12944252540451542|0.12944251797968906|0.12533039277616875|0.1335546673375837
0.2421875|0.640625|0.015625|0.0078125|0.1410936057340892|0.13424001436805674|0.1335546673375837|0.13561073811684976
0.0078125|0.59375|0.03125|0.0078125|0.003220141737675881|0.0019441470881794234|0.0|0.005513442981560761
0.03125|0.59375|0.03125|0.015625|0.014012938913052992|0.01109671677986236|0.005513442981560761|0.015221879685345828
0.0546875|0.59375|0.03125|0.0078125|0.025534791829865386|0.01728445666577466|0.015221879685345828|0.01728446107189946
0.0078125|0.5|0.0625|0.0078125|0.0019441470881794234|0.001944144261621512|0.0|0.00038882913133064665
0.0546875|0.5|0.0625|0.0078125|0.01728445666577466|0.017284440058035203|0.017284447685007528|0.017284447685007528
0.0078125|0.40625|0.03125|0.0078125|0.001944144261621512|0.003220136294656194|0.0|0.005513434459228406
0.03125|0.40625|0.03125|0.015625|0.011096699725657572|0.014012915269564401|0.005513434459228406|0.015221857382334008
0.0546875|0.40625|0.03125|0.0078125|0.017284440058035203|0.025534748507831093|0.015221857382334008|0.017284436210672226
0.1953125|0.59375|0.03125|0.0078125|0.1246450276620386|0.12738640572229112|0.127386429659997|0.12807178775142872
0.21875|0.59375|0.03125|0.015625|0.12944251797968906|0.12944250313003636|0.12807178775142872|0.13081321229032594
0.2421875|0.59375|0.03125|0.0078125|0.13424001436805674|0.1314985418398644|0.13081321229032594|0.13149856687047073
0.1953125|0.5|0.0625|0.0078125|0.12738640572229112|0.1273863172917735|0.12738635654605784|0.12738635654605784
0.2421875|0.5|0.0625|0.0078125|0.1314985418398644|0.13149845149075542|0.1314984917786517|0.1314984917786517
0.1953125|0.40625|0.03125|0.0078125|0.1273863172917735|0.12464486533464832|0.12738629683939254|0.12807165132741458
0.21875|0.40625|0.03125|0.015625|0.12944236030345865|0.12944235407905821|0.12807165132741458|0.1308130747540298
0.2421875|0.40625|0.03125|0.0078125|0.13149845149075542|0.13423984434045907|0.1308130747540298|0.13149843109106002
0.0078125|0.359375|0.015625|0.0078125|0.003220136294656194|0.0026559316346814756|0.0|0.00746987671135341
0.03125|0.359375|0.015625|0.015625|0.014012915269564401|0.015471022964479587|0.00746987671135341|0.024930277451446287
0.0546875|0.359375|0.015625|0.0078125|0.025534748507831093|0.03266137992739159|0.024930277451446287|0.034951372742856125
0.0078125|0.3125|0.03125|0.0078125|0.0026559316346814756|0.0035191954939648774|0.0|0.0010291878460896668
0.0546875|0.3125|0.03125|0.0078125|0.03266137992739159|0.03777843553256017|0.03866433046935371|0.04038654232655208
0.0078125|0.265625|0.015625|0.0078125|0.0035191954939648774|0.004655820793339465|0.0|0.01020508988297171
0.03125|0.265625|0.015625|0.015625|0.021086871013110162|0.021136241205135454|0.01020508988297171|0.03191928238047899
0.0546875|0.265625|0.015625|0.0078125|0.03777843553256017|0.03764134746276899|0.03191928238047899|0.04237729109489142
0.078125|0.359375|0.015625|0.015625|0.045534308690304365|0.04496652780718585|0.034951372742856125|0.05668502687430851
0.125|0.359375|0.015625|0.03125|0.07898646240821337|0.07898646240821337|0.05668502687430851|0.10128790100530793
0.171875|0.359375|0.015625|0.015625|0.11243861957507957|0.1163656543002235|0.10128790100530793|0.11966230605422536
0.078125|0.3125|0.03125|0.015625|0.04496652780718585|0.0495842532725899|0.04038654232655208|0.04383096604094883
0.171875|0.3125|0.03125|0.015625|0.1163656543002235|0.12637120482253744|0.12421972375051134|0.12707101972922635
0.078125|0.265625|0.015625|0.015625|0.0495842532725899|0.05262690815208008|0.04237729109489142|0.06525513505596649
0.125|0.265625|0.015625|0.03125|0.09084361213660917|0.09143674093802301|0.06525513505596649|0.11524583428457007
0.171875|0.265625|0.015625|0.015625|0.12637120482253744|0.13083970835954925|0.11524583428457007|0.13733103641975355
0.1953125|0.359375|0.015625|0.0078125|0.12464486533464832|0.12501498876872677|0.11966230605422536|0.1253302165181515
0.21875|0.359375|0.015625|0.015625|0.12944235407905821|0.1294423503620976|0.1253302165181515|0.13355448471974368
0.2421875|0.359375|0.015625|0.0078125|0.13423984434045907|0.1410933951113997|0.13355448471974368|0.1356105509651586
0.1953125|0.3125|0.03125|0.0078125|0.12501498876872677|0.13768094411927342|0.12707101972922635|0.12849666710294744
0.2421875|0.3125|0.03125|0.0078125|0.1410933951113997|0.16302477953761182|0.15205908340388194|0.15205908340388194
0.1953125|0.265625|0.015625|0.0078125|0.13768094411927342|0.1460085597724929|0.13733103641975355|0.14764345984508695
0.21875|0.265625|0.015625|0.015625|0.15838421563455074|0.16237603330245257|0.14764345984508695|0.1651331567115534
0.2421875|0.265625|0.015625|0.0078125|0.16302477953761182|0.18073942068298351|0.1651331567115534|0.1685076264752663
