100000runs
0.0078125|0.2421875|0.0078125|0.0078125|0.004655841708792269|0.0036293252594238636|0.0|0.010121441876640368
0.03125|0.2421875|0.0078125|0.015625|0.021136335950545853|0.021161021207492855|0.010121441876640368|0.03224997105223933
0.0546875|0.2421875|0.0078125|0.0078125|0.037641515449246425|0.03851995117386645|0.03224997105223933|0.04276634622309805
0.0078125|0.21875|0.015625|0.0078125|0.0036293252594238636|0.003109360163949495|0.0|0.0016846713558433396
0.0546875|0.21875|0.015625|0.0078125|0.03851995117386645|0.03582721994464583|0.039970961572374224|0.04276833758549229
0.0078125|0.1953125|0.0078125|0.0078125|0.003109360163949495|0.00374235534417458|0.0|0.008435102763886213
0.03125|0.1953125|0.0078125|0.015625|0.017661899155653492|0.016910814026494417|0.008435102763886213|0.028390865805738918
0.0546875|0.1953125|0.0078125|0.0078125|0.03582721994464583|0.03083035783797332|0.028390865805738918|0.039972952934768415
0.078125|0.2421875|0.0078125|0.015625|0.05262714036427418|0.051261127683955486|0.04276634622309805|0.06571799800085665
0.125|0.2421875|0.0078125|0.03125|0.09143713480629427|0.09173370056243191|0.06571799800085665|0.11893566614855765
0.171875|0.2421875|0.0078125|0.015625|0.1308402607605895|0.13592010647297867|0.11893566614855765|0.142763493034029
0.078125|0.21875|0.015625|0.015625|0.051261127683955486|0.05105980356573747|0.04276833758549229|0.048363089611728416
0.171875|0.21875|0.015625|0.015625|0.13592010647297867|0.14302880045498984|0.142687021535695|0.14911215767911648
0.078125|0.1953125|0.0078125|0.015625|0.05105980356573747|0.05240816054274199|0.039972952934768415|0.06754008210472456
0.125|0.1953125|0.0078125|0.03125|0.0978039252286897|0.0978039252286897|0.06754008210472456|0.12806776835265474
0.171875|0.1953125|0.0078125|0.015625|0.14302880045498984|0.14319968991463725|0.12806776835265474|0.15867339039591452
0.1953125|0.2421875|0.0078125|0.0078125|0.14600916904166283|0.14935951863709787|0.142763493034029|0.1533754796081431
0.21875|0.2421875|0.0078125|0.015625|0.1623766937850526|0.16437260866396283|0.1533754796081431|0.1793615674776029
0.2421875|0.2421875|0.0078125|0.0078125|0.1807401334073524|0.1917237415844608|0.1793615674776029|0.1955987450682756
0.1953125|0.21875|0.015625|0.0078125|0.14935951863709787|0.16171506900797783|0.14911215767911648|0.1523247257508272
0.2421875|0.21875|0.015625|0.0078125|0.1917237415844608|0.2041085318566892|0.20145913098453647|0.2050021252484979
0.1953125|0.1953125|0.0078125|0.0078125|0.16171506900797783|0.17150568621973517|0.15867339039591452|0.17374681692258495
0.21875|0.1953125|0.0078125|0.015625|0.18841996949464854|0.19008545818130793|0.17374681692258495|0.19976214469339323
0.2421875|0.1953125|0.0078125|0.0078125|0.2041085318566892|0.2069997414562211|0.19976214469339323|0.2108625111647586
0.0078125|0.171875|0.015625|0.0078125|0.00374235534417458|0.002708947660794686|0.0|0.007525319187071152
0.03125|0.171875|0.015625|0.015625|0.016910814026494417|0.015408643768176265|0.007525319187071152|0.021789798090963222
0.0546875|0.171875|0.015625|0.0078125|0.03083035783797332|0.02551154698952703|0.021789798090963222|0.0249803752523567
0.0078125|0.125|0.03125|0.0078125|0.002708947660794686|0.003048227475286523|0.0|0.0009595291893468681
0.0546875|0.125|0.03125|0.0078125|0.02551154698952703|0.02763623393820831|0.02657389046386769|0.02657389046386769
0.0078125|0.078125|0.015625|0.0078125|0.003048227475286523|0.004321068567032836|0.0|0.008593081833609371
0.03125|0.078125|0.015625|0.015625|0.017594092264315412|0.019546227087645973|0.008593081833609371|0.024642967871690884
0.0546875|0.078125|0.015625|0.0078125|0.02763623393820831|0.03574745301992437|0.024642967871690884|0.028167405675378617
0.1953125|0.171875|0.015625|0.0078125|0.17150568621973517|0.18407422977344487|0.1816965773860992|0.18560319677560835
0.21875|0.171875|0.015625|0.015625|0.19008545818130793|0.19341643555462665|0.18560319677560835|0.20456065170696366
0.2421875|0.171875|0.015625|0.0078125|0.2069997414562211|0.21402759120129136|0.20456065170696366|0.21532396131367648
0.1953125|0.125|0.03125|0.0078125|0.18407422977344487|0.19358483932282722|0.18882953454813617|0.18882953454813617
0.2421875|0.125|0.03125|0.0078125|0.21402759120129136|0.22293470519528755|0.22181725403760977|0.22348530695726987
0.1953125|0.078125|0.015625|0.0078125|0.19358483932282722|0.1898329498103983|0.19596249171017274|0.20021608885373263
0.21875|0.078125|0.015625|0.015625|0.20872328314085234|0.20738371233912264|0.20021608885373263|0.21857004822970172
0.2421875|0.078125|0.015625|0.0078125|0.22293470519528755|0.22426468946698194|0.21857004822970172|0.2283105467615427
0.0078125|0.0546875|0.0078125|0.0078125|0.004321068567032836|0.003622548404600339|0.0|0.009797641194051137
0.03125|0.0546875|0.0078125|0.015625|0.019546227087645973|0.020522294499311252|0.009797641194051137|0.033199082627901916
0.0546875|0.0546875|0.0078125|0.0078125|0.03574745301992437|0.04229311775431254|0.033199082627901916|0.04691025336665015
0.0078125|0.03125|0.015625|0.0078125|0.003622548404600339|0.0043655161192351025|0.0|0.0019970161309588604
0.0546875|0.03125|0.015625|0.0078125|0.04229311775431254|0.04657070846514188|0.04780439987854312|0.05117688664735901
0.0078125|0.0078125|0.0078125|0.0078125|0.0043655161192351025|0.005549766113373223|0.0|0.012283782220884566
0.03125|0.0078125|0.0078125|0.015625|0.02575181443590725|0.02575181443590725|0.012283782220884566|0.03921984665092992
0.0546875|0.0078125|0.0078125|0.0078125|0.04657070846514188|0.04595386275844125|0.03921984665092992|0.052071033159251934
0.078125|0.0546875|0.0078125|0.015625|0.061655806715555955|0.06041115787203424|0.04691025336665015|0.07889065775150518
0.125|0.0546875|0.0078125|0.03125|0.11336035982340364|0.11336035982340364|0.07889065775150518|0.14783006189530198
0.171875|0.0546875|0.0078125|0.015625|0.16506491293125114|0.16644791647280568|0.14783006189530198|0.1795337568840911
0.078125|0.03125|0.015625|0.015625|0.06041115787203424|0.06217753603557912|0.05117688664735901|0.05792186018499079
0.171875|0.03125|0.015625|0.015625|0.16644791647280568|0.1652349571013921|0.16921392355591477|0.17595889709354648
0.078125|0.0078125|0.0078125|0.015625|0.06217753603557912|0.06430537396087328|0.052071033159251934|0.08079539061308288
0.125|0.0078125|0.0078125|0.03125|0.11377542391750209|0.11377542391750209|0.08079539061308288|0.1467554572219212
0.171875|0.0078125|0.0078125|0.015625|0.1652349571013921|0.16324547387413077|0.1467554572219212|0.17575652407181752
0.1953125|0.0546875|0.0078125|0.0078125|0.1898329498103983|0.1842892471944615|0.1795337568840911|0.19341676155309329
0.21875|0.0546875|0.0078125|0.015625|0.20738371233912264|0.20671392693825777|0.19341676155309329|0.21867152152169242
0.2421875|0.0546875|0.0078125|0.0078125|0.22426468946698194|0.2260443714252031|0.21867152152169242|0.22962069283976136
0.1953125|0.03125|0.015625|0.0078125|0.1842892471944615|0.1811184940678947|0.17595889709354648|0.17933138386236233
0.2421875|0.03125|0.015625|0.0078125|0.2260443714252031|0.2262151791364748|0.22883247664878983|0.2315351780167407
0.1953125|0.0078125|0.0078125|0.0078125|0.1811184940678947|0.18201204917066088|0.17575652407181752|0.18916112937227036
0.21875|0.0078125|0.0078125|0.015625|0.2034592897754893|0.2034592897754893|0.18916112937227036|0.21775745017870796
0.2421875|0.0078125|0.0078125|0.0078125|0.2262151791364748|0.22490653038031727|0.21775745017870796|0.23074696182576904
0.265625|0.2421875|0.0078125|0.015625|0.21308414143598095|0.21275213221612754|0.1955987450682756|0.23123355624339306
0.3125|0.2421875|0.0078125|0.03125|0.2675323858582173|0.2675323858582173|0.23123355624339306|0.3038312154730412
0.359375|0.2421875|0.0078125|0.015625|0.32198063028045315|0.32328557986649614|0.3038312154730412|0.3375201459157789
0.265625|0.21875|0.015625|0.015625|0.21275213221612754|0.21851008386463666|0.2050021252484979|0.2120881137764207
0.359375|0.21875|0.015625|0.015625|0.32328557986649614|0.3174511229115255|0.325895479038582|0.3369497343377243
0.265625|0.1953125|0.0078125|0.015625|0.21851008386463666|0.22304950073075147|0.2108625111647586|0.23634473309693282
0.3125|0.1953125|0.0078125|0.03125|0.26559206147330927|0.26496441300495527|0.23634473309693282|0.29734998372310123
0.359375|0.1953125|0.0078125|0.015625|0.3174511229115255|0.30813462221586624|0.29734998372310123|0.33085219511009817
0.40625|0.2421875|0.0078125|0.03125|0.36859917718643037|0.36541886643628985|0.3375201459157789|0.41239945145764373
0.5|0.2421875|0.0078125|0.0625|0.5000000000000705|0.5000000000000705|0.41239945145764373|0.5876005485424957
0.59375|0.2421875|0.0078125|0.03125|0.6314008228137082|0.6345811335638487|0.5876005485424957|0.6624798540843578
0.40625|0.21875|0.015625|0.03125|0.36541886643628985|0.36375187873486964|0.3369497343377243|0.3590582449360087
0.59375|0.21875|0.015625|0.03125|0.6345811335638487|0.6362481212652688|0.6409417550641296|0.663050265662413
0.40625|0.1953125|0.0078125|0.03125|0.36375187873486964|0.3660986956343001|0.33085219511009817|0.4107324637562236
0.5|0.1953125|0.0078125|0.0625|0.5000000000000706|0.5000000000000706|0.4107324637562236|0.5892675362439158
0.59375|0.1953125|0.0078125|0.03125|0.6362481212652688|0.6339013043658384|0.5892675362439158|0.6691478048900384
0.640625|0.2421875|0.0078125|0.015625|0.6780193697196827|0.67671442013364|0.6624798540843578|0.6961687845270922
0.6875|0.2421875|0.0078125|0.03125|0.732467614141911|0.732467614141911|0.6961687845270922|0.7687664437567286
0.734375|0.2421875|0.0078125|0.015625|0.7869158585641375|0.7872478677839911|0.7687664437567286|0.8044012549318386
0.640625|0.21875|0.015625|0.015625|0.67671442013364|0.6825488770886107|0.663050265662413|0.6741045209615546
0.734375|0.21875|0.015625|0.015625|0.7872478677839911|0.7814899161354841|0.7879118862236982|0.7949978747516194
0.640625|0.1953125|0.0078125|0.015625|0.6825488770886107|0.6918653777842695|0.6691478048900384|0.7026500162770327
0.6875|0.1953125|0.0078125|0.03125|0.7344079385268208|0.7350355869951749|0.7026500162770327|0.7636552669031916
0.734375|0.1953125|0.0078125|0.015625|0.7814899161354841|0.7769504992693707|0.7636552669031916|0.7891374888353604
0.265625|0.171875|0.015625|0.015625|0.22304950073075147|0.22607804718204014|0.21532396131367648|0.23837394827259248
0.3125|0.171875|0.015625|0.03125|0.26496441300495527|0.26370911606824715|0.23837394827259248|0.28653368999048534
0.359375|0.171875|0.015625|0.015625|0.30813462221586624|0.29916961864846153|0.28653368999048534|0.2979459769516044
0.265625|0.125|0.03125|0.015625|0.22607804718204014|0.2342369900897802|0.22348530695726987|0.22682141279659007
0.359375|0.125|0.03125|0.015625|0.29916961864846153|0.3040641854358898|0.3016169020421758|0.3016169020421758
0.265625|0.078125|0.015625|0.015625|0.2342369900897802|0.23902255350710153|0.2283105467615427|0.25020902458707667
0.3125|0.078125|0.015625|0.03125|0.2747375162884793|0.2768183251910914|0.25020902458707667|0.2951043901846576
0.359375|0.078125|0.015625|0.015625|0.3040641854358898|0.3166949057776928|0.2951043901846576|0.30528782713274677
0.640625|0.171875|0.015625|0.015625|0.6918653777842695|0.700830381351675|0.702054023048531|0.7134663100096484
0.6875|0.171875|0.015625|0.03125|0.7350355869951749|0.736290883931883|0.7134663100096484|0.7616260517275331
0.734375|0.171875|0.015625|0.015625|0.7769504992693707|0.773921952818084|0.7616260517275331|0.7846760386864443
0.640625|0.125|0.03125|0.015625|0.700830381351675|0.6959358145642499|0.6983830979579627|0.6983830979579627
0.734375|0.125|0.03125|0.015625|0.773921952818084|0.7657630099103477|0.7731785872035356|0.7765146930428551
0.640625|0.078125|0.015625|0.015625|0.6959358145642499|0.6833050942224492|0.6947121728673935|0.7048956098154813
0.6875|0.078125|0.015625|0.03125|0.7252624837116567|0.7231816748090453|0.7048956098154813|0.7497909754130547
0.734375|0.078125|0.015625|0.015625|0.7657630099103477|0.7609774464930279|0.7497909754130547|0.7716894532385842
0.265625|0.0546875|0.0078125|0.015625|0.23902255350710153|0.23868782084585724|0.22962069283976136|0.2523272038091089
0.3125|0.0546875|0.0078125|0.03125|0.2768183251910914|0.27785872964239744|0.2523272038091089|0.30755187328090966
0.359375|0.0546875|0.0078125|0.015625|0.3166949057776928|0.3270085761530354|0.30755187328090966|0.3394318334586286
0.265625|0.03125|0.015625|0.015625|0.23868782084585724|0.24059874339532916|0.2315351780167407|0.23694058075264238
0.359375|0.03125|0.015625|0.015625|0.3270085761530354|0.3350509313650658|0.3362288382587746|0.34662700725822243
0.265625|0.0078125|0.0078125|0.015625|0.24059874339532916|0.24242782471667254|0.23074696182576904|0.2577668502502625
0.3125|0.0078125|0.0078125|0.03125|0.28844490131744244|0.28844490131744244|0.2577668502502625|0.31912295238462174
0.359375|0.0078125|0.0078125|0.015625|0.3350509313650658|0.33446197791821136|0.31912295238462174|0.3486230965580919
0.40625|0.0546875|0.0078125|0.03125|0.3734986101755543|0.3714735218694089|0.3394318334586286|0.4156657401170612
0.5|0.0546875|0.0078125|0.0625|0.500000000000075|0.500000000000075|0.4156657401170612|0.584334259883087
0.59375|0.0546875|0.0078125|0.03125|0.6265013898245929|0.6285264781307384|0.584334259883087|0.6605681665415157
0.40625|0.03125|0.015625|0.03125|0.3714735218694089|0.3737713376442748|0.34662700725822243|0.367423345257118
0.59375|0.03125|0.015625|0.03125|0.6285264781307384|0.6262286623558729|0.6325766547430293|0.6533729927419233
0.40625|0.0078125|0.0078125|0.03125|0.3737713376442748|0.3769453338378531|0.3486230965580919|0.4179635558919273
0.5|0.0078125|0.0078125|0.0625|0.5000000000000758|0.5000000000000758|0.4179635558919273|0.5820364441082218
0.59375|0.0078125|0.0078125|0.03125|0.6262286623558729|0.6230546661622947|0.5820364441082218|0.6513769034420539
0.640625|0.0546875|0.0078125|0.015625|0.6833050942224492|0.6729914238471082|0.6605681665415157|0.6924481267192313
0.6875|0.0546875|0.0078125|0.03125|0.7231816748090453|0.7221412703577395|0.6924481267192313|0.7476727961910233
0.734375|0.0546875|0.0078125|0.015625|0.7609774464930279|0.7613121791542725|0.7476727961910233|0.7703793071603661
0.640625|0.03125|0.015625|0.015625|0.6729914238471082|0.6649490686350791|0.6533729927419233|0.6637711617413702
0.734375|0.03125|0.015625|0.015625|0.7613121791542725|0.7594012566048015|0.7630594192474873|0.7684648219833877
0.640625|0.0078125|0.0078125|0.015625|0.6649490686350791|0.6655380220819335|0.6513769034420539|0.6808770476155214
0.6875|0.0078125|0.0078125|0.03125|0.711555098682697|0.711555098682697|0.6808770476155214|0.7422331497498713
0.734375|0.0078125|0.0078125|0.015625|0.7594012566048015|0.7575721752834585|0.7422331497498713|0.7692530381743591
0.7578125|0.2421875|0.0078125|0.0078125|0.8192598665927581|0.8082762584156526|0.8044012549318386|0.8206384325225065
0.78125|0.2421875|0.0078125|0.015625|0.837623306215051|0.8356273913361413|0.8206384325225065|0.8466245203919563
0.8046875|0.2421875|0.0078125|0.0078125|0.8539908309584336|0.8506404813629999|0.8466245203919563|0.8572365069660655
0.7578125|0.21875|0.015625|0.0078125|0.8082762584156526|0.7958914681434281|0.7949978747516194|0.79854086901558
0.8046875|0.21875|0.015625|0.0078125|0.8506404813629999|0.8382849309921244|0.8476752742492715|0.8508878423209806
0.7578125|0.1953125|0.0078125|0.0078125|0.7958914681434281|0.7930002585438972|0.7891374888353604|0.8002378553067228
0.78125|0.1953125|0.0078125|0.015625|0.8115800305054641|0.8099145418188054|0.8002378553067228|0.8262531830775219
0.8046875|0.1953125|0.0078125|0.0078125|0.8382849309921244|0.8284943137803711|0.8262531830775219|0.8413266096041859
0.828125|0.2421875|0.0078125|0.015625|0.8691597392394991|0.864079893527112|0.8572365069660655|0.8810643338515233
0.875|0.2421875|0.0078125|0.03125|0.9085628651937707|0.9082662994376332|0.8810643338515233|0.9342820019991921
0.921875|0.2421875|0.0078125|0.015625|0.9473728596357663|0.9487388723160842|0.9342820019991921|0.957233653776936
0.828125|0.21875|0.015625|0.015625|0.864079893527112|0.8569711995451037|0.8508878423209806|0.8573129784643988
0.921875|0.21875|0.015625|0.015625|0.9487388723160842|0.948940196434302|0.9516369103883093|0.9572316624145417
0.828125|0.1953125|0.0078125|0.015625|0.8569711995451037|0.8568003100854561|0.8413266096041859|0.8719322316474303
0.875|0.1953125|0.0078125|0.03125|0.9021960747713784|0.9021960747713784|0.8719322316474303|0.9324599178953251
0.921875|0.1953125|0.0078125|0.015625|0.948940196434302|0.9475918394572983|0.9324599178953251|0.9600270470652634
0.9453125|0.2421875|0.0078125|0.0078125|0.9623584845507843|0.9614800488261648|0.957233653776936|0.9677500289477873
0.96875|0.2421875|0.0078125|0.015625|0.9788636640494722|0.9788389787925252|0.9677500289477873|0.9898785581233684
0.9921875|0.2421875|0.0078125|0.0078125|0.9953441582912119|0.9963706747405795|0.9898785581233684|1.0
0.9453125|0.21875|0.015625|0.0078125|0.9614800488261648|0.9641727800553833|0.9572316624145417|0.960029038427658
0.9921875|0.21875|0.015625|0.0078125|0.9963706747405795|0.9968906398360532|0.9983153286441583|1.0
0.9453125|0.1953125|0.0078125|0.0078125|0.9641727800553833|0.9691696421620523|0.9600270470652634|0.9716091341942845
0.96875|0.1953125|0.0078125|0.015625|0.9823381008443616|0.9830891859735201|0.9716091341942845|0.991564897236121
0.9921875|0.1953125|0.0078125|0.0078125|0.9968906398360532|0.9962576446558287|0.991564897236121|1.0
0.7578125|0.171875|0.015625|0.0078125|0.7930002585438972|0.7859724087988299|0.7846760386864443|0.7954393482931542
0.78125|0.171875|0.015625|0.015625|0.8099145418188054|0.8065835644454878|0.7954393482931542|0.8143968032245037
0.8046875|0.171875|0.015625|0.0078125|0.8284943137803711|0.8159257702266672|0.8143968032245037|0.8183034226140116
0.7578125|0.125|0.03125|0.0078125|0.7859724087988299|0.7770652948048378|0.7765146930428551|0.7781827459625148
0.8046875|0.125|0.03125|0.0078125|0.8159257702266672|0.8064151606772891|0.8111704654519786|0.8111704654519786
0.7578125|0.078125|0.015625|0.0078125|0.7770652948048378|0.775735310533144|0.7716894532385842|0.7814299517704225
0.78125|0.078125|0.015625|0.015625|0.7912767168592689|0.7926162876609982|0.7814299517704225|0.7997839111463859
0.8046875|0.078125|0.015625|0.0078125|0.8064151606772891|0.8101670501897161|0.7997839111463859|0.8040375082899444
0.9453125|0.171875|0.015625|0.0078125|0.9691696421620523|0.9744884530104949|0.9750196247476647|0.9782102019090555
0.96875|0.171875|0.015625|0.015625|0.9830891859735201|0.984591356231837|0.9782102019090555|0.9924746808129354
0.9921875|0.171875|0.015625|0.0078125|0.9962576446558287|0.9972910523392078|0.9924746808129354|1.0
0.9453125|0.125|0.03125|0.0078125|0.9744884530104949|0.9723637660618145|0.9734261095361554|0.9734261095361554
0.9921875|0.125|0.03125|0.0078125|0.9972910523392078|0.9969517725247162|0.9990404708106541|1.0
0.9453125|0.078125|0.015625|0.0078125|0.9723637660618145|0.9642525469801031|0.9718325943246441|0.9753570321283291
0.96875|0.078125|0.015625|0.015625|0.982405907735699|0.9804537729123698|0.9753570321283291|0.9914069181663979
0.9921875|0.078125|0.015625|0.0078125|0.9969517725247162|0.9956789314329709|0.9914069181663979|1.0
0.7578125|0.0546875|0.0078125|0.0078125|0.775735310533144|0.7739556285749236|0.7703793071603661|0.7813284784784319
0.78125|0.0546875|0.0078125|0.015625|0.7926162876609982|0.7932860730618628|0.7813284784784319|0.8065832384470223
0.8046875|0.0546875|0.0078125|0.0078125|0.8101670501897161|0.8157107528056505|0.8065832384470223|0.8204662431160186
0.7578125|0.03125|0.015625|0.0078125|0.7739556285749236|0.7737848208636521|0.7684648219833877|0.7711675233513379
0.8046875|0.03125|0.015625|0.0078125|0.8157107528056505|0.818881505932216|0.8206686161377478|0.8240411029065621
0.7578125|0.0078125|0.0078125|0.0078125|0.7737848208636521|0.7750934696198092|0.7692530381743591|0.7822425498214161
0.78125|0.0078125|0.0078125|0.015625|0.7965407102246299|0.7965407102246299|0.7822425498214161|0.8108388706278434
0.8046875|0.0078125|0.0078125|0.0078125|0.818881505932216|0.8179879508294501|0.8108388706278434|0.8242434759282905
0.828125|0.0546875|0.0078125|0.015625|0.8349350870688518|0.833552083527298|0.8204662431160186|0.8521699381047915
0.875|0.0546875|0.0078125|0.03125|0.8866396401766707|0.8866396401766707|0.8521699381047915|0.921109342248549
0.921875|0.0546875|0.0078125|0.015625|0.9383441932844881|0.9395888421280092|0.921109342248549|0.9530897466333844
0.828125|0.03125|0.015625|0.015625|0.833552083527298|0.8347650428987109|0.8240411029065621|0.8307860764441903
0.921875|0.03125|0.015625|0.015625|0.9395888421280092|0.9378224639644656|0.9420781398150512|0.9488231133526788
0.828125|0.0078125|0.0078125|0.015625|0.8347650428987109|0.8367545261259711|0.8242434759282905|0.8532445427781717
0.875|0.0078125|0.0078125|0.03125|0.8862245760825728|0.8862245760825728|0.8532445427781717|0.9192046093869727
0.921875|0.0078125|0.0078125|0.015625|0.9378224639644656|0.9356946260391726|0.9192046093869727|0.9479289668407862
0.9453125|0.0546875|0.0078125|0.0078125|0.9642525469801031|0.9577068822457192|0.9530897466333844|0.9668009173721234
0.96875|0.0546875|0.0078125|0.015625|0.9804537729123698|0.979477705500705|0.9668009173721234|0.9902023588059569
0.9921875|0.0546875|0.0078125|0.0078125|0.9956789314329709|0.9963774515954027|0.9902023588059569|1.0
0.9453125|0.03125|0.015625|0.0078125|0.9577068822457192|0.9534292915348929|0.9488231133526788|0.9521956001214925
0.9921875|0.03125|0.015625|0.0078125|0.9963774515954027|0.9956344838807684|0.9980029838690427|1.0
0.9453125|0.0078125|0.0078125|0.0078125|0.9534292915348929|0.9540461372415929|0.9479289668407862|0.9607801533490995
0.96875|0.0078125|0.0078125|0.015625|0.9742481855641126|0.9742481855641126|0.9607801533490995|0.9877162177791251
0.9921875|0.0078125|0.0078125|0.0078125|0.9956344838807684|0.9944502338866312|0.9877162177791251|1.0
0.7578125|0.734375|0.015625|0.0078125|0.8192598665927607|0.8369745588837195|0.8314916935468987|0.8348661743555569
0.78125|0.734375|0.015625|0.015625|0.8376233062150537|0.841615135972873|0.8348661743555569|0.8523559273480084
0.8046875|0.734375|0.015625|0.0078125|0.8539908309584364|0.8623184781105261|0.8523559273480084|0.8626683872242382
0.7578125|0.6875|0.03125|0.0078125|0.8369745588837195|0.8589060202310018|0.8479402895573612|0.8479402895573612
0.8046875|0.6875|0.03125|0.0078125|0.8623184781105261|0.8749844844705849|0.871502788260426|0.8729284417453611
0.7578125|0.640625|0.015625|0.0078125|0.8589060202310018|0.8657596019020272|0.864388885567822|0.8664449600691292
0.78125|0.640625|0.015625|0.015625|0.8705571090717436|0.870557109071744|0.8664449600691292|0.8746692580743574
0.8046875|0.640625|0.015625|0.0078125|0.8749844844705849|0.8753546162414602|0.8746692580743574|0.8803371892966124
0.828125|0.734375|0.015625|0.015625|0.8691597392395017|0.8736282599727855|0.8626683872242382|0.8847536759697244
0.875|0.734375|0.015625|0.03125|0.908562865193773|0.909155996706048|0.8847536759697244|0.934744580466921
0.921875|0.734375|0.015625|0.015625|0.9473728596357681|0.9504155281032767|0.934744580466921|0.9576225211834641
0.828125|0.6875|0.03125|0.015625|0.8736282599727855|0.8836338513974161|0.8729284417453611|0.8757797487152311
0.921875|0.6875|0.03125|0.015625|0.9504155281032767|0.9550332741626634|0.9561688396151151|0.9596132780972599
0.828125|0.640625|0.015625|0.015625|0.8836338513974161|0.8875609027385085|0.8803371892966124|0.8987116675214968
0.875|0.640625|0.015625|0.03125|0.9210131970874732|0.9210131970874732|0.8987116675214968|0.9433147266534494
0.921875|0.640625|0.015625|0.015625|0.9550332741626634|0.9544654914364374|0.9433147266534494|0.9650484734931991
0.9453125|0.734375|0.015625|0.0078125|0.9623584845507853|0.9622213961804557|0.9576225211834641|0.9680805752554672
0.96875|0.734375|0.015625|0.015625|0.9788636640494728|0.9789130345633665|0.9680805752554672|0.9897948643851593
0.9921875|0.734375|0.015625|0.0078125|0.9953441582912119|0.9964807887148034|0.9897948643851593|1.0
0.9453125|0.6875|0.03125|0.0078125|0.9622213961804557|0.9673384754604974|0.9596132780972599|0.9613354973383323
0.9921875|0.6875|0.03125|0.0078125|0.9964807887148034|0.9973440565989892|0.998970807552299|1.0
0.9453125|0.640625|0.015625|0.0078125|0.9673384754604974|0.9744651395367733|0.9650484734931991|0.9750696125729051
0.96875|0.640625|0.015625|0.015625|0.9845289086755556|0.98598702314702|0.9750696125729051|0.9925300903067416
0.9921875|0.640625|0.015625|0.0078125|0.9973440565989892|0.9967798495215342|0.9925300903067416|1.0
0.7578125|0.59375|0.03125|0.0078125|0.8657596019020272|0.8685010345704379|0.8685010345704376|0.86918639273754
0.78125|0.59375|0.03125|0.015625|0.870557109071744|0.8705571090717448|0.86918639273754|0.8719278254059496
0.8046875|0.59375|0.03125|0.0078125|0.8753546162414602|0.8726131835730521|0.8719278254059496|0.8726131835730518
0.7578125|0.5|0.0625|0.0078125|0.8685010345704379|0.8685010345704374|0.8685010345704387|0.8685010345704387
0.8046875|0.5|0.0625|0.0078125|0.8726131835730521|0.8726131835730513|0.8726131835730525|0.8726131835730525
0.7578125|0.40625|0.03125|0.0078125|0.8685010345704374|0.8657596019020257|0.8685010345704367|0.869186392737539
0.78125|0.40625|0.03125|0.015625|0.8705571090717433|0.8705571090717421|0.869186392737539|0.8719278254059483
0.8046875|0.40625|0.03125|0.0078125|0.8726131835730513|0.8753546162414579|0.8719278254059483|0.8726131835730506
0.9453125|0.59375|0.03125|0.0078125|0.9744651395367733|0.9827154895671611|0.9827154895671601|0.9847780770747563
0.96875|0.59375|0.03125|0.015625|0.98598702314702|0.9889032520899487|0.9847780770747563|0.9944865415766054
0.9921875|0.59375|0.03125|0.0078125|0.9967798495215342|0.9980558473713813|0.9944865415766054|1.0
0.9453125|0.5|0.0625|0.0078125|0.9827154895671611|0.9827154895671609|0.982715489567163|0.982715489567163
0.9921875|0.5|0.0625|0.0078125|0.9980558473713813|0.9980558473713813|0.9996111694742764|1.0
0.9453125|0.40625|0.03125|0.0078125|0.9827154895671609|0.9744651395367733|0.9827154895671599|0.9847780770747562
0.96875|0.40625|0.03125|0.015625|0.9889032520899487|0.98598702314702|0.9847780770747562|0.9944865415766054
0.9921875|0.40625|0.03125|0.0078125|0.9980558473713813|0.9967798495215342|0.9944865415766054|1.0
0.7578125|0.359375|0.015625|0.0078125|0.8657596019020257|0.8589060202309998|0.8643888855678202|0.8664449600691273
0.78125|0.359375|0.015625|0.015625|0.8705571090717421|0.8705571090717416|0.8664449600691273|0.874669258074355
0.8046875|0.359375|0.015625|0.0078125|0.8753546162414579|0.8749844844705822|0.874669258074355|0.8803371892966099
0.7578125|0.3125|0.03125|0.0078125|0.8589060202309998|0.8369745588837171|0.8479402895573591|0.8479402895573591
0.8046875|0.3125|0.03125|0.0078125|0.8749844844705822|0.8623184781105233|0.8715027882604233|0.8729284417453583
0.7578125|0.265625|0.015625|0.0078125|0.8369745588837171|0.8192598665927581|0.831491693546896|0.8348661743555542
0.78125|0.265625|0.015625|0.015625|0.8416151359728703|0.837623306215051|0.8348661743555542|0.8523559273480057
0.8046875|0.265625|0.015625|0.0078125|0.8623184781105233|0.8539908309584336|0.8523559273480057|0.8626683872242354
0.828125|0.359375|0.015625|0.015625|0.8875609027385062|0.8836338513974136|0.8803371892966099|0.8987116675214949
0.875|0.359375|0.015625|0.03125|0.921013197087472|0.921013197087472|0.8987116675214949|0.9433147266534485
0.921875|0.359375|0.015625|0.015625|0.9544654914364367|0.9550332741626625|0.9433147266534485|0.9650484734931988
0.828125|0.3125|0.03125|0.015625|0.8836338513974136|0.8736282599727828|0.8729284417453583|0.8757797487152285
0.921875|0.3125|0.03125|0.015625|0.9550332741626625|0.9504155281032752|0.9561688396151139|0.9596132780972589
0.828125|0.265625|0.015625|0.015625|0.8736282599727828|0.8691597392394991|0.8626683872242354|0.8847536759697219
0.875|0.265625|0.015625|0.03125|0.9091559967060457|0.9085628651937707|0.8847536759697219|0.9347445804669192
0.921875|0.265625|0.015625|0.015625|0.9504155281032752|0.9473728596357663|0.9347445804669192|0.9576225211834629
0.9453125|0.359375|0.015625|0.0078125|0.9744651395367733|0.9673384754604971|0.9650484734931988|0.9750696125729051
0.96875|0.359375|0.015625|0.015625|0.98598702314702|0.9845289086755556|0.9750696125729051|0.9925300903067416
0.9921875|0.359375|0.015625|0.0078125|0.9967798495215342|0.9973440565989892|0.9925300903067416|1.0
0.9453125|0.3125|0.03125|0.0078125|0.9673384754604971|0.9622213961804548|0.9596132780972589|0.9613354973383315
0.9921875|0.3125|0.03125|0.0078125|0.9973440565989892|0.9964807887148034|0.998970807552299|1.0
0.9453125|0.265625|0.015625|0.0078125|0.9622213961804548|0.9623584845507843|0.9576225211834629|0.9680805752554663
0.96875|0.265625|0.015625|0.015625|0.978913034563366|0.9788636640494722|0.9680805752554663|0.9897948643851592
0.9921875|0.265625|0.015625|0.0078125|0.9964807887148034|0.9953441582912119|0.9897948643851592|1.0
0.7578125|0.9921875|0.0078125|0.0078125|0.7750934696198077|0.7737848208636507|0.7692530381743574|0.7822425498214147
0.78125|0.9921875|0.0078125|0.015625|0.7965407102246287|0.7965407102246287|0.7822425498214147|0.8108388706278422
0.8046875|0.9921875|0.0078125|0.0078125|0.8179879508294489|0.8188815059322149|0.8108388706278422|0.8242434759282892
0.7578125|0.96875|0.015625|0.0078125|0.7737848208636507|0.7739556285749226|0.7684648219833864|0.7711675233513365
0.8046875|0.96875|0.015625|0.0078125|0.8188815059322149|0.8157107528056494|0.8206686161377466|0.8240411029065607
0.7578125|0.9453125|0.0078125|0.0078125|0.7739556285749226|0.7757353105331433|0.7703793071603652|0.7813284784784309
0.78125|0.9453125|0.0078125|0.015625|0.7932860730618617|0.7926162876609973|0.7813284784784309|0.8065832384470211
0.8046875|0.9453125|0.0078125|0.0078125|0.8157107528056494|0.8101670501897152|0.8065832384470211|0.8204662431160173
0.828125|0.9921875|0.0078125|0.015625|0.8367545261259698|0.8347650428987095|0.8242434759282892|0.8532445427781706
0.875|0.9921875|0.0078125|0.03125|0.8862245760825722|0.8862245760825722|0.8532445427781706|0.9192046093869726
0.921875|0.9921875|0.0078125|0.015625|0.9356946260391726|0.9378224639644656|0.9192046093869726|0.9479289668407862
0.828125|0.96875|0.015625|0.015625|0.8347650428987095|0.8335520835272966|0.8240411029065607|0.830786076444189
0.921875|0.96875|0.015625|0.015625|0.9378224639644656|0.9395888421280092|0.9420781398150513|0.9488231133526791
0.828125|0.9453125|0.0078125|0.015625|0.8335520835272966|0.8349350870688504|0.8204662431160173|0.8521699381047904
0.875|0.9453125|0.0078125|0.03125|0.8866396401766702|0.8866396401766702|0.8521699381047904|0.9211093422485489
0.921875|0.9453125|0.0078125|0.015625|0.9395888421280092|0.9383441932844881|0.9211093422485489|0.9530897466333847
0.9453125|0.9921875|0.0078125|0.0078125|0.954046137241593|0.953429291534893|0.9479289668407862|0.9607801533490997
0.96875|0.9921875|0.0078125|0.015625|0.9742481855641127|0.9742481855641127|0.9607801533490997|0.9877162177791252
0.9921875|0.9921875|0.0078125|0.0078125|0.9944502338866313|0.9956344838807686|0.9877162177791252|1.0
0.9453125|0.96875|0.015625|0.0078125|0.953429291534893|0.9577068822457196|0.9488231133526791|0.952195600121493
0.9921875|0.96875|0.015625|0.0078125|0.9956344838807686|0.9963774515954027|0.9980029838690428|1.0
0.9453125|0.9453125|0.0078125|0.0078125|0.9577068822457196|0.9642525469801035|0.9530897466333847|0.9668009173721238
0.96875|0.9453125|0.0078125|0.015625|0.9794777055007055|0.98045377291237|0.9668009173721238|0.990202358805957
0.9921875|0.9453125|0.0078125|0.0078125|0.9963774515954027|0.9956789314329709|0.990202358805957|1.0
0.7578125|0.921875|0.015625|0.0078125|0.7757353105331433|0.7770652948048374|0.7716894532385834|0.7814299517704217
0.78125|0.921875|0.015625|0.015625|0.7926162876609973|0.7912767168592683|0.7814299517704217|0.7997839111463855
0.8046875|0.921875|0.015625|0.0078125|0.8101670501897152|0.8064151606772892|0.7997839111463855|0.804037508289944
0.7578125|0.875|0.03125|0.0078125|0.7770652948048374|0.7859724087988313|0.7765146930428554|0.7781827459625151
0.8046875|0.875|0.03125|0.0078125|0.8064151606772892|0.8159257702266691|0.8111704654519798|0.8111704654519798
0.7578125|0.828125|0.015625|0.0078125|0.7859724087988313|0.7930002585438997|0.7846760386864462|0.7954393482931564
0.78125|0.828125|0.015625|0.015625|0.8065835644454902|0.809914541818808|0.7954393482931564|0.8143968032245059
0.8046875|0.828125|0.015625|0.0078125|0.8159257702266691|0.8284943137803736|0.8143968032245059|0.8183034226140137
0.9453125|0.921875|0.015625|0.0078125|0.9642525469801035|0.9723637660618151|0.9718325943246446|0.9753570321283295
0.96875|0.921875|0.015625|0.015625|0.98045377291237|0.9824059077356991|0.9753570321283295|0.9914069181663979
0.9921875|0.921875|0.015625|0.0078125|0.9956789314329709|0.996951772524716|0.9914069181663979|1.0
0.9453125|0.875|0.03125|0.0078125|0.9723637660618151|0.9744884530104958|0.9734261095361563|0.9734261095361563
0.9921875|0.875|0.03125|0.0078125|0.996951772524716|0.9972910523392078|0.9990404708106538|1.0
0.9453125|0.828125|0.015625|0.0078125|0.9744884530104958|0.9691696421620531|0.9750196247476656|0.9782102019090564
0.96875|0.828125|0.015625|0.015625|0.9845913562318378|0.983089185973521|0.9782102019090564|0.9924746808129358
0.9921875|0.828125|0.015625|0.0078125|0.9972910523392078|0.996257644655829|0.9924746808129358|1.0
0.7578125|0.8046875|0.0078125|0.0078125|0.7930002585438997|0.7958914681434308|0.7891374888353629|0.8002378553067254
0.78125|0.8046875|0.0078125|0.015625|0.809914541818808|0.8115800305054667|0.8002378553067254|0.8262531830775246
0.8046875|0.8046875|0.0078125|0.0078125|0.8284943137803736|0.8382849309921271|0.8262531830775246|0.8413266096041884
0.7578125|0.78125|0.015625|0.0078125|0.7958914681434308|0.8082762584156553|0.7949978747516221|0.7985408690155826
0.8046875|0.78125|0.015625|0.0078125|0.8382849309921271|0.8506404813630025|0.8476752742492741|0.8508878423209832
0.7578125|0.7578125|0.0078125|0.0078125|0.8082762584156553|0.8192598665927607|0.8044012549318412|0.8206384325225091
0.78125|0.7578125|0.0078125|0.015625|0.8356273913361439|0.8376233062150537|0.8206384325225091|0.846624520391959
0.8046875|0.7578125|0.0078125|0.0078125|0.8506404813630025|0.8539908309584364|0.846624520391959|0.8572365069660681
0.828125|0.8046875|0.0078125|0.015625|0.856800310085458|0.8569711995451058|0.8413266096041884|0.8719322316474317
0.875|0.8046875|0.0078125|0.03125|0.9021960747713795|0.9021960747713795|0.8719322316474317|0.932459917895326
0.921875|0.8046875|0.0078125|0.015625|0.9475918394572993|0.9489401964343033|0.932459917895326|0.9600270470652643
0.828125|0.78125|0.015625|0.015625|0.8569711995451058|0.8640798935271148|0.8508878423209832|0.8573129784644014
0.921875|0.78125|0.015625|0.015625|0.9489401964343033|0.948738872316086|0.9516369103883109|0.9572316624145433
0.828125|0.7578125|0.0078125|0.015625|0.8640798935271148|0.8691597392395017|0.8572365069660681|0.8810643338515262
0.875|0.7578125|0.0078125|0.03125|0.9082662994376356|0.908562865193773|0.8810643338515262|0.9342820019991942
0.921875|0.7578125|0.0078125|0.015625|0.948738872316086|0.9473728596357681|0.9342820019991942|0.9572336537769374
0.9453125|0.8046875|0.0078125|0.0078125|0.9691696421620531|0.9641727800553843|0.9600270470652643|0.9716091341942854
0.96875|0.8046875|0.0078125|0.015625|0.983089185973521|0.9823381008443625|0.9716091341942854|0.9915648972361216
0.9921875|0.8046875|0.0078125|0.0078125|0.996257644655829|0.9968906398360535|0.9915648972361216|1.0
0.9453125|0.78125|0.015625|0.0078125|0.9641727800553843|0.9614800488261658|0.9572316624145433|0.9600290384276593
0.9921875|0.78125|0.015625|0.0078125|0.9968906398360535|0.9963706747405795|0.9983153286441584|1.0
0.9453125|0.7578125|0.0078125|0.0078125|0.9614800488261658|0.9623584845507853|0.9572336537769374|0.9677500289477882
0.96875|0.7578125|0.0078125|0.015625|0.9788389787925258|0.9788636640494728|0.9677500289477882|0.9898785581233686
0.9921875|0.7578125|0.0078125|0.0078125|0.9963706747405795|0.9953441582912119|0.9898785581233686|1.0
0.265625|0.9921875|0.0078125|0.015625|0.24242782471667176|0.24059874339532847|0.23074696182576837|0.25776685025026164
0.3125|0.9921875|0.0078125|0.03125|0.2884449013174414|0.2884449013174414|0.25776685025026164|0.31912295238462063
0.359375|0.9921875|0.0078125|0.015625|0.33446197791821025|0.33505093136506464|0.31912295238462063|0.34862309655809076
0.265625|0.96875|0.015625|0.015625|0.24059874339532847|0.2386878208458568|0.23153517801674017|0.23694058075264182
0.359375|0.96875|0.015625|0.015625|0.33505093136506464|0.32700857615303436|0.33622883825877337|0.34662700725822115
0.265625|0.9453125|0.0078125|0.015625|0.2386878208458568|0.2390225535071012|0.22962069283976097|0.25232720380910845
0.3125|0.9453125|0.0078125|0.03125|0.2778587296423969|0.2768183251910909|0.25232720380910845|0.3075518732809089
0.359375|0.9453125|0.0078125|0.015625|0.32700857615303436|0.31669490577769194|0.3075518732809089|0.33943183345862754
0.40625|0.9921875|0.0078125|0.03125|0.3769453338378518|0.37377133764427345|0.34862309655809076|0.41796355589192563
0.5|0.9921875|0.0078125|0.0625|0.5000000000000733|0.5000000000000733|0.41796355589192563|0.582036444108219
0.59375|0.9921875|0.0078125|0.03125|0.6230546661622919|0.62622866235587|0.582036444108219|0.6513769034420513
0.40625|0.96875|0.015625|0.03125|0.37377133764427345|0.3714735218694076|0.34662700725822115|0.3674233452571167
0.59375|0.96875|0.015625|0.03125|0.62622866235587|0.6285264781307357|0.6325766547430264|0.6533729927419207
0.40625|0.9453125|0.0078125|0.03125|0.3714735218694076|0.37349861017555297|0.33943183345862754|0.4156657401170594
0.5|0.9453125|0.0078125|0.0625|0.5000000000000724|0.5000000000000724|0.4156657401170594|0.5843342598830843
0.59375|0.9453125|0.0078125|0.03125|0.6285264781307357|0.6265013898245902|0.5843342598830843|0.6605681665415134
0.640625|0.9921875|0.0078125|0.015625|0.665538022081931|0.6649490686350766|0.6513769034420513|0.6808770476155188
0.6875|0.9921875|0.0078125|0.03125|0.7115550986826944|0.7115550986826944|0.6808770476155188|0.7422331497498694
0.734375|0.9921875|0.0078125|0.015625|0.7575721752834568|0.7594012566047997|0.7422331497498694|0.7692530381743574
0.640625|0.96875|0.015625|0.015625|0.6649490686350766|0.6729914238471059|0.6533729927419207|0.6637711617413679
0.734375|0.96875|0.015625|0.015625|0.7594012566047997|0.7613121791542715|0.763059419247486|0.7684648219833864
0.640625|0.9453125|0.0078125|0.015625|0.6729914238471059|0.6833050942224473|0.6605681665415134|0.6924481267192292
0.6875|0.9453125|0.0078125|0.03125|0.7221412703577377|0.7231816748090436|0.6924481267192292|0.7476727961910221
0.734375|0.9453125|0.0078125|0.015625|0.7613121791542715|0.7609774464930271|0.7476727961910221|0.7703793071603652
0.265625|0.921875|0.015625|0.015625|0.2390225535071012|0.23423699008978002|0.22831054676154247|0.2502090245870763
0.3125|0.921875|0.015625|0.03125|0.2768183251910909|0.2747375162884788|0.2502090245870763|0.295104390184657
0.359375|0.921875|0.015625|0.015625|0.31669490577769194|0.30406418543588926|0.295104390184657|0.3052878271327461
0.265625|0.875|0.03125|0.015625|0.23423699008978002|0.2260780471820403|0.2234853069572699|0.22682141279659004
0.359375|0.875|0.03125|0.015625|0.30406418543588926|0.2991696186484616|0.30161690204217556|0.30161690204217556
0.265625|0.828125|0.015625|0.015625|0.2260780471820403|0.2230495007307518|0.21532396131367681|0.23837394827259276
0.3125|0.828125|0.015625|0.03125|0.2637091160682474|0.2649644130049555|0.23837394827259276|0.2865336899904855
0.359375|0.828125|0.015625|0.015625|0.2991696186484616|0.30813462221586646|0.2865336899904855|0.2979459769516046
0.640625|0.921875|0.015625|0.015625|0.6833050942224473|0.6959358145642489|0.6947121728673922|0.7048956098154799
0.6875|0.921875|0.015625|0.03125|0.7231816748090436|0.7252624837116554|0.7048956098154799|0.7497909754130537
0.734375|0.921875|0.015625|0.015625|0.7609774464930271|0.7657630099103473|0.7497909754130537|0.7716894532385834
0.640625|0.875|0.03125|0.015625|0.6959358145642489|0.7008303813516754|0.6983830979579624|0.6983830979579624
0.734375|0.875|0.03125|0.015625|0.7657630099103473|0.773921952818085|0.7731785872035357|0.7765146930428554
0.640625|0.828125|0.015625|0.015625|0.7008303813516754|0.6918653777842705|0.7020540230485318|0.7134663100096493
0.6875|0.828125|0.015625|0.03125|0.7362908839318841|0.7350355869951762|0.7134663100096493|0.7616260517275344
0.734375|0.828125|0.015625|0.015625|0.773921952818085|0.7769504992693728|0.7616260517275344|0.7846760386864462
0.265625|0.8046875|0.0078125|0.015625|0.2230495007307518|0.21851008386463708|0.21086251116475893|0.23634473309693316
0.3125|0.8046875|0.0078125|0.03125|0.2649644130049555|0.2655920614733095|0.23634473309693316|0.29734998372310145
0.359375|0.8046875|0.0078125|0.015625|0.30813462221586646|0.3174511229115257|0.29734998372310145|0.33085219511009845
0.265625|0.78125|0.015625|0.015625|0.21851008386463708|0.21275213221612807|0.20500212524849834|0.21208811377642117
0.359375|0.78125|0.015625|0.015625|0.3174511229115257|0.3232855798664964|0.32589547903858224|0.3369497343377245
0.265625|0.7578125|0.0078125|0.015625|0.21275213221612807|0.2130841414359815|0.1955987450682761|0.2312335562433936
0.3125|0.7578125|0.0078125|0.03125|0.26753238585821776|0.26753238585821776|0.2312335562433936|0.3038312154730416
0.359375|0.7578125|0.0078125|0.015625|0.3232855798664964|0.3219806302804535|0.3038312154730416|0.3375201459157793
0.40625|0.8046875|0.0078125|0.03125|0.36609869563430053|0.3637518787348701|0.33085219511009845|0.4107324637562239
0.5|0.8046875|0.0078125|0.0625|0.5000000000000706|0.5000000000000706|0.4107324637562239|0.5892675362439164
0.59375|0.8046875|0.0078125|0.03125|0.6339013043658392|0.6362481212652698|0.5892675362439164|0.6691478048900397
0.40625|0.78125|0.015625|0.03125|0.3637518787348701|0.36541886643629024|0.3369497343377245|0.3590582449360091
0.59375|0.78125|0.015625|0.03125|0.6362481212652698|0.6345811335638499|0.6409417550641308|0.6630502656624143
0.40625|0.7578125|0.0078125|0.03125|0.36541886643629024|0.3685991771864308|0.3375201459157793|0.41239945145764434
0.5|0.7578125|0.0078125|0.0625|0.5000000000000715|0.5000000000000715|0.41239945145764434|0.5876005485424968
0.59375|0.7578125|0.0078125|0.03125|0.6345811335638499|0.6314008228137095|0.5876005485424968|0.6624798540843595
0.640625|0.8046875|0.0078125|0.015625|0.6918653777842705|0.682548877088612|0.6691478048900397|0.702650016277034
0.6875|0.8046875|0.0078125|0.03125|0.7350355869951762|0.7344079385268222|0.702650016277034|0.7636552669031936
0.734375|0.8046875|0.0078125|0.015625|0.7769504992693728|0.7814899161354866|0.7636552669031936|0.7891374888353629
0.640625|0.78125|0.015625|0.015625|0.682548877088612|0.6767144201336417|0.6630502656624143|0.674104520961556
0.734375|0.78125|0.015625|0.015625|0.7814899161354866|0.7872478677839938|0.7879118862237009|0.7949978747516221
0.640625|0.7578125|0.0078125|0.015625|0.6767144201336417|0.6780193697196845|0.6624798540843595|0.696168784527094
0.6875|0.7578125|0.0078125|0.03125|0.7324676141419129|0.7324676141419129|0.696168784527094|0.7687664437567311
0.734375|0.7578125|0.0078125|0.015625|0.7872478677839938|0.7869158585641401|0.7687664437567311|0.8044012549318412
0.0078125|0.9921875|0.0078125|0.0078125|0.0055497661133732095|0.004365516119235092|0.0|0.012283782220884535
0.03125|0.9921875|0.0078125|0.015625|0.025751814435907183|0.025751814435907183|0.012283782220884535|0.03921984665092981
0.0546875|0.9921875|0.0078125|0.0078125|0.04595386275844113|0.04657070846514177|0.03921984665092981|0.052071033159251795
0.0078125|0.96875|0.015625|0.0078125|0.004365516119235092|0.0036225484046003356|0.0|0.001997016130958857
0.0546875|0.96875|0.015625|0.0078125|0.04657070846514177|0.042293117754312486|0.047804399878543034|0.05117688664735892
0.0078125|0.9453125|0.0078125|0.0078125|0.0036225484046003356|0.004321068567032832|0.0|0.00979764119405113
0.03125|0.9453125|0.0078125|0.015625|0.020522294499311238|0.01954622708764596|0.00979764119405113|0.03319908262790188
0.0546875|0.9453125|0.0078125|0.0078125|0.042293117754312486|0.03574745301992434|0.03319908262790188|0.04691025336665009
0.078125|0.9921875|0.0078125|0.015625|0.06430537396087313|0.06217753603557898|0.052071033159251795|0.08079539061308272
0.125|0.9921875|0.0078125|0.03125|0.11377542391750188|0.11377542391750188|0.08079539061308272|0.1467554572219209
0.171875|0.9921875|0.0078125|0.015625|0.1632454738741304|0.16523495710139177|0.1467554572219209|0.17575652407181716
0.078125|0.96875|0.015625|0.015625|0.06217753603557898|0.06041115787203414|0.05117688664735892|0.05792186018499068
0.171875|0.96875|0.015625|0.015625|0.16523495710139177|0.1664479164728054|0.16921392355591447|0.17595889709354617
0.078125|0.9453125|0.0078125|0.015625|0.06041115787203414|0.06165580671555587|0.04691025336665009|0.07889065775150507
0.125|0.9453125|0.0078125|0.03125|0.11336035982340345|0.11336035982340345|0.07889065775150507|0.14783006189530176
0.171875|0.9453125|0.0078125|0.015625|0.1664479164728054|0.1650649129312509|0.14783006189530176|0.17953375688409087
0.1953125|0.9921875|0.0078125|0.0078125|0.1820120491706605|0.18111849406789435|0.17575652407181716|0.18916112937226992
0.21875|0.9921875|0.0078125|0.015625|0.20345928977548874|0.20345928977548874|0.18916112937226992|0.21775745017870737
0.2421875|0.9921875|0.0078125|0.0078125|0.22490653038031666|0.22621517913647424|0.21775745017870737|0.23074696182576837
0.1953125|0.96875|0.015625|0.0078125|0.18111849406789435|0.18428924719446124|0.17595889709354617|0.179331383862362
0.2421875|0.96875|0.015625|0.0078125|0.22621517913647424|0.2260443714252027|0.22883247664878933|0.23153517801674017
0.1953125|0.9453125|0.0078125|0.0078125|0.18428924719446124|0.18983294981039808|0.17953375688409087|0.19341676155309306
0.21875|0.9453125|0.0078125|0.015625|0.2067139269382575|0.20738371233912237|0.19341676155309306|0.21867152152169209
0.2421875|0.9453125|0.0078125|0.0078125|0.2260443714252027|0.22426468946698164|0.21867152152169209|0.22962069283976097
0.0078125|0.921875|0.015625|0.0078125|0.004321068567032832|0.0030482274752865212|0.0|0.008593081833609366
0.03125|0.921875|0.015625|0.015625|0.01954622708764596|0.0175940922643154|0.008593081833609366|0.02464296787169087
0.0546875|0.921875|0.015625|0.0078125|0.03574745301992434|0.027636233938208302|0.02464296787169087|0.028167405675378603
0.0078125|0.875|0.03125|0.0078125|0.0030482274752865212|0.0027089476607946874|0.0|0.0009595291893468681
0.0546875|0.875|0.03125|0.0078125|0.027636233938208302|0.025511546989527043|0.0265738904638677|0.0265738904638677
0.0078125|0.828125|0.015625|0.0078125|0.0027089476607946874|0.003742355344174582|0.0|0.007525319187071155
0.03125|0.828125|0.015625|0.015625|0.015408643768176272|0.016910814026494424|0.007525319187071155|0.021789798090963236
0.0546875|0.828125|0.015625|0.0078125|0.025511546989527043|0.03083035783797333|0.021789798090963236|0.024980375252356714
0.1953125|0.921875|0.015625|0.0078125|0.18983294981039808|0.19358483932282708|0.19596249171017252|0.2002160888537324
0.21875|0.921875|0.015625|0.015625|0.20738371233912237|0.2087232831408521|0.2002160888537324|0.2185700482297015
0.2421875|0.921875|0.015625|0.0078125|0.22426468946698164|0.22293470519528738|0.2185700482297015|0.22831054676154247
0.1953125|0.875|0.03125|0.0078125|0.19358483932282708|0.184074229773445|0.18882953454813617|0.18882953454813617
0.2421875|0.875|0.03125|0.0078125|0.22293470519528738|0.21402759120129158|0.22181725403760982|0.2234853069572699
0.1953125|0.828125|0.015625|0.0078125|0.184074229773445|0.1715056862197354|0.18169657738609946|0.18560319677560863
0.21875|0.828125|0.015625|0.015625|0.19341643555462698|0.19008545818130826|0.18560319677560863|0.204560651706964
0.2421875|0.828125|0.015625|0.0078125|0.21402759120129158|0.20699974145622144|0.204560651706964|0.21532396131367681
0.0078125|0.8046875|0.0078125|0.0078125|0.003742355344174582|0.003109360163949496|0.0|0.008435102763886216
0.03125|0.8046875|0.0078125|0.015625|0.016910814026494424|0.0176618991556535|0.008435102763886216|0.02839086580573892
0.0546875|0.8046875|0.0078125|0.0078125|0.03083035783797333|0.035827219944645834|0.02839086580573892|0.03997295293476843
0.0078125|0.78125|0.015625|0.0078125|0.003109360163949496|0.0036293252594238666|0.0|0.0016846713558433407
0.0546875|0.78125|0.015625|0.0078125|0.035827219944645834|0.038519951173866473|0.03997096157237424|0.04276833758549231
0.0078125|0.7578125|0.0078125|0.0078125|0.0036293252594238666|0.004655841708792273|0.0|0.010121441876640375
0.03125|0.7578125|0.0078125|0.015625|0.02116102120749287|0.02113633595054587|0.010121441876640375|0.032249971052239354
0.0546875|0.7578125|0.0078125|0.0078125|0.038519951173866473|0.03764151544924645|0.032249971052239354|0.042766346223098085
0.078125|0.8046875|0.0078125|0.015625|0.052408160542742006|0.05105980356573749|0.03997295293476843|0.06754008210472462
0.125|0.8046875|0.0078125|0.03125|0.09780392522868983|0.09780392522868983|0.06754008210472462|0.12806776835265496
0.171875|0.8046875|0.0078125|0.015625|0.1431996899146375|0.1430288004549901|0.12806776835265496|0.15867339039591474
0.078125|0.78125|0.015625|0.015625|0.05105980356573749|0.05126112768395552|0.04276833758549231|0.048363089611728444
0.171875|0.78125|0.015625|0.015625|0.1430288004549901|0.135920106472979|0.14268702153569532|0.14911215767911676
0.078125|0.7578125|0.0078125|0.015625|0.05126112768395552|0.05262714036427424|0.042766346223098085|0.06571799800085674
0.125|0.7578125|0.0078125|0.03125|0.09173370056243209|0.09143713480629445|0.06571799800085674|0.11893566614855793
0.171875|0.7578125|0.0078125|0.015625|0.135920106472979|0.13084026076058983|0.11893566614855793|0.14276349303402933
0.1953125|0.8046875|0.0078125|0.0078125|0.1715056862197354|0.16171506900797805|0.15867339039591474|0.1737468169225852
0.21875|0.8046875|0.0078125|0.015625|0.19008545818130826|0.18841996949464887|0.1737468169225852|0.19976214469339357
0.2421875|0.8046875|0.0078125|0.0078125|0.20699974145622144|0.20410853185668956|0.19976214469339357|0.21086251116475893
0.1953125|0.78125|0.015625|0.0078125|0.16171506900797805|0.14935951863709818|0.14911215767911676|0.15232472575082745
0.2421875|0.78125|0.015625|0.0078125|0.20410853185668956|0.19172374158446123|0.2014591309845369|0.20500212524849834
0.1953125|0.7578125|0.0078125|0.0078125|0.14935951863709818|0.14600916904166317|0.14276349303402933|0.15337547960814343
0.21875|0.7578125|0.0078125|0.015625|0.16437260866396317|0.16237669378505293|0.15337547960814343|0.17936156747760332
0.2421875|0.7578125|0.0078125|0.0078125|0.19172374158446123|0.18074013340735282|0.17936156747760332|0.1955987450682761
0.0078125|0.734375|0.015625|0.0078125|0.004655841708792273|0.0035192112851997626|0.0|0.010205135614849667
0.03125|0.734375|0.015625|0.015625|0.02113633595054587|0.021086965436651874|0.010205135614849667|0.031919424744560075
0.0546875|0.734375|0.015625|0.0078125|0.03764151544924645|0.037778603819576435|0.031919424744560075|0.042377478816570974
0.0078125|0.6875|0.03125|0.0078125|0.0035192112851997626|0.0026559434010132283|0.0|0.0010291924477021652
0.0546875|0.6875|0.03125|0.0078125|0.037778603819576435|0.03266152453953097|0.038664502661700975|0.04038672190277461
0.0078125|0.640625|0.015625|0.0078125|0.0026559434010132283|0.0032201504784688043|0.0|0.0074699096932652614
0.03125|0.640625|0.015625|0.015625|0.015471091324458265|0.014012976852992791|0.0074699096932652614|0.02493038742711674
0.0546875|0.640625|0.015625|0.0078125|0.03266152453953097|0.025534860463249504|0.02493038742711674|0.03495152650683093
0.078125|0.734375|0.015625|0.015625|0.05262714036427424|0.04958447189676368|0.042377478816570974|0.06525541953312944
0.125|0.734375|0.015625|0.03125|0.09143713480629445|0.09084400329401915|0.06525541953312944|0.11524632403035823
0.171875|0.734375|0.015625|0.015625|0.13084026076058983|0.1263717400273055|0.11524632403035823|0.1373316127758575
0.078125|0.6875|0.03125|0.015625|0.04958447189676368|0.044966725837374516|0.04038672190277461|0.04383116038492187
0.171875|0.6875|0.03125|0.015625|0.1263717400273055|0.1163661486026724|0.12422025128486096|0.12707155825473296
0.078125|0.640625|0.015625|0.015625|0.044966725837374516|0.045534508563600834|0.03495152650683093|0.056685273346597065
0.125|0.640625|0.015625|0.03125|0.07898680291258951|0.07898680291258951|0.056685273346597065|0.10128833247858192
0.171875|0.640625|0.015625|0.015625|0.1163661486026724|0.11243909726157811|0.10128833247858192|0.11966281070347999
0.1953125|0.734375|0.015625|0.0078125|0.14600916904166317|0.13768152188957125|0.1373316127758575|0.14764407265209242
0.21875|0.734375|0.015625|0.015625|0.16237669378505293|0.15838486402723245|0.14764407265209242|0.16513382564455192
0.2421875|0.734375|0.015625|0.0078125|0.18074013340735282|0.16302544111638992|0.16513382564455192|0.16850830645321166
0.1953125|0.6875|0.03125|0.0078125|0.13768152188957125|0.12501551552951026|0.12707155825473296|0.12849721173966894
0.2421875|0.6875|0.03125|0.0078125|0.16302544111638992|0.14109397976910268|0.15205971044274638|0.15205971044274638
0.1953125|0.640625|0.015625|0.0078125|0.12501551552951026|0.12464538375863661|0.11966281070347999|0.12533074192573931
0.21875|0.640625|0.015625|0.015625|0.12944289092835604|0.12944289092835612|0.12533074192573931|0.13355503993097256
0.2421875|0.640625|0.015625|0.0078125|0.14109397976910268|0.13424039809807542|0.13355503993097256|0.13561111443228083
0.0078125|0.59375|0.03125|0.0078125|0.0032201504784688043|0.0019441526286206393|0.0|0.0055134584233998765
0.03125|0.59375|0.03125|0.015625|0.014012976852992791|0.01109674791006184|0.0055134584233998765|0.015221922925258327
0.0546875|0.59375|0.03125|0.0078125|0.025534860463249504|0.01728451043285658|0.015221922925258327|0.01728451043285657
0.0078125|0.5|0.0625|0.0078125|0.0019441526286206393|0.0019441526286206369|0.0|0.0003888305257241276
0.0546875|0.5|0.0625|0.0078125|0.01728451043285658|0.017284510432856566|0.0172845104328566|0.0172845104328566
0.0078125|0.40625|0.03125|0.0078125|0.0019441526286206369|0.0032201504784688004|0.0|0.00551345842339987
0.03125|0.40625|0.03125|0.015625|0.011096747910061827|0.01401297685299277|0.00551345842339987|0.015221922925258308
0.0546875|0.40625|0.03125|0.0078125|0.017284510432856566|0.025534860463249473|0.015221922925258308|0.01728451043285655
0.1953125|0.59375|0.03125|0.0078125|0.12464538375863661|0.12738681642704808|0.12738681642704797|0.12807217459415074
0.21875|0.59375|0.03125|0.015625|0.12944289092835612|0.12944289092835629|0.12807217459415074|0.13081360726256186
0.2421875|0.59375|0.03125|0.0078125|0.13424039809807542|0.13149896542966472|0.13081360726256186|0.13149896542966463
0.1953125|0.5|0.0625|0.0078125|0.12738681642704808|0.12738681642704802|0.1273868164270483|0.1273868164270483
0.2421875|0.5|0.0625|0.0078125|0.13149896542966472|0.13149896542966463|0.13149896542966488|0.13149896542966488
0.1953125|0.40625|0.03125|0.0078125|0.12738681642704802|0.12464538375863643|0.12738681642704788|0.12807217459415063
0.21875|0.40625|0.03125|0.015625|0.12944289092835615|0.12944289092835592|0.12807217459415063|0.13081360726256172
0.2421875|0.40625|0.03125|0.0078125|0.13149896542966463|0.13424039809807528|0.13081360726256172|0.1314989654296645
0.0078125|0.359375|0.015625|0.0078125|0.0032201504784688004|0.002655943401013224|0.0|0.00746990969326525
0.03125|0.359375|0.015625|0.015625|0.01401297685299277|0.01547109132445824|0.00746990969326525|0.0249303874271167
0.0546875|0.359375|0.015625|0.0078125|0.025534860463249473|0.03266152453953094|0.0249303874271167|0.034951526506830886
0.0078125|0.3125|0.03125|0.0078125|0.002655943401013224|0.003519211285199758|0.0|0.0010291924477021637
0.0546875|0.3125|0.03125|0.0078125|0.03266152453953094|0.0377786038195764|0.03866450266170094|0.040386721902774564
0.0078125|0.265625|0.015625|0.0078125|0.003519211285199758|0.004655841708792269|0.0|0.010205135614849653
0.03125|0.265625|0.015625|0.015625|0.021086965436651846|0.021136335950545853|0.010205135614849653|0.031919424744560033
0.0546875|0.265625|0.015625|0.0078125|0.0377786038195764|0.037641515449246425|0.031919424744560033|0.042377478816570925
0.078125|0.359375|0.015625|0.015625|0.04553450856360078|0.044966725837374454|0.034951526506830886|0.05668527334659699
0.125|0.359375|0.015625|0.03125|0.0789868029125894|0.0789868029125894|0.05668527334659699|0.10128833247858175
0.171875|0.359375|0.015625|0.015625|0.11243909726157791|0.11636614860267219|0.10128833247858175|0.11966281070347977
0.078125|0.3125|0.03125|0.015625|0.044966725837374454|0.049584471896763606|0.040386721902774564|0.043831160384921804
0.171875|0.3125|0.03125|0.015625|0.11636614860267219|0.12637174002730525|0.12422025128486074|0.12707155825473274
0.078125|0.265625|0.015625|0.015625|0.049584471896763606|0.05262714036427418|0.042377478816570925|0.06525541953312934
0.125|0.265625|0.015625|0.03125|0.09084400329401897|0.09143713480629427|0.06525541953312934|0.11524632403035799
0.171875|0.265625|0.015625|0.015625|0.12637174002730525|0.1308402607605895|0.11524632403035799|0.13733161277585723
0.1953125|0.359375|0.015625|0.0078125|0.12464538375863643|0.12501551552951004|0.11966281070347977|0.1253307419257391
0.21875|0.359375|0.015625|0.015625|0.12944289092835592|0.1294428909283558|0.1253307419257391|0.13355503993097237
0.2421875|0.359375|0.015625|0.0078125|0.13424039809807528|0.1410939797691025|0.13355503993097237|0.13561111443228066
0.1953125|0.3125|0.03125|0.0078125|0.12501551552951004|0.13768152188957097|0.12707155825473274|0.12849721173966872
0.2421875|0.3125|0.03125|0.0078125|0.1410939797691025|0.1630254411163896|0.15205971044274616|0.15205971044274616
0.1953125|0.265625|0.015625|0.0078125|0.13768152188957097|0.14600916904166283|0.13733161277585723|0.1476440726520921
0.21875|0.265625|0.015625|0.015625|0.1583848640272321|0.1623766937850526|0.1476440726520921|0.1651338256445516
0.2421875|0.265625|0.015625|0.0078125|0.1630254411163896|0.1807401334073524|0.1651338256445516|0.16850830645321133
