10000runs
0.0078125|0.2421875|0.0078125|0.0078125|0.0046558418839869635|0.0036293253959063724|0.0|0.010121442256256377
0.03125|0.2421875|0.0078125|0.015625|0.021136336743715428|0.021161022001361194|0.010121442256256377|0.03224997225474754
0.0546875|0.2421875|0.0078125|0.0078125|0.03764151685304263|0.038519952605736076|0.03224997225474754|0.042766347807773296
0.0078125|0.21875|0.015625|0.0078125|0.0036293253959063724|0.003109360279754753|0.0|0.0016846714190519925
0.0546875|0.21875|0.015625|0.0078125|0.038519952605736076|0.03582722126792859|0.039970963055087426|0.04276833916516085
0.0078125|0.1953125|0.0078125|0.0078125|0.003109360279754753|0.00374235548350684|0.0|0.008435103077174532
0.03125|0.1953125|0.0078125|0.015625|0.017661899810927268|0.01691081465352624|0.008435103077174532|0.028390866853754335
0.0546875|0.1953125|0.0078125|0.0078125|0.03582722126792859|0.03083035897569321|0.028390866853754335|0.03997295439779888
0.078125|0.2421875|0.0078125|0.015625|0.05262714230550223|0.051261129571319695|0.042766347807773296|0.06571800039155751
0.125|0.2421875|0.0078125|0.03125|0.09143713809188457|0.09173370385554917|0.06571800039155751|0.11893567033782947
0.171875|0.2421875|0.0078125|0.015625|0.1308402653564051|0.13592011119780587|0.11893567033782947|0.14276349797622886
0.078125|0.21875|0.015625|0.015625|0.051261129571319695|0.05105980542555625|0.04276833916516085|0.04836309139054695
0.171875|0.21875|0.015625|0.015625|0.13592011119780587|0.14302880534541307|0.14268702645114878|0.14911216278329287
0.078125|0.1953125|0.0078125|0.015625|0.05105980542555625|0.052408162445161645|0.03997295439779888|0.06754008451074171
0.125|0.1953125|0.0078125|0.03125|0.09780392864988088|0.09780392864988088|0.06754008451074171|0.12806777274373124
0.171875|0.1953125|0.0078125|0.015625|0.14302880534541307|0.14319969479793704|0.12806777274373124|0.15867339570330827
0.1953125|0.2421875|0.0078125|0.0078125|0.14600917409810138|0.14935952376444725|0.14276349797622886|0.15337548484393393
0.21875|0.2421875|0.0078125|0.015625|0.16237669925414813|0.16437261417081997|0.15337548484393393|0.17936157328813884
0.2421875|0.2421875|0.0078125|0.0078125|0.18074013927031465|0.19172374764977182|0.17936157328813884|0.19559875116478231
0.1953125|0.21875|0.015625|0.0078125|0.14935952376444725|0.16171507442033475|0.14911216278329287|0.1523247309493649
0.2421875|0.21875|0.015625|0.0078125|0.19172374764977182|0.20410853817834965|0.20145913725656217|0.20500213156446356
0.1953125|0.1953125|0.0078125|0.0078125|0.16171507442033475|0.17150569187986822|0.15867339570330827|0.17374682261310995
0.21875|0.1953125|0.0078125|0.015625|0.1884199755219503|0.1900854642494901|0.17374682261310995|0.19976215093578722
0.2421875|0.1953125|0.0078125|0.0078125|0.20410853817834965|0.20699974784681766|0.19976215093578722|0.21086251758888294
0.0078125|0.171875|0.015625|0.0078125|0.00374235548350684|0.002708947761386502|0.0|0.007525319466884002
0.03125|0.171875|0.015625|0.015625|0.01691081465352624|0.015408644340803614|0.007525319466884002|0.021789798897886365
0.0546875|0.171875|0.015625|0.0078125|0.03083035897569321|0.025511547929385616|0.021789798897886365|0.02498037617776568
0.0078125|0.125|0.03125|0.0078125|0.002708947761386502|0.003048227584094233|0.0|0.0009595292243111163
0.0546875|0.125|0.03125|0.0078125|0.025511547929385616|0.027636234930331117|0.026573891435741903|0.026573891435741903
0.0078125|0.078125|0.015625|0.0078125|0.003048227584094233|0.004321068720564553|0.0|0.008593082139483064
0.03125|0.078125|0.015625|0.015625|0.0175940928901556|0.01954622777975201|0.008593082139483064|0.02464296874846902
0.0546875|0.078125|0.015625|0.0078125|0.027636234930331117|0.0357474542765971|0.02464296874846902|0.02816740667873306
0.1953125|0.171875|0.015625|0.0078125|0.17150569187986822|0.18407423577122925|0.18169658331001817|0.18560320277486866
0.21875|0.171875|0.015625|0.015625|0.1900854642494901|0.1934164417045697|0.18560320277486866|0.20456065805517842
0.2421875|0.171875|0.015625|0.0078125|0.20699974784681766|0.21402759774518262|0.20456065805517842|0.2153239678398223
0.1953125|0.125|0.03125|0.0078125|0.18407423577122925|0.19358484554824076|0.18882954069365138|0.18882954069365138
0.2421875|0.125|0.03125|0.0078125|0.21402759774518262|0.22293471196736495|0.22181726077522973|0.22348531371430844
0.1953125|0.078125|0.015625|0.0078125|0.19358484554824076|0.18983295590372198|0.19596249797553547|0.20021609520434555
0.21875|0.078125|0.015625|0.015625|0.20872328966196566|0.20738371882814913|0.20021609520434555|0.218570054924615
0.2421875|0.078125|0.015625|0.0078125|0.22293471196736495|0.22426469626897097|0.218570054924615|0.22831055360631927
0.0078125|0.0546875|0.0078125|0.0078125|0.004321068720564553|0.003622548533136458|0.0|0.009797641540636868
0.03125|0.0546875|0.0078125|0.015625|0.01954622777975201|0.02052229522455021|0.009797641540636868|0.03319908379325785
0.0546875|0.0546875|0.0078125|0.0078125|0.0357474542765971|0.042293119233712394|0.03319908379325785|0.04691025499774104
0.0078125|0.03125|0.015625|0.0078125|0.003622548533136458|0.004365516273201157|0.0|0.001997016201701505
0.0546875|0.03125|0.015625|0.0078125|0.042293119233712394|0.046570710092267174|0.04780440155081702|0.05117688843032107
0.0078125|0.0078125|0.0078125|0.0078125|0.004365516273201157|0.005549766308950982|0.0|0.012283782652788492
0.03125|0.0078125|0.0078125|0.015625|0.025751815341462814|0.025751815341462814|0.012283782652788492|0.03921984802214934
0.0546875|0.0078125|0.0078125|0.0078125|0.046570710092267174|0.04595386436299225|0.03921984802214934|0.05207103496747758
0.078125|0.0546875|0.0078125|0.015625|0.06165580884034458|0.060411159957903054|0.04691025499774104|0.0788906604319604
0.125|0.0546875|0.0078125|0.03125|0.11336036361519201|0.11336036361519201|0.0788906604319604|0.14783006675657914
0.171875|0.0546875|0.0078125|0.015625|0.16506491832727269|0.16644792191457394|0.14783006675657914|0.1795337626876344
0.078125|0.03125|0.015625|0.015625|0.060411159957903054|0.06217753818197214|0.05117688843032107|0.05792186219302
0.171875|0.03125|0.015625|0.015625|0.16644792191457394|0.16523496250297062|0.1692139290891765|0.17595890281959237
0.078125|0.0078125|0.0078125|0.015625|0.06217753818197214|0.06430537617889587|0.05207103496747758|0.08079539335970126
0.125|0.0078125|0.0078125|0.03125|0.11377542773041505|0.11377542773041505|0.08079539335970126|0.146755462050683
0.171875|0.0078125|0.0078125|0.015625|0.16523496250297062|0.1632454792129208|0.146755462050683|0.17575652975970932
0.1953125|0.0546875|0.0078125|0.0078125|0.18983295590372198|0.18428925314014358|0.1795337626876344|0.1934167677132426
0.21875|0.0546875|0.0078125|0.015625|0.20738371882814913|0.20671393341124086|0.1934167677132426|0.21867152821835686
0.2421875|0.0546875|0.0078125|0.0078125|0.22426469626897097|0.22604437825686627|0.21867152821835686|0.22962069971254073
0.1953125|0.03125|0.015625|0.0078125|0.18428925314014358|0.18111849992132023|0.17595890281959237|0.1793313896848003
0.2421875|0.03125|0.015625|0.0078125|0.22604437825686627|0.22621518595957846|0.22883248353466099|0.23153518493830258
0.1953125|0.0078125|0.0078125|0.0078125|0.18111849992132023|0.18201205503958018|0.17575652975970932|0.18916113540552068
0.21875|0.0078125|0.0078125|0.015625|0.20345929613740163|0.20345929613740163|0.18916113540552068|0.21775745682715866
0.2421875|0.0078125|0.0078125|0.0078125|0.22621518595957846|0.22490653717954046|0.21775745682715866|0.2307469686993944
0.265625|0.2421875|0.0078125|0.015625|0.2130841477946691|0.21275213859212286|0.19559875116478231|0.2312335627875263
0.3125|0.2421875|0.0078125|0.03125|0.2675323927732407|0.2675323927732407|0.2312335627875263|0.30383122268261864
0.359375|0.2421875|0.0078125|0.015625|0.3219806376373076|0.32328558723579465|0.30383122268261864|0.33752015332182844
0.265625|0.21875|0.015625|0.015625|0.21275213859212286|0.2185100903831684|0.20500213156446356|0.21208812019411555
0.359375|0.21875|0.015625|0.015625|0.32328558723579465|0.31745113029539224|0.3258954864571985|0.3369497417913519
0.265625|0.1953125|0.0078125|0.015625|0.2185100903831684|0.2230495073333099|0.21086251758888294|0.2363447398220523
0.3125|0.1953125|0.0078125|0.03125|0.2655920685114509|0.26496442003553855|0.2363447398220523|0.297349990980283
0.359375|0.1953125|0.0078125|0.015625|0.31745113029539224|0.30813462957832294|0.297349990980283|0.33085220252677866
0.40625|0.2421875|0.0078125|0.03125|0.36859918471542186|0.36541887396350076|0.33752015332182844|0.4123994590254117
0.5|0.2421875|0.0078125|0.0625|0.5000000076453914|0.5000000076453914|0.4123994590254117|0.5876005561051191
0.59375|0.2421875|0.0078125|0.03125|0.6314008303475178|0.6345811410871844|0.5876005561051191|0.6624798614982929
0.40625|0.21875|0.015625|0.03125|0.36541887396350076|0.3637518862567448|0.3369497417913519|0.3590582524596586
0.59375|0.21875|0.015625|0.03125|0.6345811410871844|0.6362481287904082|0.6409417625831487|0.6630502731107629
0.40625|0.1953125|0.0078125|0.03125|0.3637518862567448|0.3660987031677554|0.33085220252677866|0.41073247131982277
0.5|0.1953125|0.0078125|0.0625|0.5000000076490303|0.5000000076490303|0.41073247131982277|0.5892675438095546
0.59375|0.1953125|0.0078125|0.03125|0.6362481287904082|0.6339013119023563|0.5892675438095546|0.6691478123099469
0.640625|0.2421875|0.0078125|0.015625|0.6780193770778381|0.6767144275128124|0.6624798614982929|0.696168791738703
0.6875|0.2421875|0.0078125|0.03125|0.7324676210680786|0.7324676210680786|0.696168791738703|0.7687664503057894
0.734375|0.2421875|0.0078125|0.015625|0.7869158649284677|0.7872478741664266|0.7687664503057894|0.8044012610330697
0.640625|0.21875|0.015625|0.015625|0.6767144275128124|0.6825488844755503|0.6630502731107629|0.6741045283827611
0.734375|0.21875|0.015625|0.015625|0.7872478741664266|0.7814899226550587|0.7879118926423444|0.7949978810699987
0.640625|0.1953125|0.0078125|0.015625|0.6825488844755503|0.6918653851422444|0.6691478123099469|0.7026500235374128
0.6875|0.1953125|0.0078125|0.03125|0.7344079455601576|0.7350355940212046|0.7026500235374128|0.7636552736300252
0.734375|0.1953125|0.0078125|0.015625|0.7814899226550587|0.7769505058717164|0.7636552736300252|0.7891374952626394
0.265625|0.171875|0.015625|0.015625|0.2230495073333099|0.2260780538866248|0.2153239678398223|0.2383739550531506
0.3125|0.171875|0.015625|0.03125|0.26496442003553855|0.26370912310702094|0.2383739550531506|0.2865336972342083
0.359375|0.171875|0.015625|0.015625|0.30813462957832294|0.2991696260484411|0.2865336972342083|0.29794598430591934
0.265625|0.125|0.03125|0.015625|0.2260780538866248|0.23423699699457864|0.22348531371430844|0.22682141959246582
0.359375|0.125|0.03125|0.015625|0.2991696260484411|0.3040641930012828|0.30161690954971937|0.30161690954971937
0.265625|0.078125|0.015625|0.015625|0.23423699699457864|0.23902256050348245|0.22831055360631927|0.25020903167769865
0.3125|0.078125|0.015625|0.03125|0.27473752364244075|0.2768183325683397|0.25020903167769865|0.2951043976988566
0.359375|0.078125|0.015625|0.015625|0.3040641930012828|0.3166949134475303|0.2951043976988566|0.3052878347354547
0.640625|0.171875|0.015625|0.015625|0.6918653851422444|0.7008303887486472|0.7020540303990435|0.7134663172494836
0.6875|0.171875|0.015625|0.03125|0.7350355940212046|0.7362908909665902|0.7134663172494836|0.7616260585123511
0.734375|0.171875|0.015625|0.015625|0.7769505058717164|0.7739219595201124|0.7616260585123511|0.7846760452073406
0.640625|0.125|0.03125|0.015625|0.7008303887486472|0.6959358221214599|0.6983831054640804|0.6983831054640804
0.734375|0.125|0.03125|0.015625|0.7739219595201124|0.7657630168215047|0.7731785939973729|0.776514699797739
0.640625|0.078125|0.015625|0.015625|0.6959358221214599|0.683305101886362|0.6947121804626736|0.7048956173215627
0.6875|0.078125|0.015625|0.03125|0.7252624910642186|0.7231816821839412|0.7048956173215627|0.7497909825104533
0.734375|0.078125|0.015625|0.015625|0.7657630168215047|0.7609774534920852|0.7497909825104533|0.7716894600794718
0.265625|0.0546875|0.0078125|0.015625|0.23902256050348245|0.2386878278496515|0.22962069971254073|0.252327210944886
0.3125|0.0546875|0.0078125|0.03125|0.2768183325683397|0.2778587370312892|0.252327210944886|0.3075518808795538
0.359375|0.0546875|0.0078125|0.015625|0.3166949134475303|0.3270085838929199|0.3075518808795538|0.33943184123509074
0.265625|0.03125|0.015625|0.015625|0.2386878278496515|0.24059875041793446|0.23153518493830258|0.23694058774558577
0.359375|0.03125|0.015625|0.015625|0.3270085838929199|0.3350509391631597|0.3362288460718552|0.34662701509917043
0.265625|0.0078125|0.0078125|0.015625|0.24059875041793446|0.24242783176188354|0.2307469686993944|0.257766857442512
0.3125|0.0078125|0.0078125|0.03125|0.28844490880376894|0.28844490880376894|0.257766857442512|0.31912296007391777
0.359375|0.0078125|0.0078125|0.015625|0.3350509391631597|0.3344619857217342|0.31912296007391777|0.34862310440064337
0.40625|0.0546875|0.0078125|0.03125|0.3734986180897457|0.3714735297776898|0.33943184123509074|0.4156657480703436
0.5|0.0546875|0.0078125|0.0625|0.500000008040412|0.500000008040412|0.4156657480703436|0.5843342678332064
0.59375|0.0546875|0.0078125|0.03125|0.6265013977427777|0.6285264860500226|0.5843342678332064|0.6605681743186175
0.40625|0.03125|0.015625|0.03125|0.3714735297776898|0.3737713455828982|0.34662701509917043|0.3674233531797877
0.59375|0.03125|0.015625|0.03125|0.6285264860500226|0.6262286702923092|0.6325766626732634|0.6533730005854502
0.40625|0.0078125|0.0078125|0.03125|0.3737713455828982|0.37694534178445355|0.34862310440064337|0.41796356387812966
0.5|0.0078125|0.0078125|0.0625|0.5000000080654818|0.5000000080654818|0.41796356387812966|0.5820364520926323
0.59375|0.0078125|0.0078125|0.03125|0.6262286702923092|0.6230546741062076|0.5820364520926323|0.6513769112877159
0.640625|0.0546875|0.0078125|0.015625|0.683305101886362|0.6729914315921178|0.6605681743186175|0.6924481343218717
0.6875|0.0546875|0.0078125|0.03125|0.7231816821839412|0.7221412777519622|0.6924481343218717|0.747672803323669
0.734375|0.0546875|0.0078125|0.015625|0.7609774534920852|0.761312186162507|0.747672803323669|0.7703793140332875
0.640625|0.03125|0.015625|0.015625|0.6729914315921178|0.6649490764342865|0.6533730005854502|0.663771169554541
0.734375|0.03125|0.015625|0.015625|0.761312186162507|0.7594012636254975|0.7630594262448361|0.7684648289078605
0.640625|0.0078125|0.0078125|0.015625|0.6649490764342865|0.6655380298870831|0.6513769112877159|0.6808770553059708
0.6875|0.0078125|0.0078125|0.03125|0.7115551061692333|0.7115551061692333|0.6808770553059708|0.7422331569334503
0.734375|0.0078125|0.0078125|0.015625|0.7594012636254975|0.7575721823274625|0.7422331569334503|0.7692530450477236
0.7578125|0.2421875|0.0078125|0.0078125|0.8192598724534879|0.8082762644781546|0.8044012610330697|0.8206384383372246
0.78125|0.2421875|0.0078125|0.015625|0.837623311682132|0.8356273968409326|0.8206384383372246|0.8466245256257688
0.8046875|0.2421875|0.0078125|0.0078125|0.8539908360130471|0.8506404864885946|0.8466245256257688|0.8572365119115622
0.7578125|0.21875|0.015625|0.0078125|0.8082762644781546|0.7958914744689283|0.7949978810699987|0.7985408752838258
0.8046875|0.21875|0.015625|0.0078125|0.8506404864885946|0.8382849364072386|0.8476752794464085|0.8508878474192167
0.7578125|0.1953125|0.0078125|0.0078125|0.7958914744689283|0.7930002649328278|0.7891374952626394|0.8002378615465693
0.78125|0.1953125|0.0078125|0.015625|0.8115800365374364|0.8099145478839681|0.8002378615465693|0.8262531887686948
0.8046875|0.1953125|0.0078125|0.0078125|0.8382849364072386|0.8284943194314289|0.8262531887686948|0.8413266149126115
0.828125|0.2421875|0.0078125|0.015625|0.869159743837694|0.864079898259455|0.8572365119115622|0.8810643380384771
0.875|0.2421875|0.0078125|0.03125|0.9085628684775465|0.9082663027326922|0.8810643380384771|0.9342820043893071
0.921875|0.2421875|0.0078125|0.015625|0.9473728615748992|0.9487388742013873|0.9342820043893071|0.9572336553618715
0.828125|0.21875|0.015625|0.015625|0.864079898259455|0.8569712044391918|0.8508878474192167|0.8573129833817392
0.921875|0.21875|0.015625|0.015625|0.9487388742013873|0.948940198294793|0.9516369121672583|0.9572316639956523
0.828125|0.1953125|0.0078125|0.015625|0.8569712044391918|0.8568003149679182|0.8413266149126115|0.8719322360376135
0.875|0.1953125|0.0078125|0.03125|0.9021960781877857|0.9021960781877857|0.8719322360376135|0.9324599203002361
0.921875|0.1953125|0.0078125|0.015625|0.948940198294793|0.9475918413585606|0.9324599203002361|0.9600270485291653
0.9453125|0.2421875|0.0078125|0.0078125|0.962358485954887|0.9614800502586768|0.9572336553618715|0.9677500301507082
0.96875|0.2421875|0.0078125|0.015625|0.978863664842295|0.9788389795859435|0.9677500301507082|0.9898785585027984
0.9921875|0.2421875|0.0078125|0.0078125|0.9953441584662176|0.9963706748768758|0.9898785585027984|1.0
0.9453125|0.21875|0.015625|0.0078125|0.9614800502586768|0.964172781379595|0.9572316639956523|0.9600290399098492
0.9921875|0.21875|0.015625|0.0078125|0.9963706748768758|0.9968906399520323|0.9983153287073693|1.0
0.9453125|0.1953125|0.0078125|0.0078125|0.964172781379595|0.9691696433006856|0.9600270485291653|0.9716091352417672
0.96875|0.1953125|0.0078125|0.015625|0.98233810149984|0.9830891866012849|0.9716091352417672|0.9915648975491765
0.9921875|0.1953125|0.0078125|0.0078125|0.9968906399520323|0.9962576447951177|0.9915648975491765|1.0
0.7578125|0.171875|0.015625|0.0078125|0.7930002649328278|0.785972415349657|0.7846760452073406|0.7954393546493965
0.78125|0.171875|0.015625|0.015625|0.8099145478839681|0.8065835705971406|0.7954393546493965|0.814396809224191
0.8046875|0.171875|0.015625|0.0078125|0.8284943194314289|0.8159257762189508|0.814396809224191|0.8183034285377161
0.7578125|0.125|0.03125|0.0078125|0.785972415349657|0.77706530157258|0.776514699797739|0.7781827526979221
0.8046875|0.125|0.03125|0.0078125|0.8159257762189508|0.8064151669022483|0.8111704715944985|0.8111704715944985
0.7578125|0.078125|0.015625|0.0078125|0.77706530157258|0.7757353173295609|0.7716894600794718|0.7814299584654125
0.78125|0.078125|0.015625|0.015625|0.7912767233836197|0.7926162941434649|0.7814299584654125|0.7997839174986221
0.8046875|0.078125|0.015625|0.0078125|0.8064151669022483|0.8101670562835085|0.7997839174986221|0.8040375145561233
0.9453125|0.171875|0.015625|0.0078125|0.9691696433006856|0.9744884539505967|0.9750196256731213|0.9782102027161246
0.96875|0.171875|0.015625|0.015625|0.9830891866012849|0.9845913568048072|0.9782102027161246|0.9924746810925864
0.9921875|0.171875|0.015625|0.0078125|0.9962576447951177|0.9972910524398455|0.9924746810925864|1.0
0.9453125|0.125|0.03125|0.0078125|0.9744884539505967|0.9723637670549586|0.9734261105086647|0.9734261105086647
0.9921875|0.125|0.03125|0.0078125|0.9972910524398455|0.9969517726337096|0.999040470845657|1.0
0.9453125|0.078125|0.015625|0.0078125|0.9723637670549586|0.9642525482385961|0.9718325953281056|0.9753570330061115
0.96875|0.078125|0.015625|0.015625|0.9824059083621236|0.980453773604962|0.9753570330061115|0.9914069184725318
0.9921875|0.078125|0.015625|0.0078125|0.9969517726337096|0.9956789315865061|0.9914069184725318|1.0
0.7578125|0.0546875|0.0078125|0.0078125|0.7757353173295609|0.7739556354085444|0.7703793140332875|0.7813284851784766
0.78125|0.0546875|0.0078125|0.015625|0.7926162941434649|0.7932860795341302|0.7813284851784766|0.8065832446139355
0.8046875|0.0546875|0.0078125|0.0078125|0.8101670562835085|0.8157107587516327|0.8065832446139355|0.8204662489200141
0.7578125|0.03125|0.015625|0.0078125|0.7739556354085444|0.773784827687618|0.7684648289078605|0.7711675302393727
0.8046875|0.03125|0.015625|0.0078125|0.8157107587516327|0.8188815117851772|0.8206686219669287|0.8240411086333101
0.7578125|0.0078125|0.0078125|0.0078125|0.773784827687618|0.7750934764117408|0.7692530450477236|0.7822425564699005
0.78125|0.0078125|0.0078125|0.015625|0.7965407165862198|0.7965407165862198|0.7822425564699005|0.8108388766604185
0.8046875|0.0078125|0.0078125|0.0078125|0.8188815117851772|0.8179879567040006|0.8108388766604185|0.8242434816273447
0.828125|0.0546875|0.0078125|0.015625|0.8349350924716025|0.833552088970073|0.8204662489200141|0.8521699429720387
0.875|0.0546875|0.0078125|0.03125|0.8866396439729112|0.8866396439729112|0.8521699429720387|0.9211093449318911
0.921875|0.0546875|0.0078125|0.015625|0.9383441954113811|0.9395888442160879|0.9211093449318911|0.9530897482655721
0.828125|0.03125|0.015625|0.015625|0.833552088970073|0.8347650483090017|0.8240411086333101|0.8307860819789387
0.921875|0.03125|0.015625|0.015625|0.9395888442160879|0.9378224661128169|0.9420781418255014|0.9488231151387253
0.828125|0.0078125|0.0078125|0.015625|0.8347650483090017|0.8367545314740331|0.8242434816273447|0.8532445476153744
0.875|0.0078125|0.0078125|0.03125|0.8862245798980567|0.8862245798980567|0.8532445476153744|0.919204612138635
0.921875|0.0078125|0.0078125|0.015625|0.9378224661128169|0.9356946282589241|0.919204612138635|0.9479289686499853
0.9453125|0.0546875|0.0078125|0.0078125|0.9642525482385961|0.9577068837286941|0.9530897482655721|0.9668009185380213
0.96875|0.0546875|0.0078125|0.015625|0.980453773604962|0.9794777062263812|0.9668009185380213|0.9902023591527748
0.9921875|0.0546875|0.0078125|0.0078125|0.9956789315865061|0.9963774517239111|0.9902023591527748|1.0
0.9453125|0.03125|0.015625|0.0078125|0.9577068837286941|0.9534292931623239|0.9488231151387253|0.9521956017953372
0.9921875|0.03125|0.015625|0.0078125|0.9963774517239111|0.995634484034781|0.9980029839398683|1.0
0.9453125|0.0078125|0.0078125|0.0078125|0.9534292931623239|0.9540461388485139|0.9479289686499853|0.9607801547208278
0.96875|0.0078125|0.0078125|0.015625|0.9742481864690019|0.9742481864690019|0.9607801547208278|0.9877162182111849
0.9921875|0.0078125|0.0078125|0.0078125|0.995634484034781|0.9944502340822765|0.9877162182111849|1.0
0.7578125|0.734375|0.015625|0.0078125|0.8192598726556132|0.8369745646544473|0.8314916993954903|0.834866180106689
0.78125|0.734375|0.015625|0.015625|0.8376233118639496|0.8416151415420816|0.834866180106689|0.8523559326308566
0.8046875|0.734375|0.015625|0.0078125|0.8539908361829208|0.8623184831596803|0.8523559326308566|0.8626683922064461
0.7578125|0.6875|0.03125|0.0078125|0.8369745646544473|0.8589060256279252|0.8479402951786034|0.8479402951786034
0.8046875|0.6875|0.03125|0.0078125|0.8623184831596803|0.8749844893164588|0.8715027931339641|0.8729284465656318
0.7578125|0.640625|0.015625|0.0078125|0.8589060256279252|0.8657596071673671|0.864388890855707|0.8664449652874399
0.78125|0.640625|0.015625|0.015625|0.8705571141682988|0.8705571141834011|0.8664449652874399|0.8746692629944889
0.8046875|0.640625|0.015625|0.0078125|0.8749844893164588|0.8753546211597626|0.8746692629944889|0.8803371939825381
0.828125|0.734375|0.015625|0.015625|0.8691597439937019|0.8736282646590161|0.8626683922064461|0.8847536802059827
0.875|0.734375|0.015625|0.03125|0.9085628685875639|0.909156000084001|0.8847536802059827|0.9347445829276663
0.921875|0.734375|0.015625|0.015625|0.9473728616417181|0.9504155300097724|0.9347445829276663|0.9576225228121702
0.828125|0.6875|0.03125|0.015625|0.8736282646590161|0.8836338558941826|0.8729284465656318|0.8757797534289674
0.921875|0.6875|0.03125|0.015625|0.9504155300097724|0.9550332759354024|0.9561688413303194|0.959613279680576
0.828125|0.640625|0.015625|0.015625|0.8836338558941826|0.8875609071267903|0.8803371939825381|0.8987116714797653
0.875|0.640625|0.015625|0.03125|0.9210132001989124|0.9210132001989124|0.8987116714797653|0.9433147288904488
0.921875|0.640625|0.015625|0.015625|0.9550332759354024|0.9544654932379439|0.9433147288904488|0.9650484748799796
0.9453125|0.734375|0.015625|0.0078125|0.9623584860024864|0.9622213976478894|0.9576225228121702|0.9680805764905321
0.96875|0.734375|0.015625|0.015625|0.9788636648686069|0.9789130353822868|0.9680805764905321|0.9897948647813575
0.9921875|0.734375|0.015625|0.0078125|0.995344158472272|0.9964807888518635|0.9897948647813575|1.0
0.9453125|0.6875|0.03125|0.0078125|0.9622213976478894|0.9673384767528838|0.959613279680576|0.9613354988583449
0.9921875|0.6875|0.03125|0.0078125|0.9964807888518635|0.9973440567051762|0.9989708075929407|1.0
0.9453125|0.640625|0.015625|0.0078125|0.9673384767528838|0.9744651405558615|0.9650484748799796|0.9750696135663798
0.96875|0.640625|0.015625|0.015625|0.9845289092945226|0.9859870237080095|0.9750696135663798|0.9925300906054745
0.9921875|0.640625|0.015625|0.0078125|0.9973440567051762|0.9967798496507129|0.9925300906054745|1.0
0.7578125|0.59375|0.03125|0.0078125|0.8657596071673671|0.8685010398161217|0.8685010398082348|0.8691863979432557
0.78125|0.59375|0.03125|0.015625|0.8705571141834011|0.8705571142306407|0.8691863979432557|0.8719278305101877
0.8046875|0.59375|0.03125|0.0078125|0.8753546211597626|0.8726131886711846|0.8719278305101877|0.8726131886584639
0.7578125|0.5|0.0625|0.0078125|0.8685010398161217|0.868501039765769|0.8685010398435158|0.8685010398435158
0.8046875|0.5|0.0625|0.0078125|0.8726131886711846|0.8726131886199071|0.8726131886966259|0.8726131886966259
0.7578125|0.40625|0.03125|0.0078125|0.868501039765769|0.8657596070711594|0.8685010397326056|0.869186397866851
0.78125|0.40625|0.03125|0.015625|0.8705571141467622|0.8705571140876375|0.869186397866851|0.8719278304366193
0.8046875|0.40625|0.03125|0.0078125|0.8726131886199071|0.8753546210674993|0.8719278304366193|0.8726131885815477
0.9453125|0.59375|0.03125|0.0078125|0.9744651405558615|0.9827154902638379|0.982715490262968|0.9847780776869163
0.96875|0.59375|0.03125|0.015625|0.9859870237080095|0.9889032525368536|0.9847780776869163|0.9944865417984862
0.9921875|0.59375|0.03125|0.0078125|0.9967798496507129|0.9980558474496289|0.9944865417984862|1.0
0.9453125|0.5|0.0625|0.0078125|0.9827154902638379|0.9827154902533907|0.9827154902655776|0.9827154902655776
0.9921875|0.5|0.0625|0.0078125|0.9980558474496289|0.998055847447921|0.9996111694898031|1.0
0.9453125|0.40625|0.03125|0.0078125|0.9827154902533907|0.9744651405286127|0.9827154902472973|0.9847780776735652
0.96875|0.40625|0.03125|0.015625|0.988903252526101|0.9859870236937628|0.9847780776735652|0.9944865417933594
0.9921875|0.40625|0.03125|0.0078125|0.998055847447921|0.9967798496473442|0.9944865417933594|1.0
0.7578125|0.359375|0.015625|0.0078125|0.8657596070711594|0.858906025502697|0.8643888907490197|0.866444965188148
0.78125|0.359375|0.015625|0.015625|0.8705571140876375|0.8705571140664043|0.866444965188148|0.8746692628957847
0.8046875|0.359375|0.015625|0.0078125|0.8753546210674993|0.8749844892022921|0.8746692628957847|0.8803371938773538
0.7578125|0.3125|0.03125|0.0078125|0.858906025502697|0.8369745644737606|0.8479402950215083|0.8479402950215083
0.8046875|0.3125|0.03125|0.0078125|0.8749844892022921|0.8623184830098967|0.8715027930016342|0.8729284464349982
0.7578125|0.265625|0.015625|0.0078125|0.8369745644737606|0.8192598724534879|0.8314916992091588|0.8348661799234472
0.78125|0.265625|0.015625|0.015625|0.8416151413704918|0.837623311682132|0.8348661799234472|0.8523559324641955
0.8046875|0.265625|0.015625|0.0078125|0.8623184830098967|0.8539908360130471|0.8523559324641955|0.8626683920499204
0.828125|0.359375|0.015625|0.015625|0.8875609070215801|0.8836338557799395|0.8803371938773538|0.8987116713885105
0.875|0.359375|0.015625|0.03125|0.9210132001223713|0.9210132001223713|0.8987116713885105|0.9433147288336943
0.921875|0.359375|0.015625|0.015625|0.9544654931910329|0.9550332758876111|0.9433147288336943|0.9650484748425449
0.828125|0.3125|0.03125|0.015625|0.8836338557799395|0.8736282645166886|0.8729284464349982|0.875779753301726
0.921875|0.3125|0.03125|0.015625|0.9550332758876111|0.950415529952238|0.9561688412807673|0.9596132796360898
0.828125|0.265625|0.015625|0.015625|0.8736282645166886|0.869159743837694|0.8626683920499204|0.8847536800771848
0.875|0.265625|0.015625|0.03125|0.9091559999781466|0.9085628684775465|0.8847536800771848|0.9347445828487309
0.921875|0.265625|0.015625|0.015625|0.950415529952238|0.9473728615748992|0.9347445828487309|0.9576225227609302
0.9453125|0.359375|0.015625|0.0078125|0.9744651405286127|0.9673384767168872|0.9650484748425449|0.9750696135387115
0.96875|0.359375|0.015625|0.015625|0.9859870236937628|0.9845289092775937|0.9750696135387115|0.9925300905973242
0.9921875|0.359375|0.015625|0.0078125|0.9967798496473442|0.9973440567022439|0.9925300905973242|1.0
0.9453125|0.3125|0.03125|0.0078125|0.9673384767168872|0.9622213976035705|0.9596132796360898|0.9613354988137509
0.9921875|0.3125|0.03125|0.0078125|0.9973440567022439|0.9964807888474457|0.998970807591731|1.0
0.9453125|0.265625|0.015625|0.0078125|0.9622213976035705|0.962358485954887|0.9576225227609302|0.9680805764506529
0.96875|0.265625|0.015625|0.015625|0.9789130353558735|0.978863664842295|0.9680805764506529|0.9897948647685494
0.9921875|0.265625|0.015625|0.0078125|0.9964807888474457|0.9953441584662176|0.9897948647685494|1.0
0.7578125|0.9921875|0.0078125|0.0078125|0.7750934766869431|0.7737848279548984|0.769253045319651|0.7822425567390052
0.78125|0.9921875|0.0078125|0.015625|0.7965407168504962|0.7965407168504962|0.7822425567390052|0.8108388769031031
0.8046875|0.9921875|0.0078125|0.0078125|0.8179879569398836|0.818881512025234|0.8108388769031031|0.8242434818505631
0.7578125|0.96875|0.015625|0.0078125|0.7737848279548984|0.7739556356823737|0.7684648291825006|0.7711675305144872
0.8046875|0.96875|0.015625|0.0078125|0.818881512025234|0.8157107589898609|0.8206686222026773|0.8240411088641156
0.7578125|0.9453125|0.0078125|0.0078125|0.7739556356823737|0.7757353176006058|0.7703793143029007|0.7813284854322154
0.78125|0.9453125|0.0078125|0.015625|0.7932860797872309|0.7926162943977425|0.7813284854322154|0.8065832448465037
0.8046875|0.9453125|0.0078125|0.0078125|0.8157107589898609|0.8101670565242808|0.8065832448465037|0.8204662491517464
0.828125|0.9921875|0.0078125|0.015625|0.836754531691697|0.8347650485300928|0.8242434818505631|0.8532445478067228
0.875|0.9921875|0.0078125|0.03125|0.8862245800535653|0.8862245800535653|0.8532445478067228|0.919204612247477
0.921875|0.9921875|0.0078125|0.015625|0.9356946283492089|0.9378224661999598|0.919204612247477|0.9479289687237721
0.828125|0.96875|0.015625|0.015625|0.8347650485300928|0.8335520891941868|0.8240411088641156|0.8307860822068845
0.921875|0.96875|0.015625|0.015625|0.9378224661999598|0.9395888443002977|0.9420781419089267|0.9488231152102369
0.828125|0.9453125|0.0078125|0.015625|0.8335520891941868|0.8349350926878379|0.8204662491517464|0.8521699431670315
0.875|0.9453125|0.0078125|0.03125|0.8866396441254188|0.8866396441254188|0.8521699431670315|0.9211093450399043
0.921875|0.9453125|0.0078125|0.015625|0.9395888443002977|0.9383441954996098|0.9211093450399043|0.9530897483333286
0.9453125|0.9921875|0.0078125|0.0078125|0.9540461389141975|0.9534292932289107|0.9479289687237721|0.9607801547769009
0.96875|0.9921875|0.0078125|0.015625|0.9742481865070752|0.9742481865070752|0.9607801547769009|0.9877162182288691
0.9921875|0.9921875|0.0078125|0.0078125|0.9944502340902904|0.9956344840410966|0.9877162182288691|1.0
0.9453125|0.96875|0.015625|0.0078125|0.9534292932289107|0.9577068837889441|0.9488231152102369|0.9521956018639933
0.9921875|0.96875|0.015625|0.0078125|0.9956344840410966|0.9963774517292469|0.9980029839427087|1.0
0.9453125|0.9453125|0.0078125|0.0078125|0.9577068837889441|0.964252548290517|0.9530897483333286|0.9668009185864682
0.96875|0.9453125|0.0078125|0.015625|0.9794777062565658|0.9804537736329747|0.9668009185864682|0.9902023591671992
0.9921875|0.9453125|0.0078125|0.0078125|0.9963774517292469|0.9956789315928888|0.9902023591671992|1.0
0.7578125|0.921875|0.015625|0.0078125|0.7757353176006058|0.7770653018296657|0.7716894603474055|0.7814299587215183
0.78125|0.921875|0.015625|0.015625|0.7926162943977425|0.7912767236337197|0.7814299587215183|0.7997839177440363
0.8046875|0.921875|0.015625|0.0078125|0.8101670565242808|0.8064151671410063|0.7997839177440363|0.804037514806439
0.7578125|0.875|0.03125|0.0078125|0.7770653018296657|0.785972415592571|0.7765147000509662|0.7781827529584073
0.8046875|0.875|0.03125|0.0078125|0.8064151671410063|0.815925776444327|0.8111704718317216|0.8111704718317216
0.7578125|0.828125|0.015625|0.0078125|0.785972415592571|0.7930002651699253|0.7846760454552313|0.7954393548818149
0.78125|0.828125|0.015625|0.015625|0.8065835708254532|0.8099145481120598|0.7954393548818149|0.8143968094467895
0.8046875|0.828125|0.015625|0.0078125|0.815925776444327|0.8284943196375213|0.8143968094467895|0.8183034287574577
0.9453125|0.921875|0.015625|0.0078125|0.964252548290517|0.9723637670952506|0.971832595369874|0.9753570330426489
0.96875|0.921875|0.015625|0.015625|0.9804537736329747|0.9824059083881985|0.9753570330426489|0.9914069184852683
0.9921875|0.921875|0.015625|0.0078125|0.9956789315928888|0.9969517726380756|0.9914069184852683|1.0
0.9453125|0.875|0.03125|0.0078125|0.9723637670952506|0.9744884539866175|0.9734261105471276|0.9734261105471276
0.9921875|0.875|0.03125|0.0078125|0.9969517726380756|0.9972910524433877|0.999040470846999|1.0
0.9453125|0.828125|0.015625|0.0078125|0.9744884539866175|0.9691696433405044|0.9750196257063624|0.9782102027450378
0.96875|0.828125|0.015625|0.015625|0.9845913568245191|0.9830891866233241|0.9782102027450378|0.9924746811025611
0.9921875|0.828125|0.015625|0.0078125|0.9972910524433877|0.9962576448000618|0.9924746811025611|1.0
0.7578125|0.8046875|0.0078125|0.0078125|0.7930002651699253|0.7958914747031262|0.7891374955039333|0.8002378617789825
0.78125|0.8046875|0.0078125|0.015625|0.8099145481120598|0.811580036755363|0.8002378617789825|0.826253188976673
0.8046875|0.8046875|0.0078125|0.0078125|0.8284943196375213|0.8382849365990536|0.826253188976673|0.8413266151041036
0.7578125|0.78125|0.015625|0.0078125|0.7958914747031262|0.8082762646945899|0.7949978812949938|0.7985408755131438
0.8046875|0.78125|0.015625|0.0078125|0.8382849365990536|0.8506404866673334|0.8476752796284819|0.8508878476027194
0.7578125|0.7578125|0.0078125|0.0078125|0.8082762646945899|0.8192598726556132|0.8044012612438084|0.8206384385342435
0.78125|0.7578125|0.0078125|0.015625|0.8356273970312112|0.8376233118639496|0.8206384385342435|0.8466245257994673
0.8046875|0.7578125|0.0078125|0.0078125|0.8506404866673334|0.8539908361829208|0.8466245257994673|0.8572365120739079
0.828125|0.8046875|0.0078125|0.015625|0.8568003151376544|0.8569712046088345|0.8413266151041036|0.8719322361951599
0.875|0.8046875|0.0078125|0.03125|0.9021960783101708|0.9021960783101708|0.8719322361951599|0.9324599203858573
0.921875|0.8046875|0.0078125|0.015625|0.9475918414237005|0.9489401983581086|0.9324599203858573|0.9600270485779343
0.828125|0.78125|0.015625|0.015625|0.8569712046088345|0.8640798984194199|0.8508878476027194|0.8573129835511943
0.921875|0.78125|0.015625|0.015625|0.9489401983581086|0.9487388742652983|0.9516369122269253|0.9572316640473814
0.828125|0.7578125|0.0078125|0.015625|0.8640798984194199|0.8691597439937019|0.8572365120739079|0.881064338183398
0.875|0.7578125|0.0078125|0.03125|0.9082663028431286|0.9085628685875639|0.881064338183398|0.9342820044694383
0.921875|0.7578125|0.0078125|0.015625|0.9487388742652983|0.9473728616417181|0.9342820044694383|0.9572336554145333
0.9453125|0.8046875|0.0078125|0.0078125|0.9691696433405044|0.9641727814236396|0.9600270485779343|0.9716091352792926
0.96875|0.8046875|0.0078125|0.015625|0.9830891866233241|0.9823381015227267|0.9716091352792926|0.9915648975600831
0.9921875|0.8046875|0.0078125|0.0078125|0.9962576448000618|0.9968906399560472|0.9915648975600831|1.0
0.9453125|0.78125|0.015625|0.0078125|0.9641727814236396|0.9614800503059153|0.9572316640473814|0.9600290399603338
0.9921875|0.78125|0.015625|0.0078125|0.9968906399560472|0.9963706748816686|0.998315328709538|1.0
0.9453125|0.7578125|0.0078125|0.0078125|0.9614800503059153|0.9623584860024864|0.9572336554145333|0.9677500301918277
0.96875|0.7578125|0.0078125|0.015625|0.9788389796131335|0.9788636648686069|0.9677500301918277|0.9898785585162005
0.9921875|0.7578125|0.0078125|0.0078125|0.9963706748816686|0.995344158472272|0.9898785585162005|1.0
0.265625|0.9921875|0.0078125|0.015625|0.24242783203977206|0.24059875070258774|0.23074696897830635|0.2577668577267545
0.3125|0.9921875|0.0078125|0.03125|0.28844490910938286|0.28844490910938286|0.2577668577267545|0.3191229603970554
0.359375|0.9921875|0.0078125|0.015625|0.3344619860408917|0.3350509394817338|0.3191229603970554|0.34862310473078795
0.265625|0.96875|0.015625|0.015625|0.24059875070258774|0.2386878281313111|0.23153518521840252|0.23694058802821916
0.359375|0.96875|0.015625|0.015625|0.3350509394817338|0.32700858421620876|0.3362288463905215|0.3466270154284227
0.265625|0.9453125|0.0078125|0.015625|0.2386878281313111|0.23902256078277015|0.22962069998961768|0.2523272112307302
0.3125|0.9453125|0.0078125|0.03125|0.2778587373350291|0.276818332863447|0.2523272112307302|0.30755188118890936
0.359375|0.9453125|0.0078125|0.015625|0.32700858421620876|0.3166949137651908|0.30755188118890936|0.3394318415602445
0.40625|0.9921875|0.0078125|0.03125|0.3769453421105805|0.3737713459084621|0.34862310473078795|0.4179635642068666
0.5|0.9921875|0.0078125|0.0625|0.5000000084087878|0.5000000084087878|0.4179635642068666|0.5820364524239109
0.59375|0.9921875|0.0078125|0.03125|0.6230546744453564|0.6262286706217338|0.5820364524239109|0.6513769116140445
0.40625|0.96875|0.015625|0.03125|0.3737713459084621|0.37147353011038114|0.3466270154284227|0.3674233535042252
0.59375|0.96875|0.015625|0.03125|0.6262286706217338|0.6285264863771327|0.6325766630020898|0.6533730009117683
0.40625|0.9453125|0.0078125|0.03125|0.37147353011038114|0.3734986184226285|0.3394318415602445|0.41566574839640097
0.5|0.9453125|0.0078125|0.0625|0.5000000083715924|0.5000000083715924|0.41566574839640097|0.584334268160814
0.59375|0.9453125|0.0078125|0.03125|0.6285264863771327|0.6265013980692454|0.584334268160814|0.6605681746362378
0.640625|0.9921875|0.0078125|0.015625|0.6655380302029933|0.6649490767590619|0.6513769116140445|0.680877055616724
0.6875|0.9921875|0.0078125|0.03125|0.7115551064709027|0.7115551064709027|0.680877055616724|0.7422331572212686
0.734375|0.9921875|0.0078125|0.015625|0.7575721826089256|0.7594012639066965|0.7422331572212686|0.769253045319651
0.640625|0.96875|0.015625|0.015625|0.6649490767590619|0.6729914319066111|0.6533730009117683|0.663771169871199
0.734375|0.96875|0.015625|0.015625|0.7594012639066965|0.7613121864340489|0.7630594265185271|0.7684648291825006
0.640625|0.9453125|0.0078125|0.015625|0.6729914319066111|0.683305102206052|0.6605681746362378|0.6924481346308115
0.6875|0.9453125|0.0078125|0.03125|0.7221412780437992|0.723181682482997|0.6924481346308115|0.7476728036062911
0.734375|0.9453125|0.0078125|0.015625|0.7613121864340489|0.7609774537624898|0.7476728036062911|0.7703793143029007
0.265625|0.921875|0.015625|0.015625|0.23902256078277015|0.23423699727268343|0.22831055387518048|0.2502090319675268
0.3125|0.921875|0.015625|0.03125|0.276818332863447|0.274737523937388|0.2502090319675268|0.29510439799541416
0.359375|0.921875|0.015625|0.015625|0.3166949137651908|0.3040641933079506|0.29510439799541416|0.3052878350374675
0.265625|0.875|0.03125|0.015625|0.23423699727268343|0.22607805413681278|0.223485313965766|0.2268214198528579
0.359375|0.875|0.03125|0.015625|0.3040641933079506|0.29916962633781|0.3016169098576053|0.3016169098576053
0.265625|0.828125|0.015625|0.015625|0.22607805413681278|0.2230495075747013|0.21532396807859522|0.23837395531785724
0.3125|0.828125|0.015625|0.03125|0.26370912337277314|0.2649644203060446|0.23837395531785724|0.2865336975124288
0.359375|0.828125|0.015625|0.015625|0.29916962633781|0.3081346298711109|0.2865336975124288|0.2979459845907485
0.640625|0.921875|0.015625|0.015625|0.683305102206052|0.6959358224338921|0.6947121807695211|0.7048956176247865
0.6875|0.921875|0.015625|0.03125|0.723181682482997|0.7252624913613924|0.7048956176247865|0.7497909827950694
0.734375|0.921875|0.015625|0.015625|0.7609774537624898|0.7657630170944324|0.7497909827950694|0.7716894603474055
0.640625|0.875|0.03125|0.015625|0.6959358224338921|0.7008303890307713|0.6983831057626338|0.6983831057626338
0.734375|0.875|0.03125|0.015625|0.7657630170944324|0.7739219597789014|0.7731785942594814|0.7765147000509662
0.640625|0.828125|0.015625|0.015625|0.7008303890307713|0.6918653854289866|0.7020540306776588|0.7134663175307504
0.6875|0.828125|0.015625|0.03125|0.7362908912369335|0.7350355942984389|0.7134663175307504|0.7616260587635559
0.734375|0.828125|0.015625|0.015625|0.7739219597789014|0.7769505061181908|0.7616260587635559|0.7846760454552313
0.265625|0.8046875|0.0078125|0.015625|0.2230495075747013|0.21851009062645396|0.21086251782751494|0.2363447400713573
0.3125|0.8046875|0.0078125|0.03125|0.2649644203060446|0.2655920687808031|0.2363447400713573|0.29734999125940914
0.359375|0.8046875|0.0078125|0.015625|0.3081346298711109|0.3174511305887937|0.29734999125940914|0.3308522028290363
0.265625|0.78125|0.015625|0.015625|0.21851009062645396|0.21275213882183255|0.20500213179059854|0.21208812042281078
0.359375|0.78125|0.015625|0.015625|0.3174511305887937|0.32328558752749337|0.325895486743797|0.33694974207223655
0.265625|0.7578125|0.0078125|0.015625|0.21275213882183255|0.21308414802867026|0.19559875138196836|0.23123356303038756
0.3125|0.7578125|0.0078125|0.03125|0.26753239303382215|0.26753239303382215|0.23123356303038756|0.30383122295750176
0.359375|0.7578125|0.0078125|0.015625|0.32328558752749337|0.32198063791934156|0.30383122295750176|0.33752015360537385
0.40625|0.8046875|0.0078125|0.03125|0.3660987034645247|0.363751886552629|0.3308522028290363|0.41073247161700727
0.5|0.8046875|0.0078125|0.0625|0.5000000079482158|0.5000000079482158|0.41073247161700727|0.5892675441028968
0.59375|0.8046875|0.0078125|0.03125|0.6339013121933561|0.6362481290887302|0.5892675441028968|0.6691478125979854
0.40625|0.78125|0.015625|0.03125|0.363751886552629|0.3654188742508217|0.33694974207223655|0.3590582527462458
0.59375|0.78125|0.015625|0.03125|0.6362481290887302|0.6345811413734889|0.6409417628794786|0.6630502733948435
0.40625|0.7578125|0.0078125|0.03125|0.3654188742508217|0.3685991850031097|0.33752015360537385|0.4123994593058169
0.5|0.7578125|0.0078125|0.0625|0.5000000079374324|0.5000000079374324|0.4123994593058169|0.5876005563927617
0.59375|0.7578125|0.0078125|0.03125|0.6345811413734889|0.6314008306335301|0.5876005563927617|0.6624798617754827
0.640625|0.8046875|0.0078125|0.015625|0.6918653854289866|0.6825488847553903|0.6691478125979854|0.7026500238101253
0.6875|0.8046875|0.0078125|0.03125|0.7350355942984389|0.7344079458291917|0.7026500238101253|0.7636552738817176
0.734375|0.8046875|0.0078125|0.015625|0.7769505061181908|0.7814899229014222|0.7636552738817176|0.7891374955039333
0.640625|0.78125|0.015625|0.015625|0.6825488847553903|0.67671442778616|0.6630502733948435|0.6741045286654331
0.734375|0.78125|0.015625|0.015625|0.7814899229014222|0.7872478743934309|0.7879118928731357|0.7949978812949938
0.640625|0.7578125|0.0078125|0.015625|0.67671442778616|0.6780193773508052|0.6624798617754827|0.6961687920045238
0.6875|0.7578125|0.0078125|0.03125|0.7324676213119605|0.7324676213119605|0.6961687920045238|0.7687664505397059
0.734375|0.7578125|0.0078125|0.015625|0.7872478743934309|0.7869158651609097|0.7687664505397059|0.8044012612438084
0.0078125|0.9921875|0.0078125|0.0078125|0.0055497663172060525|0.004365516279675835|0.0|0.01228378267103579
0.03125|0.9921875|0.0078125|0.015625|0.025751815378695267|0.025751815378695267|0.01228378267103579|0.0392198480800653
0.0546875|0.9921875|0.0078125|0.0078125|0.04595386443075032|0.04657071015878539|0.0392198480800653|0.05207103504198205
0.0078125|0.96875|0.015625|0.0078125|0.004365516279675835|0.003622548538443211|0.0|0.0019970162046973857
0.0546875|0.96875|0.015625|0.0078125|0.04657071015878539|0.04229311929722169|0.04780440162051103|0.05117688850419876
0.0078125|0.9453125|0.0078125|0.0078125|0.003622548538443211|0.004321068726954747|0.0|0.009797641554736197
0.03125|0.9453125|0.0078125|0.015625|0.020522295254780724|0.01954622780848368|0.009797641554736197|0.03319908384062842
0.0546875|0.9453125|0.0078125|0.0078125|0.04229311929722169|0.035747454328807673|0.03319908384062842|0.04691025506453464
0.078125|0.9921875|0.0078125|0.015625|0.06430537627073242|0.06217753827059208|0.05207103504198205|0.08079539347409855
0.125|0.9921875|0.0078125|0.03125|0.1137754278859672|0.1137754278859672|0.08079539347409855|0.1467554622481185
0.171875|0.9921875|0.0078125|0.015625|0.16324547943758586|0.16523496272506302|0.1467554622481185|0.17575652999687183
0.078125|0.96875|0.015625|0.015625|0.06217753827059208|0.06041116004225557|0.05117688850419876|0.05792186227544781
0.171875|0.96875|0.015625|0.015625|0.16523496272506302|0.16644792213432713|0.16921392931238857|0.175958903052175
0.078125|0.9453125|0.0078125|0.015625|0.06041116004225557|0.06165580892565945|0.04691025506453464|0.07889066053884847
0.125|0.9453125|0.0078125|0.03125|0.11336036376961398|0.11336036376961398|0.07889066053884847|0.1478300669477786
0.171875|0.9453125|0.0078125|0.015625|0.16644792213432713|0.1650649185452964|0.1478300669477786|0.1795337629216787
0.1953125|0.9921875|0.0078125|0.0078125|0.182012055283311|0.1811185001561202|0.17575652999687183|0.18916113564939782
0.21875|0.9921875|0.0078125|0.015625|0.203459296402532|0.203459296402532|0.18916113564939782|0.21775745709677027
0.2421875|0.9921875|0.0078125|0.0078125|0.22490653744757347|0.2262151862362137|0.21775745709677027|0.23074696897830635
0.1953125|0.96875|0.015625|0.0078125|0.1811185001561202|0.1842892533737249|0.175958903052175|0.1793313899220682
0.2421875|0.96875|0.015625|0.0078125|0.2262151862362137|0.2260443785331634|0.2288324838214688|0.23153518521840252
0.1953125|0.9453125|0.0078125|0.0078125|0.1842892533737249|0.18983295614709375|0.1795337629216787|0.19341676795518678
0.21875|0.9453125|0.0078125|0.015625|0.2067139336671977|0.20738371907846934|0.19341676795518678|0.2186715284819042
0.2421875|0.9453125|0.0078125|0.0078125|0.2260443785331634|0.22426469653582284|0.2186715284819042|0.22962069998961768
0.0078125|0.921875|0.015625|0.0078125|0.004321068726954747|0.00304822758857815|0.0|0.008593082152359597
0.03125|0.921875|0.015625|0.015625|0.01954622780848368|0.0175940929166148|0.008593082152359597|0.024642968784282227
0.0546875|0.921875|0.015625|0.0078125|0.035747454328807673|0.02763623496958401|0.024642968784282227|0.028167406718478546
0.0078125|0.875|0.03125|0.0078125|0.00304822758857815|0.002708947764669121|0.0|0.000959529225608388
0.0546875|0.875|0.03125|0.0078125|0.02763623496958401|0.025511547962802448|0.026573891471794942|0.026573891471794942
0.0078125|0.828125|0.015625|0.0078125|0.002708947764669121|0.003742355488018338|0.0|0.007525319475795742
0.03125|0.828125|0.015625|0.015625|0.015408644359645517|0.016910814674771235|0.007525319475795742|0.02178979892541931
0.0546875|0.828125|0.015625|0.0078125|0.025511547962802448|0.030830359013209834|0.02178979892541931|0.024980376208306204
0.1953125|0.921875|0.015625|0.0078125|0.18983295614709375|0.19358484578960003|0.1959624982287886|0.20021609545301933
0.21875|0.921875|0.015625|0.015625|0.20738371907846934|0.20872328991597486|0.20021609545301933|0.21857005518630668
0.2421875|0.921875|0.015625|0.0078125|0.22426469653582284|0.2229347122230291|0.21857005518630668|0.22831055387518048
0.1953125|0.875|0.03125|0.0078125|0.19358484578960003|0.1840742359909396|0.18882954093281423|0.18882954093281423
0.2421875|0.875|0.03125|0.0078125|0.2229347122230291|0.21402759799307183|0.22181726103391958|0.223485313965766
0.1953125|0.828125|0.015625|0.0078125|0.1840742359909396|0.17150569207242028|0.18169658352355092|0.18560320298479227
0.21875|0.828125|0.015625|0.015625|0.19341644192800195|0.1900854644702774|0.18560320298479227|0.20456065829369177
0.2421875|0.828125|0.015625|0.0078125|0.21402759799307183|0.2069997480769353|0.20456065829369177|0.21532396807859522
0.0078125|0.8046875|0.0078125|0.0078125|0.003742355488018338|0.003109360283643121|0.0|0.008435103087756425
0.03125|0.8046875|0.0078125|0.015625|0.016910814674771235|0.017661899833086858|0.008435103087756425|0.028390866887885797
0.0546875|0.8046875|0.0078125|0.0078125|0.030830359013209834|0.035827221312285856|0.028390866887885797|0.03997295444675392
0.0078125|0.78125|0.015625|0.0078125|0.003109360283643121|0.003629325400217367|0.0|0.0016846714210738375
0.0546875|0.78125|0.015625|0.0078125|0.035827221312285856|0.038519952652442145|0.03997096310267564|0.04276833921788633
0.0078125|0.7578125|0.0078125|0.0078125|0.003629325400217367|0.004655841889554883|0.0|0.010121442268590693
0.03125|0.7578125|0.0078125|0.015625|0.0211610220271044|0.02113633676855613|0.010121442268590693|0.032249972294995585
0.0546875|0.7578125|0.0078125|0.0078125|0.038519952652442145|0.037641516897991716|0.032249972294995585|0.0427663478587969
0.078125|0.8046875|0.0078125|0.015625|0.052408162506079825|0.05105980548614225|0.03997295444675392|0.06754008459219113
0.125|0.8046875|0.0078125|0.03125|0.09780392876441375|0.09780392876441375|0.06754008459219113|0.12806777289229476
0.171875|0.8046875|0.0078125|0.015625|0.1431996949638109|0.14302880551031585|0.12806777289229476|0.15867339588624377
0.078125|0.78125|0.015625|0.015625|0.05105980548614225|0.05126112963059585|0.04276833921788633|0.04836309144830772
0.171875|0.78125|0.015625|0.015625|0.14302880551031585|0.13592011135285623|0.1426870266145479|0.14911216295246896
0.078125|0.7578125|0.0078125|0.015625|0.05126112963059585|0.052627142364794884|0.0427663478587969|0.06571800046751773
0.125|0.7578125|0.0078125|0.03125|0.09173370395907335|0.09143713819490144|0.06571800046751773|0.11893567046957927
0.171875|0.7578125|0.0078125|0.015625|0.13592011135285623|0.13084026550363323|0.11893567046957927|0.1427634981402216
0.1953125|0.8046875|0.0078125|0.0078125|0.17150569207242028|0.1617150746115584|0.15867339588624377|0.17374682281166795
0.21875|0.8046875|0.0078125|0.015625|0.1900854644702774|0.1884199757414151|0.17374682281166795|0.1997621511652281
0.2421875|0.8046875|0.0078125|0.0078125|0.2069997480769353|0.2041085384095872|0.1997621511652281|0.21086251782751494
0.1953125|0.78125|0.015625|0.0078125|0.1617150746115584|0.1493595239334139|0.14911216295246896|0.1523247311274041
0.2421875|0.78125|0.015625|0.0078125|0.2041085384095872|0.19172374785693092|0.2014591374744924|0.20500213179059854
0.1953125|0.7578125|0.0078125|0.0078125|0.1493595239334139|0.1460091742636809|0.1427634981402216|0.15337548500840956
0.21875|0.7578125|0.0078125|0.015625|0.16437261435273742|0.16237669943430838|0.15337548500840956|0.17936157348999074
0.2421875|0.7578125|0.0078125|0.0078125|0.19172374785693092|0.18074013946442002|0.17936157348999074|0.19559875138196836
0.0078125|0.734375|0.015625|0.0078125|0.004655841889554883|0.003519211422154825|0.0|0.010205136010787262
0.03125|0.734375|0.015625|0.015625|0.02113633676855613|0.021086966254189012|0.010205136010787262|0.03191942597730983
0.0546875|0.734375|0.015625|0.0078125|0.037641516897991716|0.037778605285880375|0.03191942597730983|0.04237748044392531
0.0078125|0.6875|0.03125|0.0078125|0.003519211422154825|0.002655943507026743|0.0|0.001029192488291706
0.0546875|0.6875|0.03125|0.0078125|0.037778605285880375|0.03266152583117236|0.03866450417899239|0.040386723485012314
0.0078125|0.640625|0.015625|0.0078125|0.002655943507026743|0.0032201506074883246|0.0|0.007469909991530708
0.03125|0.640625|0.015625|0.015625|0.015471091942444691|0.014012977413737339|0.007469909991530708|0.02493038841898979
0.0546875|0.640625|0.015625|0.0078125|0.03266152583117236|0.025534861480749474|0.02493038841898979|0.03495152789137037
0.078125|0.734375|0.015625|0.015625|0.052627142364794884|0.04958447379962061|0.04237748044392531|0.06525542199093733
0.125|0.734375|0.015625|0.03125|0.09143713819490144|0.09084400667030858|0.06525542199093733|0.11524632826300935
0.171875|0.734375|0.015625|0.015625|0.13084026550363323|0.12637174470347987|0.11524632826300935|0.13733161775409877
0.078125|0.6875|0.03125|0.015625|0.04958447379962061|0.044966727607153596|0.040386723485012314|0.043831162098955906
0.171875|0.6875|0.03125|0.015625|0.12637174470347987|0.11636615309161462|0.1242202559931979|0.12707156306806772
0.078125|0.640625|0.015625|0.015625|0.044966727607153596|0.04553451036420369|0.03495152789137037|0.05668527558010041
0.125|0.640625|0.015625|0.03125|0.07898680601934176|0.07898680601934176|0.05668527558010041|0.10128833643540547
0.171875|0.640625|0.015625|0.015625|0.11636615309161462|0.11243910164343732|0.10128833643540547|0.11966281537863876
0.1953125|0.734375|0.015625|0.0078125|0.1460091742636809|0.13768152693552124|0.13733161775409877|0.14764407793077425
0.21875|0.734375|0.015625|0.015625|0.16237669943430838|0.1583848695974503|0.14764407793077425|0.1651338313902519
0.2421875|0.734375|0.015625|0.0078125|0.18074013946442002|0.16302544687515785|0.1651338313902519|0.16850831228974703
0.1953125|0.6875|0.03125|0.0078125|0.13768152693552124|0.12501552036581423|0.12707156306806772|0.12849721660550262
0.2421875|0.6875|0.03125|0.0078125|0.16302544687515785|0.1410939851545794|0.15205971605220855|0.15205971605220855
0.1953125|0.640625|0.015625|0.0078125|0.12501552036581423|0.12464538866637011|0.11966281537863876|0.12533074684067555
0.21875|0.640625|0.015625|0.015625|0.12944289601396214|0.12944289603472806|0.12533074684067555|0.13355504514390698
0.2421875|0.640625|0.015625|0.0078125|0.1410939851545794|0.13424040335798687|0.13355504514390698|0.13561111971474213
0.0078125|0.59375|0.03125|0.0078125|0.0032201506074883246|0.001944152706915557|0.0|0.005513458645195123
0.03125|0.59375|0.03125|0.015625|0.014012977413737339|0.011096748356818545|0.005513458645195123|0.015221923537256708
0.0546875|0.59375|0.03125|0.0078125|0.025534861480749474|0.017284511128853947|0.015221923537256708|0.017284511128495824
0.0078125|0.5|0.0625|0.0078125|0.001944152706915557|0.0019441527051793101|0.0|0.0003888305412404262
0.0546875|0.5|0.0625|0.0078125|0.017284511128853947|0.017284511119451534|0.017284511131114358|0.017284511131114358
0.0078125|0.40625|0.03125|0.0078125|0.0019441527051793101|0.003220150604496167|0.0|0.005513458640431827
0.03125|0.40625|0.03125|0.015625|0.011096748346760972|0.014012977400105152|0.005513458640431827|0.015221923524667072
0.0546875|0.40625|0.03125|0.0078125|0.017284511119451534|0.025534861457172736|0.015221923524667072|0.017284511114373624
0.1953125|0.59375|0.03125|0.0078125|0.12464538866637011|0.1273868215148784|0.12738682150740255|0.12807217969326454
0.21875|0.59375|0.03125|0.015625|0.12944289603472806|0.1294428960762599|0.12807217969326454|0.13081361246288783
0.2421875|0.59375|0.03125|0.0078125|0.13424040335798687|0.13149897066969493|0.13081361246288783|0.13149897066200605
0.1953125|0.5|0.0625|0.0078125|0.1273868215148784|0.1273868214653506|0.127386821546773|0.127386821546773
0.2421875|0.5|0.0625|0.0078125|0.13149897066969493|0.13149897061864338|0.1314989706966812|0.1314989706966812
0.1953125|0.40625|0.03125|0.0078125|0.1273868214653506|0.12464538857656615|0.1273868214330128|0.12807217961690467
0.21875|0.40625|0.03125|0.015625|0.12944289599576378|0.12944289594137|0.12807217961690467|0.13081361238500425
0.2421875|0.40625|0.03125|0.0078125|0.13149897061864338|0.1342404032621161|0.13081361238500425|0.1314989705853278
0.0078125|0.359375|0.015625|0.0078125|0.003220150604496167|0.0026559435044428872|0.0|0.007469909984413288
0.03125|0.359375|0.015625|0.015625|0.014012977400105152|0.015471091927685273|0.007469909984413288|0.024930388393873747
0.0546875|0.359375|0.015625|0.0078125|0.025534861457172736|0.03266152579730341|0.024930388393873747|0.03495152785902691
0.0078125|0.3125|0.03125|0.0078125|0.0026559435044428872|0.003519211417912844|0.0|0.0010291924871509968
0.0546875|0.3125|0.03125|0.0078125|0.03266152579730341|0.03777860524268232|0.038664504138939605|0.040386723441889406
0.0078125|0.265625|0.015625|0.0078125|0.003519211417912844|0.0046558418839869635|0.0|0.010205135998337144
0.03125|0.265625|0.015625|0.015625|0.021086966228423897|0.021136336743715428|0.010205135998337144|0.03191942593972109
0.0546875|0.265625|0.015625|0.0078125|0.03777860524268232|0.03764151685304263|0.03191942593972109|0.04237748039564102
0.078125|0.359375|0.015625|0.015625|0.045534510319936126|0.044966727561734254|0.03495152785902691|0.05668527552696368
0.125|0.359375|0.015625|0.03125|0.07898680594825587|0.07898680594825587|0.05668527552696368|0.10128833634700425
0.171875|0.359375|0.015625|0.015625|0.11243910154637844|0.11636615298683135|0.10128833634700425|0.11966281528635488
0.078125|0.3125|0.03125|0.015625|0.044966727561734254|0.049584473745747405|0.040386723441889406|0.04383116205105306
0.171875|0.3125|0.03125|0.015625|0.11636615298683135|0.1263717445702582|0.12422025587280665|0.127071562941738
0.078125|0.265625|0.015625|0.015625|0.049584473745747405|0.05262714230550223|0.04237748039564102|0.06525542191691484
0.125|0.265625|0.015625|0.03125|0.09084400656817156|0.09143713809188457|0.06525542191691484|0.11524632813586427
0.171875|0.265625|0.015625|0.015625|0.1263717445702582|0.1308402653564051|0.11524632813586427|0.1373316176035643
0.1953125|0.359375|0.015625|0.0078125|0.12464538857656615|0.12501552026380822|0.11966281528635488|0.12533074674412611
0.21875|0.359375|0.015625|0.015625|0.12944289594137|0.12944289591969213|0.12533074674412611|0.13355504504029897
0.2421875|0.359375|0.015625|0.0078125|0.1342404032621161|0.14109398503642887|0.13355504504029897|0.1356111196033619
0.1953125|0.3125|0.03125|0.0078125|0.12501552026380822|0.1376815267893042|0.127071562941738|0.1284972164839808
0.2421875|0.3125|0.03125|0.0078125|0.14109398503642887|0.16302544670836502|0.1520597159025628|0.1520597159025628
0.1953125|0.265625|0.015625|0.0078125|0.1376815267893042|0.14600917409810138|0.1373316176035643|0.1476440777699929
0.21875|0.265625|0.015625|0.015625|0.15838486942676774|0.16237669925414813|0.1476440777699929|0.16513383121444558
0.2421875|0.265625|0.015625|0.0078125|0.16302544670836502|0.18074013927031465|0.16513383121444558|0.16850831211752196
