500runs
0.0078125|0.2421875|0.0078125|0.0078125|0.0|0.0|0.01219659039591188|0.01522589227175393
0.03125|0.2421875|0.015625|0.0078125|0.01522589227175393|0.01219659039591188|0.041572463191789505|0.039129866342233914
0.0546875|0.2421875|0.0078125|0.0078125|0.039129866342233914|0.041572463191789505|0.05440555444122259|0.05508341561199703
0.0078125|0.21875|0.0078125|0.015625|0.0|0.0|0.01102921985565789|0.01219659039591188
0.0546875|0.21875|0.0078125|0.015625|0.041572463191789505|0.038644130804511144|0.052033517514415324|0.05440555444122259
0.0078125|0.1953125|0.0078125|0.0078125|0.0|0.0|0.01321055823997873|0.01102921985565789
0.03125|0.1953125|0.015625|0.0078125|0.01102921985565789|0.01321055823997873|0.033550588128174186|0.038644130804511144
0.0546875|0.1953125|0.0078125|0.0078125|0.038644130804511144|0.033550588128174186|0.04682616307303234|0.052033517514415324
0.078125|0.2421875|0.015625|0.0078125|0.05508341561199703|0.05440555444122259|0.07392460376886931|0.07961395247443591
0.125|0.2421875|0.03125|0.0078125|0.07961395247443591|0.07392460376886931|0.13640639702163834|0.1264722019002561
0.171875|0.2421875|0.015625|0.0078125|0.1264722019002561|0.13640639702163834|0.1566620256766448|0.1512807427754455
0.078125|0.21875|0.015625|0.015625|0.05440555444122259|0.052033517514415324|0.07383879792628782|0.07392460376886931
0.171875|0.21875|0.015625|0.015625|0.13640639702163834|0.14322588885381052|0.16607886578279119|0.1566620256766448
0.078125|0.1953125|0.015625|0.0078125|0.052033517514415324|0.04682616307303234|0.07911245396076443|0.07383879792628782
0.125|0.1953125|0.03125|0.0078125|0.07383879792628782|0.07911245396076443|0.1394486719307179|0.14322588885381052
0.171875|0.1953125|0.015625|0.0078125|0.14322588885381052|0.1394486719307179|0.1752908041183295|0.16607886578279119
0.1953125|0.2421875|0.0078125|0.0078125|0.1512807427754455|0.1566620256766448|0.16905566054115365|0.16721196631948265
0.21875|0.2421875|0.015625|0.0078125|0.16721196631948265|0.16905566054115365|0.2016796045697594|0.1912229917211393
0.2421875|0.2421875|0.0078125|0.0078125|0.1912229917211393|0.2016796045697594|0.2187821191766908|0.20824670386464997
0.1953125|0.21875|0.0078125|0.015625|0.1566620256766448|0.16607886578279119|0.18206984850567542|0.16905566054115365
0.2421875|0.21875|0.0078125|0.015625|0.2016796045697594|0.21483383713590135|0.22804914112919322|0.2187821191766908
0.1953125|0.1953125|0.0078125|0.0078125|0.16607886578279119|0.1752908041183295|0.1912611472284347|0.18206984850567542
0.21875|0.1953125|0.015625|0.0078125|0.18206984850567542|0.1912611472284347|0.21597997873703453|0.21483383713590135
0.2421875|0.1953125|0.0078125|0.0078125|0.21483383713590135|0.21597997873703453|0.23282526444932858|0.22804914112919322
0.0078125|0.171875|0.0078125|0.015625|0.0|0.0|0.01172867557941114|0.01321055823997873
0.03125|0.171875|0.015625|0.015625|0.01321055823997873|0.01172867557941114|0.03170717590492189|0.033550588128174186
0.0546875|0.171875|0.0078125|0.015625|0.033550588128174186|0.03170717590492189|0.03640125110644778|0.04682616307303234
0.0078125|0.125|0.0078125|0.03125|0.0|0.0|0.012610657346718297|0.01172867557941114
0.0546875|0.125|0.0078125|0.03125|0.03170717590492189|0.033718166319793644|0.038463198088113666|0.03640125110644778
0.0078125|0.078125|0.0078125|0.015625|0.0|0.0|0.014510008615360611|0.012610657346718297
0.03125|0.078125|0.015625|0.015625|0.012610657346718297|0.014510008615360611|0.037007858938062355|0.033718166319793644
0.0546875|0.078125|0.0078125|0.015625|0.033718166319793644|0.037007858938062355|0.05201442887400553|0.038463198088113666
0.1953125|0.171875|0.0078125|0.015625|0.1752908041183295|0.19279370451680405|0.19749249580867398|0.1912611472284347
0.21875|0.171875|0.015625|0.015625|0.1912611472284347|0.19749249580867398|0.22189133597073263|0.21597997873703453
0.2421875|0.171875|0.0078125|0.015625|0.21597997873703453|0.22189133597073263|0.23854618740544964|0.23282526444932858
0.1953125|0.125|0.0078125|0.03125|0.19279370451680405|0.2005900485651751|0.2067136062231578|0.19749249580867398
0.2421875|0.125|0.0078125|0.03125|0.22189133597073263|0.23072862472336342|0.2452378165140081|0.23854618740544964
0.1953125|0.078125|0.0078125|0.015625|0.2005900485651751|0.19120570660511274|0.20642249274111307|0.2067136062231578
0.21875|0.078125|0.015625|0.015625|0.2067136062231578|0.20642249274111307|0.2307863594890493|0.23072862472336342
0.2421875|0.078125|0.0078125|0.015625|0.23072862472336342|0.2307863594890493|0.24698256804790875|0.2452378165140081
0.0078125|0.0546875|0.0078125|0.0078125|0.0|0.0|0.012226849229038989|0.014510008615360611
0.03125|0.0546875|0.015625|0.0078125|0.014510008615360611|0.012226849229038989|0.043236428599903155|0.037007858938062355
0.0546875|0.0546875|0.0078125|0.0078125|0.037007858938062355|0.043236428599903155|0.05849472160618054|0.05201442887400553
0.0078125|0.03125|0.0078125|0.015625|0.0|0.0|0.013659131944131092|0.012226849229038989
0.0546875|0.03125|0.0078125|0.015625|0.043236428599903155|0.04711576364596643|0.06189903598542884|0.05849472160618054
0.0078125|0.0078125|0.0078125|0.0078125|0.0|0.0|0.01644378050252005|0.013659131944131092
0.03125|0.0078125|0.015625|0.0078125|0.013659131944131092|0.01644378050252005|0.044957299177222784|0.04711576364596643
0.0546875|0.0078125|0.0078125|0.0078125|0.04711576364596643|0.044957299177222784|0.062318347444087305|0.06189903598542884
0.078125|0.0546875|0.015625|0.0078125|0.05201442887400553|0.05849472160618054|0.0830828134716347|0.08867019964681767
0.125|0.0546875|0.03125|0.0078125|0.08867019964681767|0.0830828134716347|0.1611363359711658|0.15531670995290453
0.171875|0.0546875|0.015625|0.0078125|0.15531670995290453|0.1611363359711658|0.18576120277390337|0.19120570660511274
0.078125|0.03125|0.015625|0.015625|0.05849472160618054|0.06189903598542884|0.0852497858112637|0.0830828134716347
0.171875|0.03125|0.015625|0.015625|0.1611363359711658|0.15975181854156834|0.18330530019049926|0.18576120277390337
0.078125|0.0078125|0.015625|0.0078125|0.06189903598542884|0.062318347444087305|0.09194835480537304|0.0852497858112637
0.125|0.0078125|0.03125|0.0078125|0.0852497858112637|0.09194835480537304|0.15322356930047662|0.15975181854156834
0.171875|0.0078125|0.015625|0.0078125|0.15975181854156834|0.15322356930047662|0.18315807247533003|0.18330530019049926
0.1953125|0.0546875|0.0078125|0.0078125|0.19120570660511274|0.18576120277390337|0.20120627173031205|0.20642249274111307
0.21875|0.0546875|0.015625|0.0078125|0.20642249274111307|0.20120627173031205|0.2342573126911426|0.2307863594890493
0.2421875|0.0546875|0.0078125|0.0078125|0.2307863594890493|0.2342573126911426|0.24792634550448978|0.24698256804790875
0.1953125|0.03125|0.0078125|0.015625|0.18576120277390337|0.18330530019049926|0.19865571543691135|0.20120627173031205
0.2421875|0.03125|0.0078125|0.015625|0.2342573126911426|0.2340640835024166|0.24887235881258823|0.24792634550448978
0.1953125|0.0078125|0.0078125|0.0078125|0.18330530019049926|0.18315807247533003|0.20114351776806016|0.19865571543691135
0.21875|0.0078125|0.015625|0.0078125|0.19865571543691135|0.20114351776806016|0.23126768316560165|0.2340640835024166
0.2421875|0.0078125|0.0078125|0.0078125|0.2340640835024166|0.23126768316560165|0.248759332518282|0.24887235881258823
0.265625|0.2421875|0.015625|0.0078125|0.20824670386464997|0.2187821191766908|0.24484127431566718|0.24966705432667008
0.3125|0.2421875|0.03125|0.0078125|0.24966705432667008|0.24484127431566718|0.3262242299341889|0.3201394771443049
0.359375|0.2421875|0.015625|0.0078125|0.3201394771443049|0.3262242299341889|0.35462614454202934|0.3553125571418046
0.265625|0.21875|0.015625|0.015625|0.2187821191766908|0.22804914112919322|0.2500209001762563|0.24484127431566718
0.359375|0.21875|0.015625|0.015625|0.3262242299341889|0.3219630784068888|0.34955046294450165|0.35462614454202934
0.265625|0.1953125|0.015625|0.0078125|0.22804914112919322|0.23282526444932858|0.25922891129521586|0.2500209001762563
0.3125|0.1953125|0.03125|0.0078125|0.2500209001762563|0.25922891129521586|0.3091994875622573|0.3219630784068888
0.359375|0.1953125|0.015625|0.0078125|0.3219630784068888|0.3091994875622573|0.33608515884257373|0.34955046294450165
0.40625|0.2421875|0.03125|0.0078125|0.3553125571418046|0.35462614454202934|0.4069106030805842|0.4241515803768227
0.5|0.2421875|0.0625|0.0078125|0.4241515803768227|0.4069106030805842|0.593515055402761|0.5762746262542611
0.59375|0.2421875|0.03125|0.0078125|0.5762746262542611|0.593515055402761|0.6457945733025987|0.6451057000194811
0.40625|0.21875|0.03125|0.015625|0.35462614454202934|0.34955046294450165|0.40349938633793747|0.4069106030805842
0.59375|0.21875|0.03125|0.015625|0.593515055402761|0.5969288028455992|0.6508733960619755|0.6457945733025987
0.40625|0.1953125|0.03125|0.0078125|0.34955046294450165|0.33608515884257373|0.4186586007397824|0.40349938633793747
0.5|0.1953125|0.0625|0.0078125|0.40349938633793747|0.4186586007397824|0.5817707491919429|0.5969288028455992
0.59375|0.1953125|0.03125|0.0078125|0.5969288028455992|0.5817707491919429|0.6643417987968517|0.6508733960619755
0.640625|0.2421875|0.015625|0.0078125|0.6451057000194811|0.6457945733025987|0.6741882772621769|0.6802677361283523
0.6875|0.2421875|0.03125|0.0078125|0.6802677361283523|0.6741882772621769|0.7555264656545981|0.7506998826415898
0.734375|0.2421875|0.015625|0.0078125|0.7506998826415898|0.7555264656545981|0.781565627096663|0.7920850330579198
0.640625|0.21875|0.015625|0.015625|0.6457945733025987|0.6508733960619755|0.6784547036993601|0.6741882772621769
0.734375|0.21875|0.015625|0.015625|0.7555264656545981|0.7503608975488244|0.772316672644519|0.781565627096663
0.640625|0.1953125|0.015625|0.0078125|0.6508733960619755|0.6643417987968517|0.6912190957435186|0.6784547036993601
0.6875|0.1953125|0.03125|0.0078125|0.6784547036993601|0.6912190957435186|0.7411643270672339|0.7503608975488244
0.734375|0.1953125|0.015625|0.0078125|0.7503608975488244|0.7411643270672339|0.7675507019579345|0.772316672644519
0.265625|0.171875|0.015625|0.015625|0.23282526444932858|0.23854618740544964|0.2586846068347501|0.25922891129521586
0.3125|0.171875|0.03125|0.015625|0.25922891129521586|0.2586846068347501|0.30640961420445756|0.3091994875622573
0.359375|0.171875|0.015625|0.015625|0.3091994875622573|0.30640961420445756|0.31532967885869434|0.33608515884257373
0.265625|0.125|0.015625|0.03125|0.23854618740544964|0.2452378165140081|0.26532057835614453|0.2586846068347501
0.359375|0.125|0.015625|0.03125|0.30640961420445756|0.31140941800574673|0.3191317962983953|0.31532967885869434
0.265625|0.078125|0.015625|0.015625|0.2452378165140081|0.24698256804790875|0.27138768988241363|0.26532057835614453
0.3125|0.078125|0.03125|0.015625|0.26532057835614453|0.27138768988241363|0.31780287275110647|0.31140941800574673
0.359375|0.078125|0.015625|0.015625|0.31140941800574673|0.31780287275110647|0.34349871320768544|0.3191317962983953
0.640625|0.171875|0.015625|0.015625|0.6643417987968517|0.6851028123423093|0.6940180619948181|0.6912190957435186
0.6875|0.171875|0.03125|0.015625|0.6912190957435186|0.6940180619948181|0.7417173122990743|0.7411643270672339
0.734375|0.171875|0.015625|0.015625|0.7411643270672339|0.7417173122990743|0.7618441141495306|0.7675507019579345
0.640625|0.125|0.015625|0.03125|0.6851028123423093|0.6813162954943336|0.6890341856002381|0.6940180619948181
0.734375|0.125|0.015625|0.03125|0.7417173122990743|0.7350989200925245|0.7551697777270105|0.7618441141495306
0.640625|0.078125|0.015625|0.015625|0.6813162954943336|0.6569589607052742|0.6826465495577687|0.6890341856002381
0.6875|0.078125|0.03125|0.015625|0.6890341856002381|0.6826465495577687|0.7290417810285396|0.7350989200925245
0.734375|0.078125|0.015625|0.015625|0.7350989200925245|0.7290417810285396|0.7534313895087479|0.7551697777270105
0.265625|0.0546875|0.015625|0.0078125|0.24698256804790875|0.24792634550448978|0.26762638555868296|0.27138768988241363
0.3125|0.0546875|0.03125|0.0078125|0.27138768988241363|0.26762638555868296|0.3323201612758097|0.31780287275110647
0.359375|0.0546875|0.015625|0.0078125|0.31780287275110647|0.3323201612758097|0.3584227086729443|0.34349871320768544
0.265625|0.03125|0.015625|0.015625|0.24792634550448978|0.24887235881258823|0.2709490239159865|0.26762638555868296
0.359375|0.03125|0.015625|0.015625|0.3323201612758097|0.34044717252982376|0.3654057149827167|0.3584227086729443
0.265625|0.0078125|0.015625|0.0078125|0.24887235881258823|0.248759332518282|0.2771520883667776|0.2709490239159865
0.3125|0.0078125|0.03125|0.0078125|0.2709490239159865|0.2771520883667776|0.3359859346613235|0.34044717252982376
0.359375|0.0078125|0.015625|0.0078125|0.34044717252982376|0.3359859346613235|0.3668511000884724|0.3654057149827167
0.40625|0.0546875|0.03125|0.0078125|0.34349871320768544|0.3584227086729443|0.4092473706351198|0.4230334363139149
0.5|0.0546875|0.0625|0.0078125|0.4230334363139149|0.4092473706351198|0.591220610739297|0.5774336342439432
0.59375|0.0546875|0.03125|0.0078125|0.5774336342439432|0.591220610739297|0.642040800769971|0.6569589607052742
0.40625|0.03125|0.03125|0.015625|0.3584227086729443|0.3654057149827167|0.4135067543639938|0.4092473706351198
0.59375|0.03125|0.03125|0.015625|0.591220610739297|0.5869647998911586|0.6350617437030535|0.642040800769971
0.40625|0.0078125|0.03125|0.0078125|0.3654057149827167|0.3668511000884724|0.42989103108466037|0.4135067543639938
0.5|0.0078125|0.0625|0.0078125|0.4135067543639938|0.42989103108466037|0.5705815418189041|0.5869647998911586
0.59375|0.0078125|0.03125|0.0078125|0.5869647998911586|0.5705815418189041|0.6336167186964866|0.6350617437030535
0.640625|0.0546875|0.015625|0.0078125|0.6569589607052742|0.642040800769971|0.6681376797966873|0.6826465495577687
0.6875|0.0546875|0.03125|0.0078125|0.6826465495577687|0.6681376797966873|0.7328033340135657|0.7290417810285396
0.734375|0.0546875|0.015625|0.0078125|0.7290417810285396|0.7328033340135657|0.7524918716902292|0.7534313895087479
0.640625|0.03125|0.015625|0.015625|0.642040800769971|0.6350617437030535|0.6600145573081257|0.6681376797966873
0.734375|0.03125|0.015625|0.015625|0.7328033340135657|0.7294830596827009|0.7515462227487614|0.7524918716902292
0.640625|0.0078125|0.015625|0.0078125|0.6350617437030535|0.6336167186964866|0.6644743935379986|0.6600145573081257
0.6875|0.0078125|0.03125|0.0078125|0.6600145573081257|0.6644743935379986|0.7232819409352007|0.7294830596827009
0.734375|0.0078125|0.015625|0.0078125|0.7294830596827009|0.7232819409352007|0.7516596410860116|0.7515462227487614
0.7578125|0.2421875|0.0078125|0.0078125|0.7920850330579198|0.781565627096663|0.7986509114672597|0.809090748244325
0.78125|0.2421875|0.015625|0.0078125|0.809090748244325|0.7986509114672597|0.831234786579989|0.833072350284407
0.8046875|0.2421875|0.0078125|0.0078125|0.833072350284407|0.831234786579989|0.8436112283365174|0.8489806266165602
0.7578125|0.21875|0.0078125|0.015625|0.781565627096663|0.772316672644519|0.7855213490372558|0.7986509114672597
0.8046875|0.21875|0.0078125|0.015625|0.831234786579989|0.8182454083178347|0.8342131692888015|0.8436112283365174
0.7578125|0.1953125|0.0078125|0.0078125|0.772316672644519|0.7675507019579345|0.7843807625769345|0.7855213490372558
0.78125|0.1953125|0.015625|0.0078125|0.7855213490372558|0.7843807625769345|0.8090706065445111|0.8182454083178347
0.8046875|0.1953125|0.0078125|0.0078125|0.8182454083178347|0.8090706065445111|0.8250194905186551|0.8342131692888015
0.828125|0.2421875|0.015625|0.0078125|0.8489806266165602|0.8436112283365174|0.8638342587853727|0.873748628494638
0.875|0.2421875|0.03125|0.0078125|0.873748628494638|0.8638342587853727|0.9262095957682122|0.9205282625023439
0.921875|0.2421875|0.015625|0.0078125|0.9205282625023439|0.9262095957682122|0.9456949578372299|0.94501698466338
0.828125|0.21875|0.015625|0.015625|0.8436112283365174|0.8342131692888015|0.8570287837638765|0.8638342587853727
0.921875|0.21875|0.015625|0.015625|0.9262095957682122|0.9262966087774924|0.9480638456088969|0.9456949578372299
0.828125|0.1953125|0.015625|0.0078125|0.8342131692888015|0.8250194905186551|0.8607995482928613|0.8570287837638765
0.875|0.1953125|0.03125|0.0078125|0.8570287837638765|0.8607995482928613|0.9210327096670512|0.9262966087774924
0.921875|0.1953125|0.015625|0.0078125|0.9262966087774924|0.9210327096670512|0.9532623080531442|0.9480638456088969
0.9453125|0.2421875|0.0078125|0.0078125|0.94501698466338|0.9456949578372299|0.9585047962673782|0.9609424416018703
0.96875|0.2421875|0.015625|0.0078125|0.9609424416018703|0.9585047962673782|0.9878260982871865|0.9848022739999821
0.9921875|0.2421875|0.0078125|0.0078125|0.9848022739999821|0.9878260982871865|1.0|1.0
0.9453125|0.21875|0.0078125|0.015625|0.9456949578372299|0.9480638456088969|0.9614292581463584|0.9585047962673782
0.9921875|0.21875|0.0078125|0.015625|0.9878260982871865|0.9889919507492692|1.0|1.0
0.9453125|0.1953125|0.0078125|0.0078125|0.9480638456088969|0.9532623080531442|0.9665136045174706|0.9614292581463584
0.96875|0.1953125|0.015625|0.0078125|0.9614292581463584|0.9665136045174706|0.986815004122636|0.9889919507492692
0.9921875|0.1953125|0.0078125|0.0078125|0.9889919507492692|0.986815004122636|1.0|1.0
0.7578125|0.171875|0.0078125|0.015625|0.7675507019579345|0.7618441141495306|0.7784810303228157|0.7843807625769345
0.78125|0.171875|0.015625|0.015625|0.7843807625769345|0.7784810303228157|0.8028540443233626|0.8090706065445111
0.8046875|0.171875|0.0078125|0.015625|0.8090706065445111|0.8028540443233626|0.807548390146296|0.8250194905186551
0.7578125|0.125|0.0078125|0.03125|0.7618441141495306|0.7551697777270105|0.7696679685814134|0.7784810303228157
0.8046875|0.125|0.0078125|0.03125|0.8028540443233626|0.7936559247642183|0.7997733526185173|0.807548390146296
0.7578125|0.078125|0.0078125|0.015625|0.7551697777270105|0.7534313895087479|0.769612822787861|0.7696679685814134
0.78125|0.078125|0.015625|0.015625|0.7696679685814134|0.769612822787861|0.7939508547169932|0.7936559247642183
0.8046875|0.078125|0.0078125|0.015625|0.7936559247642183|0.7939508547169932|0.809146507727944|0.7997733526185173
0.9453125|0.171875|0.0078125|0.015625|0.9532623080531442|0.9636697906290057|0.968354633052308|0.9665136045174706
0.96875|0.171875|0.015625|0.015625|0.9665136045174706|0.968354633052308|0.9882941605679986|0.986815004122636
0.9921875|0.171875|0.0078125|0.015625|0.986815004122636|0.9882941605679986|1.0|1.0
0.9453125|0.125|0.0078125|0.03125|0.9636697906290057|0.9616147585905723|0.966349963840627|0.968354633052308
0.9921875|0.125|0.0078125|0.03125|0.9882941605679986|0.9874151402883455|1.0|1.0
0.9453125|0.078125|0.0078125|0.015625|0.9616147585905723|0.9480903329727496|0.9630670425597687|0.966349963840627
0.96875|0.078125|0.015625|0.015625|0.966349963840627|0.9630670425597687|0.9855196599154415|0.9874151402883455
0.9921875|0.078125|0.0078125|0.015625|0.9874151402883455|0.9855196599154415|1.0|1.0
0.7578125|0.0546875|0.0078125|0.0078125|0.7534313895087479|0.7524918716902292|0.7661471187305235|0.769612822787861
0.78125|0.0546875|0.015625|0.0078125|0.769612822787861|0.7661471187305235|0.7991612194129615|0.7939508547169932
0.8046875|0.0546875|0.0078125|0.0078125|0.7939508547169932|0.7991612194129615|0.814582399806126|0.809146507727944
0.7578125|0.03125|0.0078125|0.015625|0.7524918716902292|0.7515462227487614|0.7663428870422857|0.7661471187305235
0.8046875|0.03125|0.0078125|0.015625|0.7991612194129615|0.8017090696807181|0.8170370575530392|0.814582399806126
0.7578125|0.0078125|0.0078125|0.0078125|0.7515462227487614|0.7516596410860116|0.769136514598968|0.7663428870422857
0.78125|0.0078125|0.015625|0.0078125|0.7663428870422857|0.769136514598968|0.7992245148522168|0.8017090696807181
0.8046875|0.0078125|0.0078125|0.0078125|0.8017090696807181|0.7992245148522168|0.817184538601302|0.8170370575530392
0.828125|0.0546875|0.015625|0.0078125|0.809146507727944|0.814582399806126|0.8391663936435708|0.8449754615091106
0.875|0.0546875|0.03125|0.0078125|0.8449754615091106|0.8391663936435708|0.9170800802199998|0.9115025787443509
0.921875|0.0546875|0.015625|0.0078125|0.9115025787443509|0.9170800802199998|0.9416228684545467|0.9480903329727496
0.828125|0.03125|0.015625|0.015625|0.814582399806126|0.8170370575530392|0.8405497839002755|0.8391663936435708
0.921875|0.03125|0.015625|0.015625|0.9170800802199998|0.9149181204126826|0.9382254954796263|0.9416228684545467
0.828125|0.0078125|0.015625|0.0078125|0.8170370575530392|0.817184538601302|0.8470674271990704|0.8405497839002755
0.875|0.0078125|0.03125|0.0078125|0.8405497839002755|0.8470674271990704|0.9082326444781923|0.9149181204126826
0.921875|0.0078125|0.015625|0.0078125|0.9149181204126826|0.9082326444781923|0.9378070106811938|0.9382254954796263
0.9453125|0.0546875|0.0078125|0.0078125|0.9480903329727496|0.9416228684545467|0.9568513308210195|0.9630670425597687
0.96875|0.0546875|0.015625|0.0078125|0.9630670425597687|0.9568513308210195|0.9877981792963553|0.9855196599154415
0.9921875|0.0546875|0.0078125|0.0078125|0.9855196599154415|0.9877981792963553|1.0|1.0
0.9453125|0.03125|0.0078125|0.015625|0.9416228684545467|0.9382254954796263|0.952979538794205|0.9568513308210195
0.9921875|0.03125|0.0078125|0.015625|0.9877981792963553|0.9863687388107839|1.0|1.0
0.9453125|0.0078125|0.0078125|0.0078125|0.9382254954796263|0.9378070106811938|0.9551336919997006|0.952979538794205
0.96875|0.0078125|0.015625|0.0078125|0.952979538794205|0.9551336919997006|0.983589744171989|0.9863687388107839
0.9921875|0.0078125|0.0078125|0.0078125|0.9863687388107839|0.983589744171989|1.0|1.0
0.7578125|0.734375|0.0078125|0.015625|0.791907271150286|0.8157498548800899|0.8189527381449287|0.8089264109898441
0.78125|0.734375|0.015625|0.015625|0.8089264109898441|0.8189527381449287|0.8400145716348021|0.8329251553345907
0.8046875|0.734375|0.0078125|0.015625|0.8329251553345907|0.8400145716348021|0.8557169385506794|0.8488452689249869
0.7578125|0.6875|0.0078125|0.03125|0.8157498548800899|0.8374506687688195|0.8414953185199952|0.8189527381449287
0.8046875|0.6875|0.0078125|0.03125|0.8400145716348021|0.8546030618438785|0.8639451298719804|0.8557169385506794
0.7578125|0.640625|0.0078125|0.015625|0.8374506687688195|0.8438032385147289|0.8466682926164181|0.8414953185199952
0.78125|0.640625|0.015625|0.015625|0.8414953185199952|0.8466682926164181|0.85478221808019|0.8546030618438785
0.8046875|0.640625|0.0078125|0.015625|0.8546030618438785|0.85478221808019|0.863827620391301|0.8639451298719804
0.828125|0.734375|0.015625|0.015625|0.8488452689249869|0.8557169385506794|0.8746037390652757|0.8736341560498355
0.875|0.734375|0.03125|0.015625|0.8736341560498355|0.8746037390652757|0.924665078527867|0.9204558231428938
0.921875|0.734375|0.015625|0.015625|0.9204558231428938|0.924665078527867|0.944789825342731|0.9449657409456865
0.828125|0.6875|0.015625|0.03125|0.8557169385506794|0.8639451298719804|0.8813426273840224|0.8746037390652757
0.921875|0.6875|0.015625|0.03125|0.924665078527867|0.9290817758339658|0.9481691059508542|0.944789825342731
0.828125|0.640625|0.015625|0.015625|0.8639451298719804|0.863827620391301|0.8861625035540325|0.8813426273840224
0.875|0.640625|0.03125|0.015625|0.8813426273840224|0.8861625035540325|0.9261396592041623|0.9290817758339658
0.921875|0.640625|0.015625|0.015625|0.9290817758339658|0.9261396592041623|0.952928847764981|0.9481691059508542
0.9453125|0.734375|0.0078125|0.015625|0.9449657409456865|0.944789825342731|0.9598143709303515|0.9609055557788044
0.96875|0.734375|0.015625|0.015625|0.9609055557788044|0.9598143709303515|0.986179240018922|0.9847879956793368
0.9921875|0.734375|0.0078125|0.015625|0.9847879956793368|0.986179240018922|1.0|1.0
0.9453125|0.6875|0.0078125|0.03125|0.944789825342731|0.9481691059508542|0.9631300023316041|0.9598143709303515
0.9921875|0.6875|0.0078125|0.03125|0.986179240018922|0.9874402658526306|1.0|1.0
0.9453125|0.640625|0.0078125|0.015625|0.9481691059508542|0.952928847764981|0.9675819809165596|0.9631300023316041
0.96875|0.640625|0.015625|0.015625|0.9631300023316041|0.9675819809165596|0.9856870919288345|0.9874402658526306
0.9921875|0.640625|0.0078125|0.015625|0.9874402658526306|0.9856870919288345|1.0|1.0
0.7578125|0.59375|0.0078125|0.03125|0.8438032385147289|0.8469053822309107|0.8485358799381802|0.8466682926164181
0.78125|0.59375|0.015625|0.03125|0.8466682926164181|0.8485358799381802|0.8548535508519907|0.85478221808019
0.8046875|0.59375|0.0078125|0.03125|0.85478221808019|0.8548535508519907|0.857076813071515|0.863827620391301
0.7578125|0.5|0.0078125|0.0625|0.8469053822309107|0.8469478634326666|0.8485869131943663|0.8485358799381802
0.8046875|0.5|0.0078125|0.0625|0.8548535508519907|0.8549045376205457|0.8571186848683764|0.857076813071515
0.7578125|0.40625|0.0078125|0.03125|0.8469478634326666|0.8438846427347568|0.8467491296581042|0.8485869131943663
0.78125|0.40625|0.015625|0.03125|0.8485869131943663|0.8467491296581042|0.8548610536685043|0.8549045376205457
0.8046875|0.40625|0.0078125|0.03125|0.8549045376205457|0.8548610536685043|0.8639087609437126|0.8571186848683764
0.9453125|0.59375|0.0078125|0.03125|0.952928847764981|0.9650756211221173|0.9698351053452483|0.9675819809165596
0.96875|0.59375|0.015625|0.03125|0.9675819809165596|0.9698351053452483|0.9874489419451993|0.9856870919288345
0.9921875|0.59375|0.0078125|0.03125|0.9856870919288345|0.9874489419451993|1.0|1.0
0.9453125|0.5|0.0078125|0.0625|0.9650756211221173|0.9650893385479923|0.9698489360567186|0.9698351053452483
0.9921875|0.5|0.0078125|0.0625|0.9874489419451993|0.9874556003659989|1.0|1.0
0.9453125|0.40625|0.0078125|0.03125|0.9650893385479923|0.9529625810206417|0.9676042390003506|0.9698489360567186
0.96875|0.40625|0.015625|0.03125|0.9698489360567186|0.9676042390003506|0.9856966409878358|0.9874556003659989
0.9921875|0.40625|0.0078125|0.03125|0.9874556003659989|0.9856966409878358|1.0|1.0
0.7578125|0.359375|0.0078125|0.015625|0.8438846427347568|0.8375532763958443|0.8415927361415201|0.8467491296581042
0.78125|0.359375|0.015625|0.015625|0.8467491296581042|0.8415927361415201|0.8546953576924228|0.8548610536685043
0.8046875|0.359375|0.0078125|0.015625|0.8548610536685043|0.8546953576924228|0.8640384403301878|0.8639087609437126
0.7578125|0.3125|0.0078125|0.03125|0.8375532763958443|0.8158968788689049|0.8191016421176426|0.8415927361415201
0.8046875|0.3125|0.0078125|0.03125|0.8546953576924228|0.8401493819526844|0.8558365690388701|0.8640384403301878
0.7578125|0.265625|0.0078125|0.015625|0.8158968788689049|0.7920850330579198|0.809090748244325|0.8191016421176426
0.78125|0.265625|0.015625|0.015625|0.8191016421176426|0.809090748244325|0.833072350284407|0.8401493819526844
0.8046875|0.265625|0.0078125|0.015625|0.8401493819526844|0.833072350284407|0.8489806266165602|0.8558365690388701
0.828125|0.359375|0.015625|0.015625|0.8639087609437126|0.8640384403301878|0.8814275916959173|0.8862413901358043
0.875|0.359375|0.03125|0.015625|0.8862413901358043|0.8814275916959173|0.9291362582785286|0.9261947695564318
0.921875|0.359375|0.015625|0.015625|0.9261947695564318|0.9291362582785286|0.9482094365648802|0.9529625810206417
0.828125|0.3125|0.015625|0.03125|0.8640384403301878|0.8558365690388701|0.8747099162179784|0.8814275916959173
0.921875|0.3125|0.015625|0.03125|0.9291362582785286|0.9247312240437429|0.9448387022093644|0.9482094365648802
0.828125|0.265625|0.015625|0.015625|0.8558365690388701|0.8489806266165602|0.873748628494638|0.8747099162179784
0.875|0.265625|0.03125|0.015625|0.8747099162179784|0.873748628494638|0.9205282625023439|0.9247312240437429
0.921875|0.265625|0.015625|0.015625|0.9247312240437429|0.9205282625023439|0.94501698466338|0.9448387022093644
0.9453125|0.359375|0.0078125|0.015625|0.9529625810206417|0.9482094365648802|0.9631582829553265|0.9676042390003506
0.96875|0.359375|0.015625|0.015625|0.9676042390003506|0.9631582829553265|0.9874494640111277|0.9856966409878358
0.9921875|0.359375|0.0078125|0.015625|0.9856966409878358|0.9874494640111277|1.0|1.0
0.9453125|0.3125|0.0078125|0.03125|0.9482094365648802|0.9448387022093644|0.9598502357027675|0.9631582829553265
0.9921875|0.3125|0.0078125|0.03125|0.9874494640111277|0.9861918880302264|1.0|1.0
0.9453125|0.265625|0.0078125|0.015625|0.9448387022093644|0.94501698466338|0.9609424416018703|0.9598502357027675
0.96875|0.265625|0.015625|0.015625|0.9598502357027675|0.9609424416018703|0.9848022739999821|0.9861918880302264
0.9921875|0.265625|0.0078125|0.015625|0.9861918880302264|0.9848022739999821|1.0|1.0
0.7578125|0.9921875|0.0078125|0.0078125|0.7514138053519178|0.7512998513049023|0.7661041475640454|0.7688994636070322
0.78125|0.9921875|0.015625|0.0078125|0.7688994636070322|0.7661041475640454|0.8014968086057412|0.7990089682826731
0.8046875|0.9921875|0.0078125|0.0078125|0.7990089682826731|0.8014968086057412|0.8168381185588919|0.8169838845320516
0.7578125|0.96875|0.0078125|0.015625|0.7512998513049023|0.7522483467536144|0.7659105622602091|0.7661041475640454
0.8046875|0.96875|0.0078125|0.015625|0.8014968086057412|0.7989468384002569|0.8143818829222437|0.8168381185588919
0.7578125|0.9453125|0.0078125|0.0078125|0.7522483467536144|0.7531902202378125|0.7693805028036069|0.7659105622602091
0.78125|0.9453125|0.015625|0.0078125|0.7659105622602091|0.7693805028036069|0.7937335825919433|0.7989468384002569
0.8046875|0.9453125|0.0078125|0.0078125|0.7989468384002569|0.7937335825919433|0.8089415007165898|0.8143818829222437
0.828125|0.9921875|0.015625|0.0078125|0.8169838845320516|0.8168381185588919|0.8403737169190633|0.8468970704069406
0.875|0.9921875|0.03125|0.0078125|0.8468970704069406|0.8403737169190633|0.9148198707546857|0.9081265103034499
0.921875|0.9921875|0.015625|0.0078125|0.9081265103034499|0.9148198707546857|0.938152661535311|0.9377338021495717
0.828125|0.96875|0.015625|0.015625|0.8168381185588919|0.8143818829222437|0.8389894815580805|0.8403737169190633
0.921875|0.96875|0.015625|0.015625|0.9148198707546857|0.9169845012587077|0.9415541977022578|0.938152661535311
0.828125|0.9453125|0.015625|0.0078125|0.8143818829222437|0.8089415007165898|0.8448049444761109|0.8389894815580805
0.875|0.9453125|0.03125|0.0078125|0.8389894815580805|0.8448049444761109|0.9114010631749415|0.9169845012587077
0.921875|0.9453125|0.015625|0.0078125|0.9169845012587077|0.9114010631749415|0.9480291435419514|0.9415541977022578
0.9453125|0.9921875|0.0078125|0.0078125|0.9377338021495717|0.938152661535311|0.9529236443727538|0.9550802238613676
0.96875|0.9921875|0.015625|0.0078125|0.9550802238613676|0.9529236443727538|0.9863523634799664|0.9835700752018443
0.9921875|0.9921875|0.0078125|0.0078125|0.9835700752018443|0.9863523634799664|1.0|1.0
0.9453125|0.96875|0.0078125|0.015625|0.938152661535311|0.9415541977022578|0.9568003419221817|0.9529236443727538
0.9921875|0.96875|0.0078125|0.015625|0.9863523634799664|0.9877835711515087|1.0|1.0
0.9453125|0.9453125|0.0078125|0.0078125|0.9415541977022578|0.9480291435419514|0.9630231768073285|0.9568003419221817
0.96875|0.9453125|0.015625|0.0078125|0.9568003419221817|0.9630231768073285|0.9855023321513033|0.9877835711515087
0.9921875|0.9453125|0.0078125|0.0078125|0.9877835711515087|0.9855023321513033|1.0|1.0
0.7578125|0.921875|0.0078125|0.015625|0.7531902202378125|0.7549344448481291|0.7694379815442333|0.7693805028036069
0.78125|0.921875|0.015625|0.015625|0.7693805028036069|0.7694379815442333|0.7934416953473582|0.7937335825919433
0.8046875|0.921875|0.0078125|0.015625|0.7937335825919433|0.7934416953473582|0.7995654228277332|0.8089415007165898
0.7578125|0.875|0.0078125|0.03125|0.7549344448481291|0.7616228012708776|0.7782698930679034|0.7694379815442333
0.8046875|0.875|0.0078125|0.03125|0.7934416953473582|0.8026590748461355|0.80735685601579|0.7995654228277332
0.7578125|0.828125|0.0078125|0.015625|0.7616228012708776|0.7673382798362177|0.784178849069405|0.7782698930679034
0.78125|0.828125|0.015625|0.015625|0.7782698930679034|0.784178849069405|0.8088854198299865|0.8026590748461355
0.8046875|0.828125|0.0078125|0.015625|0.8026590748461355|0.8088854198299865|0.8248485582737727|0.80735685601579
0.9453125|0.921875|0.0078125|0.015625|0.9480291435419514|0.9615704001821427|0.9663108744014313|0.9630231768073285
0.96875|0.921875|0.015625|0.015625|0.9630231768073285|0.9663108744014313|0.9874002586593502|0.9855023321513033
0.9921875|0.921875|0.0078125|0.015625|0.9855023321513033|0.9874002586593502|1.0|1.0
0.9453125|0.875|0.0078125|0.03125|0.9615704001821427|0.9636304967213161|0.9683205717486798|0.9663108744014313
0.9921875|0.875|0.0078125|0.03125|0.9874002586593502|0.9882816781865392|1.0|1.0
0.9453125|0.828125|0.0078125|0.015625|0.9636304967213161|0.9532147817414248|0.9664791387588607|0.9683205717486798
0.96875|0.828125|0.015625|0.015625|0.9683205717486798|0.9664791387588607|0.986801256799415|0.9882816781865392
0.9921875|0.828125|0.0078125|0.015625|0.9882816781865392|0.986801256799415|1.0|1.0
0.7578125|0.8046875|0.0078125|0.0078125|0.7673382798362177|0.7721131541042758|0.7853242191353077|0.784178849069405
0.78125|0.8046875|0.015625|0.0078125|0.784178849069405|0.7853242191353077|0.8180720044832385|0.8088854198299865
0.8046875|0.8046875|0.0078125|0.0078125|0.8088854198299865|0.8180720044832385|0.8340537131375205|0.8248485582737727
0.7578125|0.78125|0.0078125|0.015625|0.7721131541042758|0.7813759179714118|0.79847301437588|0.7853242191353077
0.8046875|0.78125|0.0078125|0.015625|0.8180720044832385|0.8310806790079939|0.8434669625859097|0.8340537131375205
0.7578125|0.7578125|0.0078125|0.0078125|0.7813759179714118|0.791907271150286|0.8089264109898441|0.79847301437588
0.78125|0.7578125|0.015625|0.0078125|0.79847301437588|0.8089264109898441|0.8329251553345907|0.8310806790079939
0.8046875|0.7578125|0.0078125|0.0078125|0.8310806790079939|0.8329251553345907|0.8488452689249869|0.8434669625859097
0.828125|0.8046875|0.015625|0.0078125|0.8248485582737727|0.8340537131375205|0.856889766912709|0.8606631646996269
0.875|0.8046875|0.03125|0.0078125|0.8606631646996269|0.856889766912709|0.9262236985043322|0.9209542769185347
0.921875|0.8046875|0.015625|0.0078125|0.9209542769185347|0.9262236985043322|0.9480122493524624|0.9532147817414248
0.828125|0.78125|0.015625|0.015625|0.8340537131375205|0.8434669625859097|0.8637079500189456|0.856889766912709
0.921875|0.78125|0.015625|0.015625|0.9262236985043322|0.9261399664683957|0.9456431089578691|0.9480122493524624
0.828125|0.7578125|0.015625|0.0078125|0.8434669625859097|0.8488452689249869|0.8736341560498355|0.8637079500189456
0.875|0.7578125|0.03125|0.0078125|0.8637079500189456|0.8736341560498355|0.9204558231428938|0.9261399664683957
0.921875|0.7578125|0.015625|0.0078125|0.9261399664683957|0.9204558231428938|0.9449657409456865|0.9456431089578691
0.9453125|0.8046875|0.0078125|0.0078125|0.9532147817414248|0.9480122493524624|0.9613904936502023|0.9664791387588607
0.96875|0.8046875|0.015625|0.0078125|0.9664791387588607|0.9613904936502023|0.9889807076482348|0.986801256799415
0.9921875|0.8046875|0.0078125|0.0078125|0.986801256799415|0.9889807076482348|1.0|1.0
0.9453125|0.78125|0.0078125|0.015625|0.9480122493524624|0.9456431089578691|0.9584647352906915|0.9613904936502023
0.9921875|0.78125|0.0078125|0.015625|0.9889807076482348|0.987814469407509|1.0|1.0
0.9453125|0.7578125|0.0078125|0.0078125|0.9456431089578691|0.9449657409456865|0.9609055557788044|0.9584647352906915
0.96875|0.7578125|0.015625|0.0078125|0.9584647352906915|0.9609055557788044|0.9847879956793368|0.987814469407509
0.9921875|0.7578125|0.0078125|0.0078125|0.987814469407509|0.9847879956793368|1.0|1.0
0.265625|0.9921875|0.015625|0.0078125|0.24850360668423313|0.24861719198528826|0.2706857822554115|0.276887991956428
0.3125|0.9921875|0.03125|0.0078125|0.276887991956428|0.2706857822554115|0.3401669110142991|0.33570620308356003
0.359375|0.9921875|0.015625|0.0078125|0.33570620308356003|0.3401669110142991|0.36512219395363293|0.3665673481903001
0.265625|0.96875|0.015625|0.015625|0.24861719198528826|0.24767205277435259|0.26736515104936565|0.2706857822554115
0.359375|0.96875|0.015625|0.015625|0.3401669110142991|0.33204261922069006|0.3581423661303635|0.36512219395363293
0.265625|0.9453125|0.015625|0.0078125|0.24767205277435259|0.24673163408544282|0.2711273205117818|0.26736515104936565
0.3125|0.9453125|0.03125|0.0078125|0.26736515104936565|0.2711273205117818|0.3175320176450263|0.33204261922069006
0.359375|0.9453125|0.015625|0.0078125|0.33204261922069006|0.3175320176450263|0.343222691422103|0.3581423661303635
0.40625|0.9921875|0.03125|0.0078125|0.3665673481903001|0.36512219395363293|0.4132218568010626|0.42960547745120026
0.5|0.9921875|0.0625|0.0078125|0.42960547745120026|0.4132218568010626|0.5866844551914404|0.5702996091638154
0.59375|0.9921875|0.03125|0.0078125|0.5702996091638154|0.5866844551914404|0.6347842841346294|0.6333386003042404
0.40625|0.96875|0.03125|0.015625|0.36512219395363293|0.3581423661303635|0.4089651219604624|0.4132218568010626
0.59375|0.96875|0.03125|0.015625|0.5866844551914404|0.5909420498489089|0.6417667132140987|0.6347842841346294
0.40625|0.9453125|0.03125|0.0078125|0.3581423661303635|0.343222691422103|0.4227522437917302|0.4089651219604624
0.5|0.9453125|0.0625|0.0078125|0.4089651219604624|0.4227522437917302|0.5771554755351017|0.5909420498489089
0.59375|0.9453125|0.03125|0.0078125|0.5909420498489089|0.5771554755351017|0.6566881339810503|0.6417667132140987
0.640625|0.9921875|0.015625|0.0078125|0.6333386003042404|0.6347842841346294|0.6597412021925824|0.6642019126954304
0.6875|0.9921875|0.03125|0.0078125|0.6642019126954304|0.6597412021925824|0.729228806683457|0.7230255276492926
0.734375|0.9921875|0.015625|0.0078125|0.7230255276492926|0.729228806683457|0.7512998513049023|0.7514138053519178
0.640625|0.96875|0.015625|0.015625|0.6347842841346294|0.6417667132140987|0.6678679666363628|0.6597412021925824
0.734375|0.96875|0.015625|0.015625|0.729228806683457|0.7325515270304334|0.7522483467536144|0.7512998513049023
0.640625|0.9453125|0.015625|0.0078125|0.6417667132140987|0.6566881339810503|0.6823821874042191|0.6678679666363628
0.6875|0.9453125|0.03125|0.0078125|0.6678679666363628|0.6823821874042191|0.7287911327672874|0.7325515270304334
0.734375|0.9453125|0.015625|0.0078125|0.7325515270304334|0.7287911327672874|0.7531902202378125|0.7522483467536144
0.265625|0.921875|0.015625|0.015625|0.24673163408544282|0.24499276399867292|0.2650687551572376|0.2711273205117818
0.3125|0.921875|0.03125|0.015625|0.2711273205117818|0.2650687551572376|0.31114318177930606|0.3175320176450263
0.359375|0.921875|0.015625|0.015625|0.3175320176450263|0.31114318177930606|0.3188625631828883|0.343222691422103
0.265625|0.875|0.015625|0.03125|0.24499276399867292|0.23831552981340715|0.2584476617144899|0.2650687551572376
0.359375|0.875|0.015625|0.03125|0.31114318177930606|0.306156699614217|0.3150737838512497|0.3188625631828883
0.265625|0.828125|0.015625|0.015625|0.23831552981340715|0.23260636682307445|0.2589997132328484|0.2584476617144899
0.3125|0.828125|0.03125|0.015625|0.2584476617144899|0.2589997132328484|0.3089546609609745|0.306156699614217
0.359375|0.828125|0.015625|0.015625|0.306156699614217|0.3089546609609745|0.33583503822010663|0.3150737838512497
0.640625|0.921875|0.015625|0.015625|0.6566881339810503|0.6810555763356568|0.6887748888085011|0.6823821874042191
0.6875|0.921875|0.03125|0.015625|0.6823821874042191|0.6887748888085011|0.7348547051621767|0.7287911327672874
0.734375|0.921875|0.015625|0.015625|0.7287911327672874|0.7348547051621767|0.7549344448481291|0.7531902202378125
0.640625|0.875|0.015625|0.03125|0.6810555763356568|0.6848540803461843|0.693773209278242|0.6887748888085011
0.734375|0.875|0.015625|0.03125|0.7348547051621767|0.7414887238770421|0.7616228012708776|0.7549344448481291
0.640625|0.828125|0.015625|0.015625|0.6848540803461843|0.6640989509744532|0.6909800389735634|0.693773209278242
0.6875|0.828125|0.03125|0.015625|0.693773209278242|0.6909800389735634|0.7409416968411395|0.7414887238770421
0.734375|0.828125|0.015625|0.015625|0.7414887238770421|0.7409416968411395|0.7673382798362177|0.7616228012708776
0.265625|0.8046875|0.015625|0.0078125|0.23260636682307445|0.22783894094876198|0.2498011063863659|0.2589997132328484
0.3125|0.8046875|0.03125|0.0078125|0.2589997132328484|0.2498011063863659|0.3217193729147025|0.3089546609609745
0.359375|0.8046875|0.015625|0.0078125|0.3089546609609745|0.3217193729147025|0.3493036755379556|0.33583503822010663
0.265625|0.78125|0.015625|0.015625|0.22783894094876198|0.21858642390412863|0.24463166161974978|0.2498011063863659
0.359375|0.78125|0.015625|0.015625|0.3217193729147025|0.3259850680885196|0.3543821549576977|0.3493036755379556
0.265625|0.7578125|0.015625|0.0078125|0.21858642390412863|0.2080631312151498|0.2494595010007963|0.24463166161974978
0.3125|0.7578125|0.03125|0.0078125|0.24463166161974978|0.2494595010007963|0.31990427100091556|0.3259850680885196
0.359375|0.7578125|0.015625|0.0078125|0.3259850680885196|0.31990427100091556|0.3550707721993387|0.3543821549576977
0.40625|0.8046875|0.03125|0.0078125|0.33583503822010663|0.3493036755379556|0.4032506677521591|0.4184093125837876
0.5|0.8046875|0.0625|0.0078125|0.4184093125837876|0.4032506677521591|0.5966836719253769|0.5815245550689704
0.59375|0.8046875|0.03125|0.0078125|0.5815245550689704|0.5966836719253769|0.6506315277199527|0.6640989509744532
0.40625|0.78125|0.03125|0.015625|0.3493036755379556|0.3543821549576977|0.40666441422901534|0.4032506677521591
0.59375|0.78125|0.03125|0.015625|0.5966836719253769|0.593271715365299|0.6455554796429086|0.6506315277199527
0.40625|0.7578125|0.03125|0.0078125|0.3543821549576977|0.3550707721993387|0.42390525304850907|0.40666441422901534
0.5|0.7578125|0.0625|0.0078125|0.40666441422901534|0.42390525304850907|0.5760313154470531|0.593271715365299
0.59375|0.7578125|0.03125|0.0078125|0.593271715365299|0.5760313154470531|0.6448681573300399|0.6455554796429086
0.640625|0.8046875|0.015625|0.0078125|0.6640989509744532|0.6506315277199527|0.6782176185240383|0.6909800389735634
0.6875|0.8046875|0.03125|0.0078125|0.6909800389735634|0.6782176185240383|0.7501466905659839|0.7409416968411395
0.734375|0.8046875|0.015625|0.0078125|0.7409416968411395|0.7501466905659839|0.7721131541042758|0.7673382798362177
0.640625|0.78125|0.015625|0.015625|0.6506315277199527|0.6455554796429086|0.6739559066040821|0.6782176185240383
0.734375|0.78125|0.015625|0.015625|0.7501466905659839|0.7553241984393223|0.7813759179714118|0.7721131541042758
0.640625|0.7578125|0.015625|0.0078125|0.6455554796429086|0.6448681573300399|0.6800387244991567|0.6739559066040821
0.6875|0.7578125|0.03125|0.0078125|0.6739559066040821|0.6800387244991567|0.7504977563242615|0.7553241984393223
0.734375|0.7578125|0.015625|0.0078125|0.7553241984393223|0.7504977563242615|0.791907271150286|0.7813759179714118
0.0078125|0.9921875|0.0078125|0.0078125|0.0|0.0|0.013641982822604296|0.016423146615012412
0.03125|0.9921875|0.015625|0.0078125|0.016423146615012412|0.013641982822604296|0.04705720234143718|0.04490128387007499
0.0546875|0.9921875|0.0078125|0.0078125|0.04490128387007499|0.04705720234143718|0.0618222621755123|0.06224081982675902
0.0078125|0.96875|0.0078125|0.015625|0.0|0.0|0.012211523937387383|0.013641982822604296
0.0546875|0.96875|0.0078125|0.015625|0.04705720234143718|0.043182596702875845|0.05842236330584224|0.0618222621755123
0.0078125|0.9453125|0.0078125|0.0078125|0.0|0.0|0.014491850214723387|0.012211523937387383
0.03125|0.9453125|0.015625|0.0078125|0.012211523937387383|0.014491850214723387|0.03696222499941547|0.043182596702875845
0.0546875|0.9453125|0.0078125|0.0078125|0.043182596702875845|0.03696222499941547|0.051950296759127476|0.05842236330584224
0.078125|0.9921875|0.015625|0.0078125|0.06224081982675902|0.0618222621755123|0.08514650141596009|0.0918365833848297
0.125|0.9921875|0.03125|0.0078125|0.0918365833848297|0.08514650141596009|0.15956733710697277|0.153044873219412
0.171875|0.9921875|0.015625|0.0078125|0.153044873219412|0.15956733710697277|0.18309507454705784|0.18294745650258934
0.078125|0.96875|0.015625|0.015625|0.0618222621755123|0.05842236330584224|0.08298295819226241|0.08514650141596009
0.171875|0.96875|0.015625|0.015625|0.15956733710697277|0.16095116182566288|0.18555151106067894|0.18309507454705784
0.078125|0.9453125|0.015625|0.0078125|0.05842236330584224|0.051950296759127476|0.08856474094728338|0.08298295819226241
0.125|0.9453125|0.03125|0.0078125|0.08298295819226241|0.08856474094728338|0.15513822736908447|0.16095116182566288
0.171875|0.9453125|0.015625|0.0078125|0.16095116182566288|0.15513822736908447|0.19099093662496697|0.18555151106067894
0.1953125|0.9921875|0.0078125|0.0078125|0.18294745650258934|0.18309507454705784|0.19843171067086351|0.20091737085523229
0.21875|0.9921875|0.015625|0.0078125|0.20091737085523229|0.19843171067086351|0.2338150207962207|0.23102029327895562
0.2421875|0.9921875|0.0078125|0.0078125|0.23102029327895562|0.2338150207962207|0.24861719198528826|0.24850360668423313
0.1953125|0.96875|0.0078125|0.015625|0.18309507454705784|0.18555151106067894|0.20098187832607856|0.19843171067086351
0.2421875|0.96875|0.0078125|0.015625|0.2338150207962207|0.2340109759662124|0.24767205277435259|0.24861719198528826
0.1953125|0.9453125|0.0078125|0.0078125|0.18555151106067894|0.19099093662496697|0.20619503798418803|0.20098187832607856
0.21875|0.9453125|0.015625|0.0078125|0.20098187832607856|0.20619503798418803|0.23054485998474702|0.2340109759662124
0.2421875|0.9453125|0.0078125|0.0078125|0.2340109759662124|0.23054485998474702|0.24673163408544282|0.24767205277435259
0.0078125|0.921875|0.0078125|0.015625|0.0|0.0|0.012595002283113494|0.014491850214723387
0.03125|0.921875|0.015625|0.015625|0.014491850214723387|0.012595002283113494|0.033677109683775935|0.03696222499941547
0.0546875|0.921875|0.0078125|0.015625|0.03696222499941547|0.033677109683775935|0.03841598895074668|0.051950296759127476
0.0078125|0.875|0.0078125|0.03125|0.0|0.0|0.011715737566247046|0.012595002283113494
0.0546875|0.875|0.0078125|0.03125|0.033677109683775935|0.031671764292607915|0.03636040155661462|0.03841598895074668
0.0078125|0.828125|0.0078125|0.015625|0.0|0.0|0.01319621942534156|0.011715737566247046
0.03125|0.828125|0.015625|0.015625|0.011715737566247046|0.01319621942534156|0.03351476390838359|0.031671764292607915
0.0546875|0.828125|0.0078125|0.015625|0.031671764292607915|0.03351476390838359|0.04677690492752158|0.03636040155661462
0.1953125|0.921875|0.0078125|0.015625|0.19099093662496697|0.20037129128954817|0.2064908531274987|0.20619503798418803
0.21875|0.921875|0.015625|0.015625|0.20619503798418803|0.2064908531274987|0.2304901364463687|0.23054485998474702
0.2421875|0.921875|0.0078125|0.015625|0.23054485998474702|0.2304901364463687|0.24499276399867292|0.24673163408544282
0.1953125|0.875|0.0078125|0.03125|0.20037129128954817|0.19259291848137408|0.197290032636322|0.2064908531274987
0.2421875|0.875|0.0078125|0.03125|0.2304901364463687|0.22167299579990865|0.23831552981340715|0.24499276399867292
0.1953125|0.828125|0.0078125|0.015625|0.19259291848137408|0.1751126610190803|0.19107059881681637|0.197290032636322
0.21875|0.828125|0.015625|0.015625|0.197290032636322|0.19107059881681637|0.21577159142046484|0.22167299579990865
0.2421875|0.828125|0.0078125|0.015625|0.22167299579990865|0.21577159142046484|0.23260636682307445|0.23831552981340715
0.0078125|0.8046875|0.0078125|0.0078125|0.0|0.0|0.011017454421515674|0.01319621942534156
0.03125|0.8046875|0.015625|0.0078125|0.01319621942534156|0.011017454421515674|0.038603258287854145|0.03351476390838359
0.0546875|0.8046875|0.0078125|0.0078125|0.03351476390838359|0.038603258287854145|0.05197952776849045|0.04677690492752158
0.0078125|0.78125|0.0078125|0.015625|0.0|0.0|0.012184350151682764|0.011017454421515674
0.0546875|0.78125|0.0078125|0.015625|0.038603258287854145|0.04153032639203403|0.05435076302479231|0.05197952776849045
0.0078125|0.7578125|0.0078125|0.0078125|0.0|0.0|0.015210820111868053|0.012184350151682764
0.03125|0.7578125|0.015625|0.0078125|0.012184350151682764|0.015210820111868053|0.03909117018606848|0.04153032639203403
0.0546875|0.7578125|0.0078125|0.0078125|0.04153032639203403|0.03909117018606848|0.05503015555192069|0.05435076302479231
0.078125|0.8046875|0.015625|0.0078125|0.04677690492752158|0.05197952776849045|0.07376331057638108|0.07903089060607243
0.125|0.8046875|0.03125|0.0078125|0.07903089060607243|0.07376331057638108|0.14308276939693254|0.13930874003737642
0.171875|0.8046875|0.015625|0.0078125|0.13930874003737642|0.14308276939693254|0.16591328421337864|0.1751126610190803
0.078125|0.78125|0.015625|0.015625|0.05197952776849045|0.05435076302479231|0.07385163116330455|0.07376331057638108
0.171875|0.78125|0.015625|0.015625|0.14308276939693254|0.1362738282034004|0.15651148040516333|0.16591328421337864
0.078125|0.7578125|0.015625|0.0078125|0.05435076302479231|0.05503015555192069|0.07953821367614773|0.07385163116330455
0.125|0.7578125|0.03125|0.0078125|0.07385163116330455|0.07953821367614773|0.12635329739899714|0.1362738282034004
0.171875|0.7578125|0.015625|0.0078125|0.1362738282034004|0.12635329739899714|0.15113894962584415|0.15651148040516333
0.1953125|0.8046875|0.0078125|0.0078125|0.1751126610190803|0.16591328421337864|0.18189071237555898|0.19107059881681637
0.21875|0.8046875|0.015625|0.0078125|0.19107059881681637|0.18189071237555898|0.21463020358195453|0.21577159142046484
0.2421875|0.8046875|0.0078125|0.0078125|0.21577159142046484|0.21463020358195453|0.22783894094876198|0.23260636682307445
0.1953125|0.78125|0.0078125|0.015625|0.16591328421337864|0.15651148040516333|0.1688955776429285|0.18189071237555898
0.2421875|0.78125|0.0078125|0.015625|0.21463020358195453|0.20149498600388568|0.21858642390412863|0.22783894094876198
0.1953125|0.7578125|0.0078125|0.0078125|0.15651148040516333|0.15113894962584415|0.16705701447140447|0.1688955776429285
0.21875|0.7578125|0.015625|0.0078125|0.1688955776429285|0.16705701447140447|0.19105115687071053|0.20149498600388568
0.2421875|0.7578125|0.0078125|0.0078125|0.20149498600388568|0.19105115687071053|0.2080631312151498|0.21858642390412863
0.0078125|0.734375|0.0078125|0.015625|0.0|0.0|0.01382011706962123|0.015210820111868053
0.03125|0.734375|0.015625|0.015625|0.015210820111868053|0.01382011706962123|0.040184854775790715|0.03909117018606848
0.0546875|0.734375|0.0078125|0.015625|0.03909117018606848|0.040184854775790715|0.05520873662472929|0.05503015555192069
0.0078125|0.6875|0.0078125|0.03125|0.0|0.0|0.012561697795559145|0.01382011706962123
0.0546875|0.6875|0.0078125|0.03125|0.040184854775790715|0.03687448062146518|0.05183611372314545|0.05520873662472929
0.0078125|0.640625|0.0078125|0.015625|0.0|0.0|0.01431608741230555|0.012561697795559145
0.03125|0.640625|0.015625|0.015625|0.012561697795559145|0.01431608741230555|0.03242447911562554|0.03687448062146518
0.0546875|0.640625|0.0078125|0.015625|0.03687448062146518|0.03242447911562554|0.04707907743620387|0.05183611372314545
0.078125|0.734375|0.015625|0.015625|0.05503015555192069|0.05520873662472929|0.07533215135997698|0.07953821367614773
0.125|0.734375|0.03125|0.015625|0.07953821367614773|0.07533215135997698|0.12539340498765364|0.12635329739899714
0.171875|0.734375|0.015625|0.015625|0.12635329739899714|0.12539340498765364|0.14428103593855204|0.15113894962584415
0.078125|0.6875|0.015625|0.03125|0.05520873662472929|0.05183611372314545|0.0709256604244444|0.07533215135997698
0.171875|0.6875|0.015625|0.03125|0.12539340498765364|0.11867318577736945|0.13607739287703516|0.14428103593855204
0.078125|0.640625|0.015625|0.015625|0.05183611372314545|0.04707907743620387|0.07386927130112192|0.0709256604244444
0.125|0.640625|0.03125|0.015625|0.0709256604244444|0.07386927130112192|0.11385714710846026|0.11867318577736945
0.171875|0.640625|0.015625|0.015625|0.11867318577736945|0.11385714710846026|0.1362084309889269|0.13607739287703516
0.1953125|0.734375|0.0078125|0.015625|0.15113894962584415|0.14428103593855204|0.15997761518476603|0.16705701447140447
0.21875|0.734375|0.015625|0.015625|0.16705701447140447|0.15997761518476603|0.1810372339379505|0.19105115687071053
0.2421875|0.734375|0.0078125|0.015625|0.19105115687071053|0.1810372339379505|0.1842425277456482|0.2080631312151498
0.1953125|0.6875|0.0078125|0.03125|0.14428103593855204|0.13607739287703516|0.14542755665458942|0.15997761518476603
0.2421875|0.6875|0.0078125|0.03125|0.1810372339379505|0.15853919818091158|0.16258071604561333|0.1842425277456482
0.1953125|0.640625|0.0078125|0.015625|0.13607739287703516|0.1362084309889269|0.1452639479925506|0.14542755665458942
0.21875|0.640625|0.015625|0.015625|0.14542755665458942|0.1452639479925506|0.1533812890723118|0.15853919818091158
0.2421875|0.640625|0.0078125|0.015625|0.15853919818091158|0.1533812890723118|0.15624790995659507|0.16258071604561333
0.0078125|0.59375|0.0078125|0.03125|0.0|0.0|0.012555682354330591|0.01431608741230555
0.03125|0.59375|0.015625|0.03125|0.01431608741230555|0.012555682354330591|0.03017826609199781|0.03242447911562554
0.0546875|0.59375|0.0078125|0.03125|0.03242447911562554|0.03017826609199781|0.03494221680610068|0.04707907743620387
0.0078125|0.5|0.0078125|0.0625|0.0|0.0|0.01256272195238217|0.012555682354330591
0.0546875|0.5|0.0078125|0.0625|0.03017826609199781|0.030192702763983965|0.034956763226200435|0.03494221680610068
0.0078125|0.40625|0.0078125|0.03125|0.0|0.0|0.014326265769002396|0.01256272195238217
0.03125|0.40625|0.015625|0.03125|0.01256272195238217|0.014326265769002396|0.03244774636112173|0.030192702763983965
0.0546875|0.40625|0.0078125|0.03125|0.030192702763983965|0.03244774636112173|0.04711400639636072|0.034956763226200435
0.1953125|0.59375|0.0078125|0.03125|0.1362084309889269|0.14300520523240046|0.14522185205936056|0.1452639479925506
0.21875|0.59375|0.015625|0.03125|0.1452639479925506|0.14522185205936056|0.15154301548025897|0.1533812890723118
0.2421875|0.59375|0.0078125|0.03125|0.1533812890723118|0.15154301548025897|0.15318410386409378|0.15624790995659507
0.1953125|0.5|0.0078125|0.0625|0.14300520523240046|0.14304928418954713|0.14527437640519092|0.14522185205936056
0.2421875|0.5|0.0078125|0.0625|0.15154301548025897|0.15159682217527454|0.15322949940318414|0.15318410386409378
0.1953125|0.40625|0.0078125|0.03125|0.14304928418954713|0.13629121398221725|0.1453457828429096|0.14527437640519092
0.21875|0.40625|0.015625|0.03125|0.14527437640519092|0.1453457828429096|0.15346657186373933|0.15159682217527454
0.2421875|0.40625|0.0078125|0.03125|0.15159682217527454|0.15346657186373933|0.15633372170600274|0.15322949940318414
0.0078125|0.359375|0.0078125|0.015625|0.0|0.0|0.012571419330783266|0.014326265769002396
0.03125|0.359375|0.015625|0.015625|0.014326265769002396|0.012571419330783266|0.03690387791564206|0.03244774636112173
0.0546875|0.359375|0.0078125|0.015625|0.03244774636112173|0.03690387791564206|0.05187844284262447|0.04711400639636072
0.0078125|0.3125|0.0078125|0.03125|0.0|0.0|0.013833417335405718|0.012571419330783266
0.0546875|0.3125|0.0078125|0.03125|0.03690387791564206|0.04022223643771289|0.0552595376661582|0.05187844284262447
0.0078125|0.265625|0.0078125|0.015625|0.0|0.0|0.01522589227175393|0.013833417335405718
0.03125|0.265625|0.015625|0.015625|0.013833417335405718|0.01522589227175393|0.039129866342233914|0.04022223643771289
0.0546875|0.265625|0.0078125|0.015625|0.04022223643771289|0.039129866342233914|0.05508341561199703|0.0552595376661582
0.078125|0.359375|0.015625|0.015625|0.04711400639636072|0.05187844284262447|0.07098155719103148|0.07392672332375207
0.125|0.359375|0.03125|0.015625|0.07392672332375207|0.07098155719103148|0.118762183443991|0.11393710806108774
0.171875|0.359375|0.015625|0.015625|0.11393710806108774|0.118762183443991|0.13617284939357305|0.13629121398221725
0.078125|0.3125|0.015625|0.03125|0.05187844284262447|0.0552595376661582|0.07540204722477818|0.07098155719103148
0.171875|0.3125|0.015625|0.03125|0.118762183443991|0.125503921669611|0.14440417879274137|0.13617284939357305
0.078125|0.265625|0.015625|0.015625|0.0552595376661582|0.05508341561199703|0.07961395247443591|0.07540204722477818
0.125|0.265625|0.03125|0.015625|0.07540204722477818|0.07961395247443591|0.1264722019002561|0.125503921669611
0.171875|0.265625|0.015625|0.015625|0.125503921669611|0.1264722019002561|0.1512807427754455|0.14440417879274137
0.1953125|0.359375|0.0078125|0.015625|0.13629121398221725|0.13617284939357305|0.14552426699482773|0.1453457828429096
0.21875|0.359375|0.015625|0.015625|0.1453457828429096|0.14552426699482773|0.15864151350863845|0.15346657186373933
0.2421875|0.359375|0.0078125|0.015625|0.15346657186373933|0.15864151350863845|0.16268914096183035|0.15633372170600274
0.1953125|0.3125|0.0078125|0.03125|0.13617284939357305|0.14440417879274137|0.1601175184793036|0.14552426699482773
0.2421875|0.3125|0.0078125|0.03125|0.15864151350863845|0.1811914879033107|0.1843972704328707|0.16268914096183035
0.1953125|0.265625|0.0078125|0.015625|0.14440417879274137|0.1512807427754455|0.16721196631948265|0.1601175184793036
0.21875|0.265625|0.015625|0.015625|0.1601175184793036|0.16721196631948265|0.1912229917211393|0.1811914879033107
0.2421875|0.265625|0.0078125|0.015625|0.1811914879033107|0.1912229917211393|0.20824670386464997|0.1843972704328707
