5000runs
0.01851851851851851|0.3148148148148148|0.01851851851851849|0.01851851851851851|0.010695217866800598|0.007885664127239086|0.0|0.024424059976377317
0.05555555555555554|0.3148148148148148|0.01851851851851849|0.018518518518518517|0.03790567410083893|0.03809688445516992|0.024424059976377317|0.051960919217966035
0.09259259259259256|0.3148148148148148|0.01851851851851849|0.018518518518518504|0.0651161301822934|0.06805395103896672|0.051960919217966035|0.07816881529781533
0.01851851851851851|0.2777777777777778|0.018518518518518545|0.01851851851851851|0.007885664127239086|0.007174614137447998|0.0|0.005020092759226386
0.09259259259259256|0.2777777777777778|0.018518518518518545|0.018518518518518504|0.06805395103896672|0.06539403789901478|0.0702829480971713|0.07740085522496219
0.01851851851851851|0.24074074074074073|0.018518518518518517|0.01851851851851851|0.007174614137447998|0.008972096375945773|0.0|0.021169831518099137
0.05555555555555554|0.24074074074074073|0.018518518518518517|0.018518518518518517|0.033010527540045013|0.03110392341102854|0.021169831518099137|0.046757827620451636
0.09259259259259256|0.24074074074074073|0.018518518518518517|0.018518518518518504|0.06539403789901478|0.05323575031846272|0.046757827620451636|0.07663289485517447
0.12962962962962962|0.3148148148148148|0.01851851851851849|0.018518518518518517|0.08953391036725751|0.087515719538551|0.07816881529781533|0.1068322613408958
0.16666666666666666|0.3148148148148148|0.01851851851851849|0.018518518518518517|0.12204639011487407|0.1231518459958209|0.1068322613408958|0.14057688631322168
0.2037037037037037|0.3148148148148148|0.01851851851851849|0.018518518518518517|0.15455886948201755|0.16605200870516687|0.14057688631322168|0.17081994181979643
0.12962962962962962|0.2777777777777778|0.018518518518518545|0.018518518518518517|0.087515719538551|0.0886397121811219|0.07740085522496219|0.08451876239113126
0.2037037037037037|0.2777777777777778|0.018518518518518545|0.018518518518518517|0.16605200870516687|0.1739288097985625|0.17410209071112848|0.18232545333082026
0.12962962962962962|0.24074074074074073|0.018518518518518517|0.018518518518518545|0.0886397121811219|0.09276066205103672|0.07663289485517447|0.1130093788262336
0.16666666666666666|0.24074074074074073|0.018518518518518517|0.018518518518518517|0.13325809570112973|0.13325809570112973|0.1130093788262336|0.15350681229356317
0.2037037037037037|0.24074074074074073|0.018518518518518517|0.018518518518518517|0.1739288097985625|0.17375552888599657|0.15350681229356317|0.19383096418823464
0.24074074074074073|0.3148148148148148|0.01851851851851849|0.018518518518518517|0.17900858207228035|0.18709338644081697|0.17081994181979643|0.19762991723600085
0.2777777777777778|0.3148148148148148|0.01851851851851849|0.018518518518518545|0.20631483673377526|0.21162187746303118|0.19762991723600085|0.23092087807324724
0.3148148148148148|0.3148148148148148|0.01851851851851849|0.01851851851851849|0.23362109072050807|0.2625345014765116|0.23092087807324724|0.27380304397235217
0.24074074074074073|0.2777777777777778|0.018518518518518545|0.018518518518518517|0.18709338644081697|0.20222760775753346|0.18232545333082026|0.190548816031221
0.3148148148148148|0.2777777777777778|0.018518518518518545|0.01851851851851849|0.2625345014765116|0.27779688011754483|0.27484912437467923|0.28421599079476056
0.24074074074074073|0.24074074074074073|0.018518518518518517|0.018518518518518517|0.20222760775753346|0.226869298988189|0.19383096418823464|0.23269772697070182
0.2777777777777778|0.24074074074074073|0.018518518518518517|0.018518518518518545|0.2514890544770878|0.25565259058828643|0.23269772697070182|0.26611684517118933
0.3148148148148148|0.24074074074074073|0.018518518518518517|0.01851851851851849|0.27779688011754483|0.28443588143049675|0.26611684517118933|0.2946289367128527
0.01851851851851851|0.2037037037037037|0.018518518518518517|0.01851851851851851|0.008972096375945773|0.006581944308949214|0.0|0.018906188261275478
0.05555555555555554|0.2037037037037037|0.018518518518518517|0.018518518518518517|0.03110392341102854|0.029197319282012062|0.018906188261275478|0.0375818461022788
0.09259259259259256|0.2037037037037037|0.018518518518518517|0.018518518518518504|0.05323575031846272|0.04708152230273754|0.0375818461022788|0.045966372957278796
0.01851851851851851|0.16666666666666666|0.018518518518518517|0.01851851851851851|0.006581944308949214|0.007064549814719818|0.0|0.004548831377359535
0.09259259259259256|0.16666666666666666|0.018518518518518517|0.018518518518518504|0.04708152230273754|0.04931182094723712|0.04819667166940787|0.04819667166940787
0.01851851851851851|0.12962962962962962|0.018518518518518517|0.01851851851851851|0.007064549814719818|0.010143465813954117|0.0|0.021113057357459174
0.05555555555555554|0.12962962962962962|0.018518518518518517|0.018518518518518517|0.03264584646283825|0.03528807362745202|0.021113057357459174|0.04153640834395231
0.09259259259259256|0.12962962962962962|0.018518518518518517|0.018518518518518504|0.04931182094723712|0.06043268131939383|0.04153640834395231|0.05042697024807987
0.24074074074074073|0.2037037037037037|0.018518518518518517|0.018518518518518517|0.226869298988189|0.24280313325003058|0.23983219850983578|0.2498241626057736
0.2777777777777778|0.2037037037037037|0.018518518518518517|0.018518518518518545|0.25565259058828643|0.25981612690308076|0.2498241626057736|0.27397162689927235
0.3148148148148148|0.2037037037037037|0.018518518518518517|0.01851851851851849|0.28443588143049675|0.29374451093630716|0.27397162689927235|0.3003564878733506
0.24074074074074073|0.16666666666666666|0.018518518518518517|0.018518518518518517|0.24280313325003058|0.24874500242121653|0.24577406808823798|0.24577406808823798
0.3148148148148148|0.16666666666666666|0.018518518518518517|0.01851851851851849|0.29374451093630716|0.2990632624183229|0.29936189497715043|0.3052779110023843
0.24074074074074073|0.12962962962962962|0.018518518518518517|0.018518518518518517|0.24874500242121653|0.2438009377163015|0.25171593695773575|0.26260187001756025
0.2777777777777778|0.12962962962962962|0.018518518518518517|0.018518518518518545|0.2734878032889181|0.2717353225680552|0.26260187001756025|0.2861262165197781
0.3148148148148148|0.12962962962962962|0.018518518518518517|0.01851851851851849|0.2990632624183229|0.2996697066039786|0.2861262165197781|0.31019933343626876
0.01851851851851851|0.09259259259259256|0.018518518518518504|0.01851851851851851|0.010143465813954117|0.008364705613700901|0.0|0.02431848208857957
0.05555555555555554|0.09259259259259256|0.018518518518518504|0.018518518518518517|0.03528807362745202|0.03793030079206578|0.02431848208857957|0.054184346591386795
0.09259259259259256|0.09259259259259256|0.018518518518518504|0.018518518518518504|0.06043268131939383|0.0775724817434896|0.054184346591386795|0.08956405978219077
0.01851851851851851|0.05555555555555554|0.018518518518518517|0.01851851851851851|0.008364705613700901|0.009703537897855611|0.0|0.006022747842308437
0.09259259259259256|0.05555555555555554|0.018518518518518517|0.018518518518518504|0.0775724817434896|0.08317568538388738|0.08470657109627142|0.09337154597241516
0.01851851851851851|0.01851851851851851|0.01851851851851851|0.01851851851851851|0.009703537897855611|0.013384327962204115|0.0|0.030449445946377333
0.05555555555555554|0.01851851851851851|0.01851851851851851|0.018518518518518517|0.047514563936609855|0.047514563936609855|0.030449445946377333|0.06457968181233616
0.09259259259259256|0.01851851851851851|0.01851851851851851|0.018518518518518504|0.08317568538388738|0.08164479974593687|0.06457968181233616|0.09717903182950435
0.12962962962962962|0.09259259259259256|0.018518518518518504|0.018518518518518517|0.10868972722158304|0.10536312401111628|0.08956405978219077|0.13114199759337616
0.16666666666666666|0.09259259259259256|0.018518518518518504|0.018518518518518517|0.1535942680313924|0.1535942680313924|0.13114199759337616|0.17604653807245985
0.2037037037037037|0.09259259259259256|0.018518518518518504|0.018518518518518517|0.19849880826343697|0.2022575128023685|0.17604653807245985|0.21719237342049016
0.12962962962962962|0.05555555555555554|0.018518518518518517|0.018518518518518517|0.10536312401111628|0.10737489233331245|0.09337154597241516|0.10203652084855885
0.2037037037037037|0.05555555555555554|0.018518518518518517|0.018518518518518517|0.2022575128023685|0.2011099471520333|0.20601621742498666|0.21468119188871262
0.12962962962962962|0.01851851851851851|0.01851851851851851|0.018518518518518545|0.10737489233331245|0.11271326391307183|0.09717903182950435|0.1335858673302024
0.16666666666666666|0.01851851851851851|0.01851851851851851|0.018518518518518517|0.1544584707473329|0.1544584707473329|0.1335858673302024|0.1753310738979817
0.2037037037037037|0.01851851851851851|0.01851851851851851|0.018518518518518517|0.2011099471520333|0.1962036770486305|0.1753310738979817|0.21217000959158502
0.24074074074074073|0.09259259259259256|0.018518518518518504|0.018518518518518517|0.2438009377163015|0.22961605246499095|0.21719237342049016|0.2529343903205654
0.2777777777777778|0.09259259259259256|0.018518518518518504|0.018518518518518545|0.2717353225680552|0.26998284206358747|0.2529343903205654|0.28527881265225574
0.3148148148148148|0.09259259259259256|0.018518518518518504|0.01851851851851849|0.2996697066039786|0.30428283992372035|0.28527881265225574|0.31306777375243283
0.24074074074074073|0.05555555555555554|0.018518518518518517|0.018518518518518517|0.22961605246499095|0.2257412542384132|0.21468119188871262|0.2233461663524386
0.3148148148148148|0.05555555555555554|0.018518518518518517|0.01851851851851849|0.30428283992372035|0.3047864594542685|0.30799089661643964|0.31490338964979525
0.24074074074074073|0.01851851851851851|0.01851851851851851|0.018518518518518517|0.2257412542384132|0.22813634231130847|0.21217000959158502|0.24649776254613837
0.2777777777777778|0.01851851851851851|0.01851851851851851|0.018518518518518545|0.26485918278096826|0.26485918278096826|0.24649776254613837|0.28322060259526327
0.3148148148148148|0.01851851851851851|0.01851851851851851|0.01851851851851849|0.3047864594542685|0.3015820224095582|0.28322060259526327|0.31673900460077203
0.3518518518518518|0.3148148148148148|0.01851851851851849|0.01851851851851849|0.2973862094661349|0.2954845333391995|0.27380304397235217|0.3228710503336036
0.38888888888888884|0.3148148148148148|0.01851851851851849|0.01851851851851849|0.3483558914242804|0.3483558914242804|0.3228710503336036|0.3738407318225662
0.4259259259259259|0.3148148148148148|0.01851851851851849|0.018518518518518545|0.3993255723363633|0.4029343585053218|0.3738407318225662|0.4212016260708363
0.3518518518518518|0.2777777777777778|0.018518518518518545|0.01851851851851849|0.2954845333391995|0.3010480475012683|0.28421599079476056|0.29358285742908463
0.4259259259259259|0.2777777777777778|0.018518518518518545|0.018518518518518545|0.4029343585053218|0.3984698122462739|0.4065431446742802|0.41822526265135945
0.3518518518518518|0.24074074074074073|0.018518518518518517|0.018518518518518434|0.3010480475012683|0.31054954309789634|0.2946289367128527|0.3278264223037656
0.38888888888888884|0.24074074074074073|0.018518518518518517|0.01851851851851849|0.3471396071536212|0.34482435483282287|0.3278264223037656|0.3687680434881822
0.4259259259259259|0.24074074074074073|0.018518518518518517|0.018518518518518545|0.3984698122462739|0.3790991655536736|0.3687680434881822|0.4152488981118476
0.46296296296296297|0.3148148148148148|0.01851851851851849|0.018518518518518545|0.44307768005169396|0.43649253034006635|0.4212016260708363|0.4715388829976631
0.5|0.3148148148148148|0.01851851851851849|0.018518518518518545|0.5000000861935491|0.5000000861935491|0.4715388829976631|0.5284612886382181
0.5370370370370371|0.3148148148148148|0.01851851851851849|0.0185185185185186|0.5569224913328009|0.5635076414199953|0.5284612886382181|0.5787985433168794
0.46296296296296297|0.2777777777777778|0.018518518518518545|0.018518518518518545|0.43649253034006635|0.4350043483931188|0.41822526265135945|0.42990738062843864
0.5370370370370371|0.2777777777777778|0.018518518518518545|0.0185185185185186|0.5635076414199953|0.5649958239448731|0.5700927915071896|0.5817749086561753
0.46296296296296297|0.24074074074074073|0.018518518518518517|0.0185185185185186|0.4350043483931188|0.4401013161577989|0.4152488981118476|0.47005070146643096
0.5|0.24074074074074073|0.018518518518518517|0.018518518518518545|0.500000086775063|0.500000086775063|0.47005070146643096|0.5299494715788097
0.5370370370370371|0.24074074074074073|0.018518518518518517|0.0185185185185186|0.5649958239448731|0.5598988565082015|0.5299494715788097|0.5847512731221444
0.5740740740740741|0.3148148148148148|0.01851851851851849|0.01851851851851849|0.600674595300958|0.5970658104921368|0.5787985433168794|0.6261594314835238
0.6111111111111112|0.3148148148148148|0.01851851851851849|0.01851851851851849|0.6516442676660894|0.6516442676660894|0.6261594314835238|0.6771291032752179
0.6481481481481483|0.3148148148148148|0.01851851851851849|0.0185185185185186|0.7026139391075312|0.7045156160557037|0.6771291032752179|0.7261970973466828
0.5740740740740741|0.2777777777777778|0.018518518518518545|0.01851851851851849|0.5970658104921368|0.6015303577716691|0.5817749086561753|0.5934570259292188
0.6481481481481483|0.2777777777777778|0.018518518518518545|0.0185185185185186|0.7045156160557037|0.6989521055967792|0.706417293003876|0.7157841568112128
0.5740740740740741|0.24074074074074073|0.018518518518518517|0.01851851851851849|0.6015303577716691|0.6209010044173378|0.5847512731221444|0.6312321233962661
0.6111111111111112|0.24074074074074073|0.018518518518518517|0.01851851851851849|0.6528605571737671|0.6551758097895957|0.6312321233962661|0.6721737377363075
0.6481481481481483|0.24074074074074073|0.018518518518518517|0.0185185185185186|0.6989521055967792|0.6894506142039186|0.6721737377363075|0.7053712152055595
0.3518518518518518|0.2037037037037037|0.018518518518518517|0.01851851851851849|0.31054954309789634|0.311889888055286|0.3003564878733506|0.3275474756835919
0.38888888888888884|0.2037037037037037|0.018518518518518517|0.01851851851851849|0.34482435483282287|0.34250910275173574|0.3275474756835919|0.3551554768983143
0.4259259259259259|0.2037037037037037|0.018518518518518517|0.018518518518518545|0.3790991655536736|0.3691509105481906|0.3551554768983143|0.367801851165062
0.3518518518518518|0.16666666666666666|0.018518518518518517|0.01851851851851849|0.311889888055286|0.31641398213618843|0.3052779110023843|0.31119392725933465
0.4259259259259259|0.16666666666666666|0.018518518518518517|0.018518518518518545|0.3691509105481906|0.3718490288089321|0.37049996993131923|0.37049996993131923
0.3518518518518518|0.12962962962962962|0.018518518518518517|0.018518518518518434|0.31641398213618843|0.32359740052445973|0.31019933343626876|0.33632543147695443
0.38888888888888884|0.12962962962962962|0.018518518518518517|0.01851851851851849|0.3510168260656119|0.35461758922257364|0.33632543147695443|0.3621074568760785
0.4259259259259259|0.12962962962962962|0.018518518518518517|0.018518518518518545|0.3718490288089321|0.38563777673581795|0.3621074568760785|0.373198087686545
0.5740740740740741|0.2037037037037037|0.018518518518518517|0.01851851851851849|0.6209010044173378|0.6308492613169475|0.6321983190969657|0.6448446906891838
0.6111111111111112|0.2037037037037037|0.018518518518518517|0.01851851851851849|0.6551758097895957|0.6574910625256726|0.6448446906891838|0.6724526863751918
0.6481481481481483|0.2037037037037037|0.018518518518518517|0.0185185185185186|0.6894506142039186|0.6881102719407577|0.6724526863751918|0.6996436676882996
0.5740740740740741|0.16666666666666666|0.018518518518518517|0.01851851851851849|0.6308492613169475|0.628151145372211|0.6295002036609516|0.6295002036609516
0.6481481481481483|0.16666666666666666|0.018518518518518517|0.0185185185185186|0.6881102719407577|0.6835861804341135|0.6888062336568038|0.6947222481269458
0.5740740740740741|0.12962962962962962|0.018518518518518517|0.01851851851851849|0.628151145372211|0.6143623995996321|0.6268020872099082|0.6378927161484397
0.6111111111111112|0.12962962962962962|0.018518518518518517|0.01851851851851849|0.648983345086971|0.6453825824645539|0.6378927161484397|0.6636747361491969
0.6481481481481483|0.12962962962962962|0.018518518518518517|0.0185185185185186|0.6835861804341135|0.6764027642033149|0.6636747361491969|0.6898008275804088
0.3518518518518518|0.09259259259259256|0.018518518518518504|0.01851851851851849|0.32359740052445973|0.32368832347850784|0.31306777375243283|0.34188955826796963
0.38888888888888884|0.09259259259259256|0.018518518518518504|0.01851851851851849|0.35461758922257364|0.3582183525052179|0.34188955826796963|0.37814790914607294
0.4259259259259259|0.09259259259259256|0.018518518518518504|0.018518518518518545|0.38563777673581795|0.40698575776082224|0.37814790914607294|0.421538419488757
0.3518518518518518|0.05555555555555554|0.018518518518518517|0.01851851851851849|0.32368832347850784|0.32685593491394627|0.31490338964979525|0.32181588292086366
0.4259259259259259|0.05555555555555554|0.018518518518518517|0.018518518518518545|0.40698575776082224|0.4142890853794349|0.4158940496090338|0.4264073051590927
0.3518518518518518|0.01851851851851851|0.01851851851851851|0.018518518518518434|0.32685593491394627|0.331895986907029|0.31673900460077203|0.3520930207216712
0.38888888888888884|0.01851851851851851|0.01851851851851851|0.01851851851851849|0.3722900546634709|0.3722900546634709|0.3520930207216712|0.3924870879723854
0.4259259259259259|0.01851851851851851|0.01851851851851851|0.018518518518518545|0.4142890853794349|0.4126841212812998|0.3924870879723854|0.431276189834426
0.46296296296296297|0.09259259259259256|0.018518518518518504|0.018518518518518545|0.4449993730649033|0.4409599667540661|0.421538419488757|0.4724997322882177
0.5|0.09259259259259256|0.018518518518518504|0.018518518518518545|0.5000000916452076|0.5000000916452076|0.4724997322882177|0.5275004502009315
0.5370370370370371|0.09259259259259256|0.018518518518518504|0.0185185185185186|0.5550008088903312|0.5590402154344674|0.5275004502009315|0.5784617605047638
0.46296296296296297|0.05555555555555554|0.018518518518518517|0.018518518518518545|0.4409599667540661|0.44339440954835196|0.4264073051590927|0.43692056070915164
0.5370370370370371|0.05555555555555554|0.018518518518518517|0.0185185185185186|0.5590402154344674|0.5566057734285368|0.5630796221120401|0.5735928768062
0.46296296296296297|0.01851851851851851|0.01851851851851851|0.0185185185185186|0.44339440954835196|0.4498682583875523|0.431276189834426|0.4749341752456695
0.5|0.01851851851851851|0.01851851851851851|0.018518518518518545|0.5000000921037867|0.5000000921037867|0.4749341752456695|0.52506600842441
0.5370370370370371|0.01851851851851851|0.01851851851851851|0.0185185185185186|0.5566057734285368|0.5501319248788414|0.52506600842441|0.56872399184771
0.5740740740740741|0.09259259259259256|0.018518518518518504|0.01851851851851849|0.6143623995996321|0.5930144217436667|0.5784617605047638|0.621852265852972
0.6111111111111112|0.09259259259259256|0.018518518518518504|0.01851851851851849|0.6453825824645539|0.6417818198421368|0.621852265852972|0.6581106104558974
0.6481481481481483|0.09259259259259256|0.018518518518518504|0.0185185185185186|0.6764027642033149|0.6763118416672506|0.6581106104558974|0.6869323880929226
0.5740740740740741|0.05555555555555554|0.018518518518518517|0.01851851851851849|0.5930144217436667|0.5857110951592618|0.5735928768062|0.5841061315003598
0.6481481481481483|0.05555555555555554|0.018518518518518517|0.0185185185185186|0.6763118416672506|0.6731442306512386|0.6781842820186474|0.6850967732565615
0.5740740740740741|0.01851851851851851|0.01851851851851851|0.01851851851851849|0.5857110951592618|0.5873160590820283|0.56872399184771|0.6075130893183978
0.6111111111111112|0.01851851851851851|0.01851851851851851|0.01851851851851849|0.6277101196864089|0.6277101196864089|0.6075130893183978|0.6479071494215419
0.6481481481481483|0.01851851851851851|0.01851851851851851|0.0185185185185186|0.6731442306512386|0.668104179405193|0.6479071494215419|0.6832611574122044
0.6851851851851852|0.3148148148148148|0.01851851851851849|0.01851851851851849|0.7663790379749282|0.7374656382046951|0.7261970973466828|0.7690792491454223
0.7222222222222223|0.3148148148148148|0.01851851851851849|0.01851851851851849|0.7936852812723076|0.7883782425000038|0.7690792491454223|0.8023701966534319
0.7592592592592594|0.3148148148148148|0.01851851851851849|0.0185185185185186|0.8209915238440186|0.8129067232918308|0.8023701966534319|0.8291801597024343
0.6851851851851852|0.2777777777777778|0.018518518518518545|0.01851851851851849|0.7374656382046951|0.7222032663128495|0.7157841568112128|0.7251510206185495
0.7592592592592594|0.2777777777777778|0.018518518518518545|0.0185185185185186|0.8129067232918308|0.7977725089849826|0.8094512956122268|0.8176746541521691
0.6851851851851852|0.24074074074074073|0.018518518518518517|0.01851851851851849|0.7222032663128495|0.7155642686899406|0.7053712152055595|0.7338832979145775
0.7222222222222223|0.24074074074074073|0.018518518518518517|0.01851851851851849|0.7485110836091975|0.7443475494882558|0.7338832979145775|0.7673024030238439
0.7592592592592594|0.24074074074074073|0.018518518518518517|0.0185185185185186|0.7977725089849826|0.7731308294185013|0.7673024030238439|0.8061691478913208
0.7962962962962963|0.3148148148148148|0.01851851851851849|0.01851851851851849|0.8454412240308915|0.8339480905627729|0.8291801597024343|0.8594231991632488
0.8333333333333334|0.3148148148148148|0.01851851851851849|0.01851851851851849|0.8779536852498945|0.8768482298930632|0.8594231991632488|0.8931678049992978
0.8703703703703705|0.3148148148148148|0.01851851851851849|0.0185185185185186|0.91046614603432|0.9124843355001961|0.8931678049992978|0.9218312340593366
0.7962962962962963|0.2777777777777778|0.018518518518518545|0.01851851851851849|0.8339480905627729|0.8260712931368842|0.8176746541521691|0.8258980127669735
0.8703703703703705|0.2777777777777778|0.018518518518518545|0.0185185185185186|0.9124843355001961|0.9113603431142681|0.9154812908375695|0.9225991936647195
0.7962962962962963|0.24074074074074073|0.018518518518518517|0.01851851851851838|0.8260712931368842|0.8262445735067948|0.8061691478913208|0.8464932791142732
0.8333333333333334|0.24074074074074073|0.018518518518518517|0.01851851851851849|0.8667419847217512|0.8667419847217512|0.8464932791142732|0.8869906900963779
0.8703703703703705|0.24074074074074073|0.018518518518518517|0.0185185185185186|0.9113603431142681|0.9072393954710046|0.8869906900963779|0.9233671529959494
0.9074074074074074|0.3148148148148148|0.01851851851851849|0.01851851851851849|0.9348839113141342|0.9319460922207649|0.9218312340593366|0.9480391139545741
0.9444444444444444|0.3148148148148148|0.01851851851851849|0.01851851851851849|0.9620943502407338|0.9619031399917357|0.9480391139545741|0.975575955698107
0.9814814814814814|0.3148148148148148|0.01851851851851849|0.01851851851851849|0.9893047890270119|0.9921143409519738|0.975575955698107|1.0
0.9074074074074074|0.2777777777777778|0.018518518518518545|0.01851851851851849|0.9319460922207649|0.9346060035225057|0.9225991936647195|0.929717096524117
0.9814814814814814|0.2777777777777778|0.018518518518518545|0.01851851851851849|0.9921143409519738|0.9928253904659201|0.9949799104768567|1.0
0.9074074074074074|0.24074074074074073|0.018518518518518517|0.01851851851851849|0.9346060035225057|0.9467642834412126|0.9233671529959494|0.9532422020132566
0.9444444444444444|0.24074074074074073|0.018518518518518517|0.01851851851851849|0.9669894935208758|0.9688960964734358|0.9532422020132566|0.9788301819836324
0.9814814814814814|0.24074074074074073|0.018518518518518517|0.01851851851851849|0.9928253904659201|0.9910279093722243|0.9788301819836324|1.0
0.6851851851851852|0.2037037037037037|0.018518518518518517|0.01851851851851849|0.7155642686899406|0.7062556439323489|0.6996436676882996|0.726028520317462
0.7222222222222223|0.2037037037037037|0.018518518518518517|0.01851851851851849|0.7443475494882558|0.7401840153673139|0.726028520317462|0.7501759758829131
0.7592592592592594|0.2037037037037037|0.018518518518518517|0.0185185185185186|0.7731308294185013|0.7571970035023425|0.7501759758829131|0.7601679363985123
0.6851851851851852|0.16666666666666666|0.018518518518518517|0.01851851851851849|0.7062556439323489|0.7009368952732411|0.6947222481269458|0.7006382625970877
0.7592592592592594|0.16666666666666666|0.018518518518518517|0.0185185185185186|0.7571970035023425|0.751255137306559|0.7542260706061726|0.7542260706061726
0.6851851851851852|0.12962962962962962|0.018518518518518517|0.01851851851851849|0.7009368952732411|0.7003304514700165|0.6898008275804088|0.7138739370141062
0.7222222222222223|0.12962962962962962|0.018518518518518517|0.01851851851851849|0.7265123461877013|0.7282648258527665|0.7138739370141062|0.7373982750428815
0.7592592592592594|0.12962962962962962|0.018518518518518517|0.0185185185185186|0.751255137306559|0.7561991992610273|0.7373982750428815|0.7482842041096883
0.9074074074074074|0.2037037037037037|0.018518518518518517|0.01851851851851849|0.9467642834412126|0.9529185076646248|0.9540336563615308|0.9624181778937632
0.9444444444444444|0.2037037037037037|0.018518518518518517|0.01851851851851849|0.9688960964734358|0.9708026994259956|0.9624181778937632|0.9810938238565624
0.9814814814814814|0.2037037037037037|0.018518518518518517|0.01851851851851849|0.9910279093722243|0.9934180599037072|0.9810938238565624|1.0
0.9074074074074074|0.16666666666666666|0.018518518518518517|0.01851851851851849|0.9529185076646248|0.9506882101590498|0.9518033589677188|0.9518033589677188
0.9814814814814814|0.16666666666666666|0.018518518518518517|0.01851851851851849|0.9934180599037072|0.9929354546519803|0.9954511715223933|1.0
0.9074074074074074|0.12962962962962962|0.018518518518518517|0.01851851851851849|0.9506882101590498|0.9395673561689414|0.9495730613726565|0.9584636176979424
0.9444444444444444|0.12962962962962962|0.018518518518518517|0.01851851851851849|0.9673541740381688|0.964711948411869|0.9584636176979424|0.9788869559001995
0.9814814814814814|0.12962962962962962|0.018518518518518517|0.01851851851851849|0.9929354546519803|0.9898565405468353|0.9788869559001995|1.0
0.6851851851851852|0.09259259259259256|0.018518518518518504|0.01851851851851849|0.7003304514700165|0.6957173198003338|0.6869323880929226|0.7147213402542351
0.7222222222222223|0.09259259259259256|0.018518518518518504|0.01851851851851849|0.7282648258527665|0.7300173055178316|0.7147213402542351|0.7470657500164704
0.7592592592592594|0.09259259259259256|0.018518518518518504|0.0185185185185186|0.7561991992610273|0.7703840778709954|0.7470657500164704|0.7828077505240053
0.6851851851851852|0.05555555555555554|0.018518518518518517|0.01851851851851849|0.6957173198003338|0.6952136999568458|0.6850967732565615|0.6920092644944758
0.7592592592592594|0.05555555555555554|0.018518518518518517|0.0185185185185186|0.7703840778709954|0.77425887396735|0.7766539612268815|0.785318931470099
0.6851851851851852|0.01851851851851851|0.01851851851851851|0.01851851851851849|0.6952136999568458|0.6984181355344904|0.6832611574122044|0.7167795484281783
0.7222222222222223|0.01851851851851851|0.01851851851851851|0.01851851851851849|0.735140961542469|0.735140961542469|0.7167795484281783|0.7535023740254086
0.7592592592592594|0.01851851851851851|0.01851851851851851|0.0185185185185186|0.77425887396735|0.7718637867078186|0.7535023740254086|0.7878301116543955
0.7962962962962963|0.09259259259259256|0.018518518518518504|0.01851851851851849|0.8015013066166736|0.7977426041649951|0.7828077505240053|0.823953564660458
0.8333333333333334|0.09259259259259256|0.018518518518518504|0.01851851851851849|0.8464058228542896|0.8464058228542896|0.823953564660458|0.8688580807079985
0.8703703703703705|0.09259259259259256|0.018518518518518504|0.0185185185185186|0.8913103385617078|0.8946369399900069|0.8688580807079985|0.9104359947552892
0.7962962962962963|0.05555555555555554|0.018518518518518517|0.01851851851851849|0.7977426041649951|0.7988901690722121|0.785318931470099|0.7939839017133167
0.8703703703703705|0.05555555555555554|0.018518518518518517|0.0185185185185186|0.8946369399900069|0.8926251728122647|0.8979635414183059|0.9066285111814124
0.7962962962962963|0.01851851851851851|0.01851851851851851|0.01851851851851838|0.7988901690722121|0.8037964366009723|0.7878301116543955|0.824669028584779
0.8333333333333334|0.01851851851851851|0.01851851851851851|0.01851851851851849|0.8455416207182864|0.8455416207182864|0.824669028584779|0.8664142124516037
0.8703703703703705|0.01851851851851851|0.01851851851851851|0.0185185185185186|0.8926251728122647|0.887286804251685|0.8664142124516037|0.9028210272922624
0.9074074074074074|0.09259259259259256|0.018518518518518504|0.01851851851851849|0.9395673561689414|0.922427565993424|0.9104359947552892|0.9458156868914709
0.9444444444444444|0.09259259259259256|0.018518518518518504|0.01851851851851849|0.964711948411869|0.9620697228177159|0.9458156868914709|0.9756815330649095
0.9814814814814814|0.09259259259259256|0.018518518518518504|0.01851851851851849|0.9898565405468353|0.9916352996171426|0.9756815330649095|1.0
0.9074074074074074|0.05555555555555554|0.018518518518518517|0.01851851851851849|0.922427565993424|0.9168243656804342|0.9066285111814124|0.9152934810280288
0.9814814814814814|0.05555555555555554|0.018518518518518517|0.01851851851851849|0.9916352996171426|0.9902964681384205|0.9939772559221822|1.0
0.9074074074074074|0.01851851851851851|0.01851851851851851|0.01851851851851849|0.9168243656804342|0.9183552503328398|0.9028210272922624|0.9354203578506487
0.9444444444444444|0.01851851851851851|0.01851851851851851|0.01851851851851849|0.9524854654264341|0.9524854654264341|0.9354203578506487|0.9695505728875116
0.9814814814814814|0.01851851851851851|0.01851851851851851|0.01851851851851849|0.9902964681384205|0.9866156803546589|0.9695505728875116|1.0
0.6851851851851852|0.6481481481481483|0.0185185185185186|0.01851851851851849|0.7663790252643766|0.791569342327777|0.7829778090512974|0.7909850590845269
0.7222222222222223|0.6481481481481483|0.0185185185185186|0.01851851851851849|0.7936852699129281|0.7989923092499918|0.7909850590845269|0.8123065984303623
0.7592592592592594|0.6481481481481483|0.0185185185185186|0.0185185185185186|0.8209915140411146|0.8319328580313516|0.8123065984303623|0.8372525796492097
0.6851851851851852|0.6111111111111112|0.01851851851851849|0.01851851851851849|0.791569342327777|0.8087524087434214|0.8001608756724818|0.8001608756724818
0.7592592592592594|0.6111111111111112|0.01851851851851849|0.0185185185185186|0.8319328580313516|0.8392497604114467|0.8382448285679902|0.8435518669719667
0.6851851851851852|0.5740740740740741|0.01851851851851849|0.01851851851851849|0.8087524087434214|0.820207786635955|0.817343941882461|0.8230716297916805
0.7222222222222223|0.5740740740740741|0.01851851851851849|0.01851851851851849|0.8287993178344661|0.8287993182720919|0.8230716297916805|0.8345270049817228
0.7592592592592594|0.5740740740740741|0.01851851851851849|0.0185185185185186|0.8392497604114467|0.8373908494114131|0.8345270049817228|0.8498511537908291
0.7962962962962963|0.6481481481481483|0.0185185185185186|0.01851851851851849|0.8454412154852043|0.8488715885318149|0.8372525796492097|0.8639717028259216
0.8333333333333334|0.6481481481481483|0.0185185185185186|0.01851851851851849|0.8779536784095006|0.8790591339641566|0.8639717028259216|0.8952520204898806
0.8703703703703705|0.6481481481481483|0.0185185185185186|0.0185185185185186|0.9104661409576094|0.9165426473291666|0.8952520204898806|0.9235188190988014
0.7962962962962963|0.6111111111111112|0.01851851851851849|0.01851851851851849|0.8488715885318149|0.8541532604076824|0.8435518669719667|0.8488589053759432
0.8703703703703705|0.6111111111111112|0.01851851851851849|0.0185185185185186|0.9165426473291666|0.9203256342506306|0.9216403877028722|0.9280528813836605
0.7962962962962963|0.5740740740740741|0.01851851851851849|0.01851851851851838|0.8541532604076824|0.8594476154394215|0.8498511537908291|0.8743384318545829
0.8333333333333334|0.5740740740740741|0.01851851851851849|0.01851851851851849|0.8892292483113108|0.8892292483113108|0.8743384318545829|0.9041200645188665
0.8703703703703705|0.5740740740740741|0.01851851851851849|0.0185185185185186|0.9203256342506306|0.9190108807983891|0.9041200645188665|0.9325869434680855
0.9074074074074074|0.6481481481481483|0.0185185185185186|0.01851851851851849|0.9348839076047094|0.9350290531116433|0.9235188190988014|0.9489391447549459
0.9444444444444444|0.6481481481481483|0.0185185185185186|0.01851851851851849|0.9620943480694978|0.9622855583646289|0.9489391447549459|0.975823182188066
0.9814814814814814|0.6481481481481483|0.0185185185185186|0.01851851851851849|0.9893047884102761|0.9923152534894135|0.975823182188066|1.0
0.9074074074074074|0.6111111111111112|0.01851851851851849|0.01851851851851849|0.9350290531116433|0.9403141906011154|0.9280528813836605|0.9344653750887135
0.9814814814814814|0.6111111111111112|0.01851851851851849|0.01851851851851849|0.9923152534894135|0.9934938493531976|0.9952697009516784|1.0
0.9074074074074074|0.5740740740740741|0.01851851851851849|0.01851851851851849|0.9403141906011154|0.9532624338943326|0.9325869434680855|0.9584884564872275
0.9444444444444444|0.5740740740740741|0.01851851851851849|0.01851851851851849|0.9708139068366731|0.9726873116808554|0.9584884564872275|0.981265952296583
0.9814814814814814|0.5740740740740741|0.01851851851851849|0.01851851851851849|0.9934938493531976|0.992112189363274|0.981265952296583|1.0
0.6851851851851852|0.5370370370370371|0.0185185185185186|0.01851851851851849|0.820207786635955|0.823071632342503|0.8230716315271008|0.8259354751847029
0.7222222222222223|0.5370370370370371|0.0185185185185186|0.01851851851851849|0.8287993182720919|0.8287993188423048|0.8259354751847029|0.8316631627353427
0.7592592592592594|0.5370370370370371|0.0185185185185186|0.0185185185185186|0.8373908494114131|0.8345270074759761|0.8316631627353427|0.8345270066940739
0.6851851851851852|0.5|0.018518518518518545|0.01851851851851849|0.823071632342503|0.823071633822164|0.8230716333001208|0.8230716333001208
0.7592592592592594|0.5|0.018518518518518545|0.0185185185185186|0.8345270074759761|0.8345270088968306|0.8345270083922522|0.8345270083922522
0.6851851851851852|0.46296296296296297|0.018518518518518545|0.01851851851851849|0.823071633822164|0.8202077907726463|0.8230716344918307|0.8259354784306411
0.7222222222222223|0.46296296296296297|0.018518518518518545|0.01851851851851849|0.8287993223694515|0.8287993224282953|0.8259354784306411|0.8316631659552192
0.7592592592592594|0.46296296296296297|0.018518518518518545|0.0185185185185186|0.8345270088968306|0.8373908534175333|0.8316631659552192|0.8345270095409866
0.9074074074074074|0.5370370370370371|0.0185185185185186|0.01851851851851849|0.9532624338943326|0.9603618619630905|0.960361861687354|0.9674612890931625
0.9444444444444444|0.5370370370370371|0.0185185185185186|0.01851851851851849|0.9726873116808554|0.9745607165250378|0.9674612890931625|0.983533548740982
0.9814814814814814|0.5370370370370371|0.0185185185185186|0.01851851851851849|0.992112189363274|0.9943797857574004|0.983533548740982|1.0
0.9074074074074074|0.5|0.018518518518518545|0.01851851851851849|0.9603618619630905|0.9603618624786313|0.9603618622547648|0.9603618622547648
0.9814814814814814|0.5|0.018518518518518545|0.01851851851851849|0.9943797857574004|0.9943797858678972|0.9962531905447458|1.0
0.9074074074074074|0.46296296296296297|0.018518518518518545|0.01851851851851849|0.9603618624786313|0.9532624355462956|0.9603618627203211|0.9674612900113747
0.9444444444444444|0.46296296296296297|0.018518518518518545|0.01851851851851849|0.9745607173318522|0.9726873126465915|0.9674612900113747|0.9835335492564539
0.9814814814814814|0.46296296296296297|0.018518518518518545|0.01851851851851849|0.9943797858678972|0.9921121896326438|0.9835335492564539|1.0
0.6851851851851852|0.4259259259259259|0.018518518518518545|0.01851851851851849|0.8202077907726463|0.8087524155309931|0.8173439472062389|0.8230716347708026
0.7222222222222223|0.4259259259259259|0.018518518518518545|0.01851851851851849|0.8287993224282953|0.8287993224871392|0.8230716347708026|0.8345270098906096
0.7592592592592594|0.4259259259259259|0.018518518518518545|0.0185185185185186|0.8373908534175333|0.839249766458694|0.8345270098906096|0.8498511591308555
0.6851851851851852|0.38888888888888884|0.01851851851851849|0.01851851851851849|0.8087524155309931|0.791569352088113|0.8001608840172101|0.8001608840172101
0.7592592592592594|0.38888888888888884|0.01851851851851849|0.0185185185185186|0.839249766458694|0.8319328661699553|0.838244835623308|0.8435518739585881
0.6851851851851852|0.3518518518518518|0.01851851851851849|0.01851851851851849|0.791569352088113|0.7663790379749282|0.7829778202476547|0.7909850700599653
0.7222222222222223|0.3518518518518518|0.01851851851851849|0.01851851851851849|0.7989923200446115|0.7936852812723076|0.7909850700599653|0.8123066083806069
0.7592592592592594|0.3518518518518518|0.01851851851851849|0.0185185185185186|0.8319328661699553|0.8209915238440186|0.8123066083806069|0.8372525881724758
0.7962962962962963|0.4259259259259259|0.018518518518518545|0.01851851851851849|0.8594476210300257|0.854153266661947|0.8498511591308555|0.8743384369254202
0.8333333333333334|0.4259259259259259|0.018518518518518545|0.01851851851851849|0.8892292528832092|0.8892292528832092|0.8743384369254202|0.9041200686412644
0.8703703703703705|0.4259259259259259|0.018518518518518545|0.0185185185185186|0.9190108844363605|0.9203256380140393|0.9041200686412644|0.9325869463947065
0.7962962962962963|0.38888888888888884|0.01851851851851849|0.01851851851851849|0.854153266661947|0.8488715959942487|0.8435518739585881|0.8488589122938682
0.8703703703703705|0.38888888888888884|0.01851851851851849|0.0185185185185186|0.9203256380140393|0.9165426517480689|0.921640391664758|0.9280528849803787
0.7962962962962963|0.3518518518518518|0.01851851851851849|0.01851851851851838|0.8488715959942487|0.8454412240308915|0.8372525881724758|0.8639717101175374
0.8333333333333334|0.3518518518518518|0.01851851851851849|0.01851851851851849|0.8790591406607273|0.8779536852498945|0.8639717101175374|0.8952520262370524
0.8703703703703705|0.3518518518518518|0.01851851851851849|0.0185185185185186|0.9165426517480689|0.91046614603432|0.8952520262370524|0.9235188232891176
0.9074074074074074|0.4259259259259259|0.018518518518518545|0.01851851851851849|0.9532624355462956|0.9403141933733915|0.9325869463947065|0.9584884581938575
0.9444444444444444|0.4259259259259259|0.018518518518518545|0.01851851851851849|0.9726873126465915|0.9708139079729311|0.9584884581938575|0.9812659530160741
0.9814814814814814|0.4259259259259259|0.018518518518518545|0.01851851851851849|0.9921121896326438|0.9934938496265748|0.9812659530160741|1.0
0.9074074074074074|0.38888888888888884|0.01851851851851849|0.01851851851851849|0.9403141933733915|0.9350290565214275|0.9280528849803787|0.934465378331999
0.9814814814814814|0.38888888888888884|0.01851851851851849|0.01851851851851849|0.9934938496265748|0.992315253906199|0.9952697011805182|1.0
0.9074074074074074|0.3518518518518518|0.01851851851851849|0.01851851851851849|0.9350290565214275|0.9348839113141342|0.9235188232891176|0.9489391476002939
0.9444444444444444|0.3518518518518518|0.01851851851851849|0.01851851851851849|0.9622855605072161|0.9620943502407338|0.9489391476002939|0.9758231835583323
0.9814814814814814|0.3518518518518518|0.01851851851851849|0.01851851851851849|0.992315253906199|0.9893047890270119|0.9758231835583323|1.0
0.6851851851851852|0.9814814814814814|0.01851851851851849|0.01851851851851849|0.69841811435419|0.6952136787223573|0.6832611356764936|0.7167795282052374
0.7222222222222223|0.9814814814814814|0.01851851851851849|0.01851851851851849|0.7351409421329074|0.7351409421329074|0.7167795282052374|0.7535023557808533
0.7592592592592594|0.9814814814814814|0.01851851851851849|0.0185185185185186|0.7718637694287993|0.7742588567893766|0.7535023557808533|0.7878300954033528
0.6851851851851852|0.9444444444444444|0.01851851851851849|0.01851851851851849|0.6952136787223573|0.6957172985952776|0.6850967515626775|0.6920092430905245
0.7592592592592594|0.9444444444444444|0.01851851851851849|0.0185185185185186|0.7742588567893766|0.7703840606729279|0.7766539442746723|0.7853189150509347
0.6851851851851852|0.9074074074074074|0.01851851851851849|0.01851851851851849|0.6957172985952776|0.70033043082348|0.6869323668187172|0.7147213201665026
0.7222222222222223|0.9074074074074074|0.01851851851851849|0.01851851851851849|0.7300172862268923|0.7282648064284036|0.7147213201665026|0.7470657315803491
0.7592592592592594|0.9074074074074074|0.01851851851851849|0.0185185185185186|0.7703840606729279|0.7561991814166137|0.7470657315803491|0.7828077341578265
0.7962962962962963|0.9814814814814814|0.01851851851851849|0.01851851851851849|0.8037964213779064|0.7988901536025516|0.7878300954033528|0.824669014857433
0.8333333333333334|0.9814814814814814|0.01851851851851849|0.01851851851851849|0.8455416084364674|0.8455416084364674|0.824669014857433|0.8664142017883448
0.8703703703703705|0.9814814814814814|0.01851851851851849|0.0185185185185186|0.8872867951402226|0.8926251640825751|0.8664142017883448|0.9028210193570425
0.7962962962962963|0.9444444444444444|0.01851851851851849|0.01851851851851849|0.7988901536025516|0.7977425885963646|0.7853189150509347|0.7939838858271967
0.8703703703703705|0.9444444444444444|0.01851851851851849|0.0185185185185186|0.8926251640825751|0.8946369314201597|0.8979635330882665|0.9066285035504432
0.7962962962962963|0.9074074074074074|0.01851851851851849|0.01851851851851838|0.7977425885963646|0.8015012913655324|0.7828077341578265|0.8239535510080404
0.8333333333333334|0.9074074074074074|0.01851851851851849|0.01851851851851849|0.8464058107506804|0.8464058107506804|0.8239535510080404|0.8688580702284088
0.8703703703703705|0.9074074074074074|0.01851851851851849|0.0185185185185186|0.8946369314201597|0.8913103297823072|0.8688580702284088|0.9104359875057573
0.9074074074074074|0.9814814814814814|0.01851851851851849|0.01851851851851849|0.9183552436312545|0.9168243588497353|0.9028210193570425|0.9354203525610615
0.9444444444444444|0.9814814814814814|0.01851851851851849|0.01851851851851849|0.9524854614908684|0.9524854614908684|0.9354203525610615|0.9695505703545718
0.9814814814814814|0.9814814814814814|0.01851851851851849|0.01851851851851849|0.9866156792365466|0.9902964673298144|0.9695505703545718|1.0
0.9074074074074074|0.9444444444444444|0.01851851851851849|0.01851851851851849|0.9168243588497353|0.9224275596520306|0.9066285035504432|0.9152934740682163
0.9814814814814814|0.9444444444444444|0.01851851851851849|0.01851851851851849|0.9902964673298144|0.9916352989295345|0.9939772554230821|1.0
0.9074074074074074|0.9074074074074074|0.01851851851851849|0.01851851851851849|0.9224275596520306|0.9395673513097231|0.9104359875057573|0.9458156825089238
0.9444444444444444|0.9074074074074074|0.01851851851851849|0.01851851851851849|0.9620697197470452|0.9647119455645184|0.9458156825089238|0.9756815310866391
0.9814814814814814|0.9074074074074074|0.01851851851851849|0.01851851851851849|0.9916352989295345|0.9898565397219748|0.9756815310866391|1.0
0.6851851851851852|0.8703703703703705|0.0185185185185186|0.01851851851851849|0.70033043082348|0.7009368750960628|0.6898008067163343|0.7138739170853812
0.7222222222222223|0.8703703703703705|0.0185185185185186|0.01851851851851849|0.7282648064284036|0.7265123267021717|0.7138739170853812|0.7373982562994205
0.7592592592592594|0.8703703703703705|0.0185185185185186|0.0185185185185186|0.7561991814166137|0.7512551195592226|0.7373982562994205|0.7482841858966691
0.6851851851851852|0.8333333333333334|0.01851851851851849|0.01851851851851849|0.7009368750960628|0.7062556246283751|0.6947222279003015|0.700638242645881
0.7592592592592594|0.8333333333333334|0.01851851851851849|0.0185185185185186|0.7512551195592226|0.7571969867463395|0.7542260532912802|0.7542260532912802
0.6851851851851852|0.7962962962962963|0.01851851851851849|0.01851851851851849|0.7062556246283751|0.7155642504768824|0.6996436484546058|0.7260285023494156
0.7222222222222223|0.7962962962962963|0.01851851851851849|0.01851851851851849|0.7401839981644569|0.7443475326363512|0.7260285023494156|0.7501759591487466
0.7592592592592594|0.7962962962962963|0.01851851851851849|0.0185185185185186|0.7571969867463395|0.7731308142997368|0.7501759591487466|0.7601679202013988
0.9074074074074074|0.8703703703703705|0.0185185185185186|0.01851851851851849|0.9395673513097231|0.9506882063420785|0.9495730573739558|0.9584636143759193
0.9444444444444444|0.8703703703703705|0.0185185185185186|0.01851851851851849|0.9647119455645184|0.9673541713935793|0.9584636143759193|0.9788869541998542
0.9814814814814814|0.8703703703703705|0.0185185185185186|0.01851851851851849|0.9898565397219748|0.9929354540907662|0.9788869541998542|1.0
0.9074074074074074|0.8333333333333334|0.01851851851851849|0.01851851851851849|0.9506882063420785|0.9529185042159282|0.9518033553258203|0.9518033553258203
0.9814814814814814|0.8333333333333334|0.01851851851851849|0.01851851851851849|0.9929354540907662|0.9934180594295429|0.9954511711754032|1.0
0.9074074074074074|0.7962962962962963|0.01851851851851849|0.01851851851851849|0.9529185042159282|0.9467642798321851|0.9540336531370129|0.9624181752555041
0.9444444444444444|0.7962962962962963|0.01851851851851849|0.01851851851851849|0.9708026973893529|0.9688960943366666|0.9624181752555041|0.9810938225365177
0.9814814814814814|0.7962962962962963|0.01851851851851849|0.01851851851851849|0.9934180594295429|0.9910279087570507|0.9810938225365177|1.0
0.6851851851851852|0.7592592592592594|0.0185185185185186|0.01851851851851849|0.7155642504768824|0.7222032492707828|0.7053711969813625|0.7338832808726247
0.7222222222222223|0.7592592592592594|0.0185185185185186|0.01851851851851849|0.7443475326363512|0.7485110672505363|0.7338832808726247|0.7673023878233053
0.7592592592592594|0.7592592592592594|0.0185185185185186|0.0185185185185186|0.7731308142997368|0.797772496118521|0.7673023878233053|0.806169135372122
0.6851851851851852|0.7222222222222223|0.01851851851851849|0.01851851851851849|0.7222032492707828|0.7374656227588355|0.7157841396623891|0.7251510040468525
0.7592592592592594|0.7222222222222223|0.01851851851851849|0.0185185185185186|0.797772496118521|0.8129067121506732|0.8094512838298505|0.8176746428649566
0.6851851851851852|0.6851851851851852|0.01851851851851849|0.01851851851851849|0.7374656227588355|0.7663790252643766|0.7261970818135159|0.769079236060773
0.7222222222222223|0.6851851851851852|0.01851851851851849|0.01851851851851849|0.7883782306408503|0.7936852699129281|0.769079236060773|0.8023701855561732
0.7592592592592594|0.6851851851851852|0.01851851851851849|0.0185185185185186|0.8129067121506732|0.8209915140411146|0.8023701855561732|0.8291801499029496
0.7962962962962963|0.7592592592592594|0.0185185185185186|0.01851851851851849|0.8262445623315663|0.8260712821454376|0.806169135372122|0.8464932692036717
0.8333333333333334|0.7592592592592594|0.0185185185185186|0.01851851851851849|0.8667419760757773|0.8667419760757773|0.8464932692036717|0.8869906827781132
0.8703703703703705|0.7592592592592594|0.0185185185185186|0.0185185185185186|0.9072393895111657|0.911360337558753|0.8869906827781132|0.9233671480115822
0.7962962962962963|0.7222222222222223|0.01851851851851849|0.01851851851851849|0.8260712821454376|0.8339480806468559|0.8176746428649566|0.8258980020145514
0.8703703703703705|0.7222222222222223|0.01851851851851849|0.0185185185185186|0.911360337558753|0.9124843302686633|0.9154812856063402|0.9225991888494799
0.7962962962962963|0.6851851851851852|0.01851851851851849|0.01851851851851838|0.8339480806468559|0.8454412154852043|0.8291801499029496|0.8594231910946238
0.8333333333333334|0.6851851851851852|0.01851851851851849|0.01851851851851849|0.8768482228548446|0.8779536784095006|0.8594231910946238|0.8931677988929153
0.8703703703703705|0.6851851851851852|0.01851851851851849|0.0185185185185186|0.9124843302686633|0.9104661409576094|0.8931677988929153|0.9218312295064981
0.9074074074074074|0.7592592592592594|0.0185185185185186|0.01851851851851849|0.9467642798321851|0.9346059993321115|0.9233671480115822|0.9532421989133474
0.9444444444444444|0.7592592592592594|0.0185185185185186|0.01851851851851849|0.9688960943366666|0.9669894912839799|0.9532421989133474|0.9788301805571994
0.9814814814814814|0.7592592592592594|0.0185185185185186|0.01851851851851849|0.9910279087570507|0.9928253899947231|0.9788301805571994|1.0
0.9074074074074074|0.7222222222222223|0.01851851851851849|0.01851851851851849|0.9346059993321115|0.9319460880860446|0.9225991888494799|0.9297170921215081
0.9814814814814814|0.7222222222222223|0.01851851851851849|0.01851851851851849|0.9928253899947231|0.9921143404753314|0.994979910160787|1.0
0.9074074074074074|0.6851851851851852|0.01851851851851849|0.01851851851851849|0.9319460880860446|0.9348839076047094|0.9218312295064981|0.9480391109124738
0.9444444444444444|0.6851851851851852|0.01851851851851849|0.01851851851851849|0.9619031377743664|0.9620943480694978|0.9480391109124738|0.9755759542781347
0.9814814814814814|0.6851851851851852|0.01851851851851849|0.01851851851851849|0.9921143404753314|0.9893047884102761|0.9755759542781347|1.0
0.3518518518518518|0.9814814814814814|0.01851851851851849|0.01851851851851849|0.33189596469832333|0.32685591283231674|0.31673898301946835|0.35209299783838516
0.38888888888888884|0.9814814814814814|0.01851851851851849|0.01851851851851849|0.3722900311432753|0.3722900311432753|0.35209299783838516|0.39248706394320904
0.4259259259259259|0.9814814814814814|0.01851851851851849|0.018518518518518545|0.41268409691437097|0.41428906110220387|0.39248706394320904|0.43127616526410106
0.3518518518518518|0.9444444444444444|0.01851851851851849|0.01851851851851849|0.32685591283231674|0.323688301616675|0.3149033680488016|0.32181586096631015
0.4259259259259259|0.9444444444444444|0.01851851851851849|0.018518518518518545|0.41428906110220387|0.4069857337364795|0.4158940252900367|0.42640728068131994
0.3518518518518518|0.9074074074074074|0.01851851851851849|0.018518518518518434|0.323688301616675|0.3235973790378821|0.3130677524423048|0.3418895359691683
0.38888888888888884|0.9074074074074074|0.01851851851851849|0.01851851851851849|0.35821832967511913|0.35461756662224897|0.3418895359691683|0.3781478859302905
0.4259259259259259|0.9074074074074074|0.01851851851851849|0.018518518518518545|0.4069857337364795|0.3856377534090926|0.3781478859302905|0.421538395395374
0.46296296296296297|0.9814814814814814|0.01851851851851849|0.018518518518518545|0.44986823361383116|0.4433943848432172|0.43127616526410106|0.47493415038085524
0.5|0.9814814814814814|0.01851851851851849|0.018518518518518545|0.5000000671478794|0.5000000671478794|0.47493415038085524|0.5250659835596405
0.5370370370370371|0.9814814814814814|0.01851851851851849|0.0185185185185186|0.5501318999714018|0.5566057486129348|0.5250659835596405|0.5687239672120058
0.46296296296296297|0.9444444444444444|0.01851851851851849|0.018518518518518545|0.4433943848432172|0.4409599423402145|0.42640728068131994|0.43692053616098203
0.5370370370370371|0.9444444444444444|0.01851851851851849|0.0185185185185186|0.5566057486129348|0.5590401908773466|0.5630795974312274|0.5735928521852216
0.46296296296296297|0.9074074074074074|0.01851851851851849|0.0185185185185186|0.4409599423402145|0.4449993486959636|0.421538395395374|0.47249970773579403
0.5|0.9074074074074074|0.01851851851851849|0.018518518518518545|0.5000000668637622|0.5000000668637622|0.47249970773579403|0.5275004256378022
0.5370370370370371|0.9074074074074074|0.01851851851851849|0.0185185185185186|0.5590401908773466|0.5550007844999811|0.5275004256378022|0.5784617363682802
0.5740740740740741|0.9814814814814814|0.01851851851851849|0.01851851851851849|0.5873160346280349|0.5857110708278136|0.5687239672120058|0.6075130653227533
0.6111111111111112|0.9814814814814814|0.01851851851851849|0.01851851851851849|0.6277100961887754|0.6277100961887754|0.6075130653227533|0.6479071265496618
0.6481481481481483|0.9814814814814814|0.01851851851851849|0.0185185185185186|0.6681041570754199|0.6731442085148203|0.6479071265496618|0.6832611356764936
0.5740740740740741|0.9444444444444444|0.01851851851851849|0.01851851851851849|0.5857110708278136|0.593014397632365|0.5735928521852216|0.5841061070275924
0.6481481481481483|0.9444444444444444|0.01851851851851849|0.0185185185185186|0.6731442085148203|0.6763118197065754|0.6781842600348305|0.6850967515626775
0.5740740740740741|0.9074074074074074|0.01851851851851849|0.01851851851851849|0.593014397632365|0.6143623761990421|0.5784617363682802|0.621852242667596
0.6111111111111112|0.9074074074074074|0.01851851851851849|0.01851851851851849|0.6417817970104736|0.6453825597935757|0.621852242667596|0.6581105882347691
0.6481481481481483|0.9074074074074074|0.01851851851851849|0.0185185185185186|0.6763118197065754|0.6764027425920296|0.6581105882347691|0.6869323668187172
0.3518518518518518|0.8703703703703705|0.0185185185185186|0.01851851851851849|0.3235973790378821|0.3164139612031701|0.31019931254223365|0.33632540964896973
0.38888888888888884|0.8703703703703705|0.0185185185185186|0.01851851851851849|0.35461756662224897|0.3510168036531367|0.33632540964896973|0.36210743410232094
0.4259259259259259|0.8703703703703705|0.0185185185185186|0.018518518518518545|0.3856377534090926|0.37184900613813154|0.36210743410232094|0.37319806472081385
0.3518518518518518|0.8333333333333334|0.01851851851851849|0.01851851851851849|0.3164139612031701|0.31188986789741496|0.3052778909351167|0.3111939068381803
0.4259259259259259|0.8333333333333334|0.01851851851851849|0.018518518518518545|0.37184900613813154|0.3691508886308383|0.3704999475554492|0.3704999475554492
0.3518518518518518|0.7962962962962963|0.01851851851851849|0.018518518518518434|0.31188986789741496|0.31054952391121193|0.30035646857789916|0.3275474555204142
0.38888888888888884|0.7962962962962963|0.01851851851851849|0.01851851851851849|0.342509082086855|0.34482433435055404|0.3275474555204142|0.35515545589654113
0.4259259259259259|0.7962962962962963|0.01851851851851849|0.018518518518518545|0.3691508886308383|0.3790991442532035|0.35515545589654113|0.3678018297062274
0.5740740740740741|0.8703703703703705|0.0185185185185186|0.01851851851851849|0.6143623761990421|0.6281511226980402|0.6268020642451995|0.6378926934109387
0.6111111111111112|0.8703703703703705|0.0185185185185186|0.01851851851851849|0.6453825597935757|0.6489833226603641|0.6378926934109387|0.6636747141912082
0.6481481481481483|0.8703703703703705|0.0185185185185186|0.0185185185185186|0.6764027425920296|0.6835861594802302|0.6636747141912082|0.6898008067163343
0.5740740740740741|0.8333333333333334|0.01851851851851849|0.01851851851851849|0.6281511226980402|0.6308492392622684|0.6295001811508808|0.6295001811508808
0.6481481481481483|0.8333333333333334|0.01851851851851849|0.0185185185185186|0.6835861594802302|0.6881102517647796|0.6888062132345393|0.6947222279003015
0.5740740740740741|0.7962962962962963|0.01851851851851849|0.01851851851851849|0.6308492392622684|0.6209009829828804|0.6321982973736562|0.6448446695381264
0.6111111111111112|0.7962962962962963|0.01851851851851849|0.01851851851851849|0.6574910417849938|0.6551757892415375|0.6448446695381264|0.6724526660799156
0.6481481481481483|0.7962962962962963|0.01851851851851849|0.0185185185185186|0.6881102517647796|0.6894505948820341|0.6724526660799156|0.6996436484546058
0.3518518518518518|0.7592592592592594|0.0185185185185186|0.01851851851851849|0.31054952391121193|0.30104802922414736|0.2946289184775855|0.3278264027427348
0.38888888888888884|0.7592592592592594|0.0185185185185186|0.01851851851851849|0.34482433435055404|0.34713958677900064|0.3278264027427348|0.3687680227484276
0.4259259259259259|0.7592592592592594|0.0185185185185186|0.018518518518518545|0.3790991442532035|0.39846979116411974|0.3687680227484276|0.41524887669581084
0.3518518518518518|0.7222222222222223|0.01851851851851849|0.01851851851851849|0.30104802922414736|0.29548451616664995|0.28421597383906233|0.29358283989770895
0.4259259259259259|0.7222222222222223|0.01851851851851849|0.018518518518518545|0.39846979116411974|0.40293433769834625|0.4065431235280601|0.4182252413800965
0.3518518518518518|0.6851851851851852|0.01851851851851849|0.018518518518518434|0.29548451616664995|0.297386192512681|0.2738030285507663|0.32287103251366733
0.38888888888888884|0.6851851851851852|0.01851851851851849|0.01851851851851849|0.34835587251465355|0.34835587251465355|0.32287103251366733|0.3738407121089387
0.4259259259259259|0.6851851851851852|0.01851851851851849|0.018518518518518545|0.40293433769834625|0.39932555186863233|0.3738407121089387|0.42120160537827106
0.46296296296296297|0.7592592592592594|0.0185185185185186|0.018518518518518545|0.44010129459144237|0.43500432691178753|0.41524887669581084|0.470050679822229
0.5|0.7592592592592594|0.0185185185185186|0.018518518518518545|0.5000000650530156|0.5000000650530156|0.470050679822229|0.5299494498512166
0.5370370370370371|0.7592592592592594|0.0185185185185186|0.0185185185185186|0.55989883482208|0.5649958023911054|0.5299494498512166|0.5847512516216745
0.46296296296296297|0.7222222222222223|0.01851851851851849|0.018518518518518545|0.43500432691178753|0.43649250906002135|0.4182252413800965|0.4299073592321328
0.5370370370370371|0.7222222222222223|0.01851851851851849|0.0185185185185186|0.5649958023911054|0.5635076200660479|0.5700927701323277|0.5817748873375933
0.46296296296296297|0.6851851851851852|0.01851851851851849|0.0185185185185186|0.43649250906002135|0.4430776588879099|0.42120160537827106|0.4715388618816721
0.5|0.6851851851851852|0.01851851851851849|0.018518518518518545|0.5000000648754342|0.5000000648754342|0.4715388618816721|0.5284612674374533
0.5370370370370371|0.6851851851851852|0.01851851851851849|0.0185185185185186|0.5635076200660479|0.5569224701718096|0.5284612674374533|0.578798522410772
0.5740740740740741|0.7592592592592594|0.0185185185185186|0.01851851851851849|0.6209009829828804|0.6015303365681626|0.5847512516216745|0.6312321026028294
0.6111111111111112|0.7592592592592594|0.0185185185185186|0.01851851851851849|0.6551757892415375|0.6528605367804786|0.6312321026028294|0.6721737180848546
0.6481481481481483|0.7592592592592594|0.0185185185185186|0.0185185185185186|0.6894505948820341|0.6989520873710093|0.6721737180848546|0.7053711969813625
0.5740740740740741|0.7222222222222223|0.01851851851851849|0.01851851851851849|0.6015303365681626|0.5970657897249935|0.5817748873375933|0.5934570047143094
0.6481481481481483|0.7222222222222223|0.01851851851851849|0.0185185185185186|0.6989520873710093|0.704515598793993|0.7064172754298632|0.7157841396623891
0.5740740740740741|0.6851851851851852|0.01851851851851849|0.01851851851851849|0.5970657897249935|0.6006745748201185|0.578798522410772|0.6261594118166827
0.6111111111111112|0.6851851851851852|0.01851851851851849|0.01851851851851849|0.6516442488132467|0.6516442488132467|0.6261594118166827|0.6771290854856846
0.6481481481481483|0.6851851851851852|0.01851851851851849|0.0185185185185186|0.704515598793993|0.7026139221581227|0.6771290854856846|0.7261970818135159
0.01851851851851851|0.9814814814814814|0.01851851851851849|0.01851851851851851|0.013384326850423562|0.009703537095000239|0.0|0.0304494434280943
0.05555555555555554|0.9814814814814814|0.01851851851851849|0.018518518518518517|0.047514560024030525|0.047514560024030525|0.0304494434280943|0.06457967653461635
0.09259259259259256|0.9814814814814814|0.01851851851851849|0.018518518518518504|0.08164479308373873|0.08317567861536619|0.06457967653461635|0.09717902393126476
0.01851851851851851|0.9444444444444444|0.01851851851851849|0.01851851851851851|0.009703537095000239|0.008364704928490263|0.0|0.006022747345438595
0.09259259259259256|0.9444444444444444|0.01851851851851849|0.018518518518518504|0.08317567861536619|0.07757247542975641|0.08470656419662569|0.09337153836755625
0.01851851851851851|0.9074074074074074|0.01851851851851849|0.01851851851851851|0.008364704928490263|0.010143464996430278|0.0|0.024318480115450295
0.05555555555555554|0.9074074074074074|0.01851851851851849|0.018518518518518517|0.03793029771752513|0.03528807077736559|0.024318480115450295|0.054184342197086746
0.09259259259259256|0.9074074074074074|0.01851851851851849|0.018518518518518504|0.07757247542975641|0.06043267645948018|0.054184342197086746|0.08956405258186179
0.12962962962962962|0.9814814814814814|0.01851851851851849|0.018518518518518517|0.11271325480309|0.10737488365183984|0.09717902393126476|0.13358585666241712
0.16666666666666666|0.9814814814814814|0.01851851851851849|0.018518518518518517|0.15445845852174422|0.15445845852174422|0.13358585666241712|0.1753310602038961
0.2037037037037037|0.9814814814814814|0.01851851851851849|0.018518518518518517|0.19620366188604796|0.20110993173945582|0.1753310602038961|0.21216999349440846
0.12962962962962962|0.9444444444444444|0.01851851851851849|0.018518518518518517|0.10737488365183984|0.1053631155196616|0.09337153836755625|0.10203651256381956
0.2037037037037037|0.9444444444444444|0.01851851851851849|0.018518518518518517|0.20110993173945582|0.20225749730108414|0.20601620159286366|0.2146811755066132
0.12962962962962962|0.9074074074074074|0.01851851851851849|0.018518518518518545|0.1053631155196616|0.10868971847550364|0.08956405258186179|0.13114198719721323
0.16666666666666666|0.9074074074074074|0.01851851851851849|0.018518518518518517|0.1535942559631097|0.1535942559631097|0.13114198719721323|0.17604652446411376
0.2037037037037037|0.9074074074074074|0.01851851851851849|0.018518518518518517|0.20225749730108414|0.19849879306523568|0.17604652446411376|0.21719235703928175
0.24074074074074073|0.9814814814814814|0.01851851851851849|0.018518518518518517|0.22813632516541393|0.22574123726156578|0.21216999349440846|0.24649774430207702
0.2777777777777778|0.9814814814814814|0.01851851851851849|0.018518518518518545|0.26485916350138505|0.26485916350138505|0.24649774430207702|0.28322058234775793
0.3148148148148148|0.9814814814814814|0.01851851851851849|0.01851851851851849|0.3015820013406134|0.3047864381976736|0.28322058234775793|0.31673898301946835
0.24074074074074073|0.9444444444444444|0.01851851851851849|0.018518518518518517|0.22574123726156578|0.22961603524481072|0.2146811755066132|0.22334614942036268
0.3148148148148148|0.9444444444444444|0.01851851851851849|0.01851851851851849|0.3047864381976736|0.30428281883434943|0.307990875131293|0.3149033680488016
0.24074074074074073|0.9074074074074074|0.01851851851851849|0.018518518518518517|0.22961603524481072|0.24380091995500533|0.21719235703928175|0.2529343719138272
0.2777777777777778|0.9074074074074074|0.01851851851851849|0.018518518518518545|0.26998282276557456|0.27173530326201895|0.2529343719138272|0.2852787926153547
0.3148148148148148|0.9074074074074074|0.01851851851851849|0.01851851851851849|0.30428281883434943|0.29966968602571153|0.2852787926153547|0.3130677524423048
0.01851851851851851|0.8703703703703705|0.0185185185185186|0.01851851851851851|0.010143464996430278|0.007064549256311974|0.0|0.021113055659835997
0.05555555555555554|0.8703703703703705|0.0185185185185186|0.018518518518518517|0.03528807077736559|0.032645843847330054|0.021113055659835997|0.04153640503397324
0.09259259259259256|0.8703703703703705|0.0185185185185186|0.018518518518518504|0.06043267645948018|0.04931181715171444|0.04153640503397324|0.050426966246435806
0.01851851851851851|0.8333333333333334|0.01851851851851849|0.01851851851851851|0.007064549256311974|0.006581943839401088|0.0|0.0045488310346143025
0.09259259259259256|0.8333333333333334|0.01851851851851849|0.018518518518518504|0.04931181715171444|0.04708151888441379|0.04819666805699308|0.04819666805699308
0.01851851851851851|0.7962962962962963|0.01851851851851849|0.01851851851851851|0.006581943839401088|0.008972095768882103|0.0|0.01890618695684681
0.05555555555555554|0.7962962962962963|0.01851851851851849|0.018518518518518517|0.02919731727936106|0.03110392130616389|0.01890618695684681|0.03758184350613725
0.09259259259259256|0.7962962962962963|0.01851851851851849|0.018518518518518504|0.04708151888441379|0.0532357467609418|0.03758184350613725|0.04596636974276876
0.24074074074074073|0.8703703703703705|0.0185185185185186|0.018518518518518517|0.24380091995500533|0.24874498479085722|0.2517159187756597|0.2626018513031971
0.2777777777777778|0.8703703703703705|0.0185185185185186|0.018518518518518545|0.27173530326201895|0.2734877839041646|0.2626018513031971|0.2861261966336476
0.3148148148148148|0.8703703703703705|0.0185185185185186|0.01851851851851849|0.29966968602571153|0.29906324215641567|0.2861261966336476|0.31019931254223365
0.24074074074074073|0.8333333333333334|0.01851851851851849|0.018518518518518517|0.24874498479085722|0.24280311654409106|0.24577405080605477|0.24577405080605477
0.3148148148148148|0.8333333333333334|0.01851851851851849|0.01851851851851849|0.29906324215641567|0.2937444916139492|0.2993618750320531|0.3052778909351167
0.24074074074074073|0.7962962962962963|0.01851851851851849|0.018518518518518517|0.24280311654409106|0.22686928400352963|0.23983218228212733|0.24982414595504118
0.2777777777777778|0.7962962962962963|0.01851851851851849|0.018518518518518545|0.25981610976837155|0.25565257390009116|0.24982414595504118|0.2739716089460892
0.3148148148148148|0.7962962962962963|0.01851851851851849|0.01851851851851849|0.2937444916139492|0.28443586326167025|0.2739716089460892|0.30035646857789916
0.01851851851851851|0.7592592592592594|0.0185185185185186|0.01851851851851851|0.008972095768882103|0.0071746136689120705|0.0|0.02116983011660992
0.05555555555555554|0.7592592592592594|0.0185185185185186|0.018518518518518517|0.03110392130616389|0.03301052535401782|0.02116983011660992|0.04675782456096842
0.09259259259259256|0.7592592592592594|0.0185185185185186|0.018518518518518504|0.0532357467609418|0.06539403377058228|0.04675782456096842|0.07663288994233515
0.01851851851851851|0.7222222222222223|0.01851851851851849|0.01851851851851851|0.0071746136689120705|0.007885663656800693|0.0|0.005020092446007863
0.09259259259259256|0.7222222222222223|0.01851851851851849|0.018518518518518504|0.06539403377058228|0.06805394695160463|0.07028294378629589|0.07740085046710675
0.01851851851851851|0.6851851851851852|0.01851851851851849|0.01851851851851851|0.007885663656800693|0.010695217250481824|0.0|0.0244240585634946
0.05555555555555554|0.6851851851851852|0.01851851851851849|0.018518518518518517|0.03809688226737037|0.03790567194619713|0.0244240585634946|0.05196091619747826
0.09259259259259256|0.6851851851851852|0.01851851851851849|0.018518518518518504|0.06805394695160463|0.06511612652771843|0.05196091619747826|0.07816881079532263
0.12962962962962962|0.7592592592592594|0.0185185185185186|0.018518518518518517|0.09276065613627994|0.0886397066388596|0.07663288994233515|0.11300937161273641
0.16666666666666666|0.7592592592592594|0.0185185185185186|0.018518518518518517|0.13325808711991735|0.13325808711991735|0.11300937161273641|0.15350680245721574
0.2037037037037037|0.7592592592592594|0.0185185185185186|0.018518518518518517|0.17375551779451417|0.1739287988652732|0.15350680245721574|0.19383095173281895
0.12962962962962962|0.7222222222222223|0.01851851851851849|0.018518518518518517|0.0886397066388596|0.08751571432526772|0.07740085046710675|0.0845187572010497
0.2037037037037037|0.7222222222222223|0.01851851851851849|0.018518518518518517|0.1739287988652732|0.16605199883783023|0.1741020800450543|0.18232544209947207
0.12962962962962962|0.6851851851851852|0.01851851851851849|0.018518518518518545|0.08751571432526772|0.08953390532699917|0.07816881079532263|0.10683225522483436
0.16666666666666666|0.6851851851851852|0.01851851851851849|0.018518518518518517|0.12315183904207155|0.12204638331899864|0.10683225522483436|0.14057687833633883
0.2037037037037037|0.6851851851851852|0.01851851851851849|0.018518518518518517|0.16605199883783023|0.15455886104428768|0.14057687833633883|0.17081993204050544
0.24074074074074073|0.7592592592592594|0.0185185185185186|0.018518518518518517|0.22686928400352963|0.2022275949966322|0.19383095173281895|0.23269771191439068
0.2777777777777778|0.7592592592592594|0.0185185185185186|0.018518518518518545|0.25565257390009116|0.2514890381038493|0.23269771191439068|0.26611682821567223
0.3148148148148148|0.7592592592592594|0.0185185185185186|0.01851851851851849|0.28443586326167025|0.2777968630539554|0.26611682821567223|0.2946289184775855
0.24074074074074073|0.7222222222222223|0.01851851851851849|0.018518518518518517|0.2022275949966322|0.18709337541475626|0.18232544209947207|0.19054880426833248
0.3148148148148148|0.7222222222222223|0.01851851851851849|0.01851851851851849|0.2777968630539554|0.2625344861489217|0.2748491078553413|0.28421597383906233
0.24074074074074073|0.6851851851851852|0.01851851851851849|0.018518518518518517|0.18709337541475626|0.17900857239815876|0.17081993204050544|0.19762990603904795
0.2777777777777778|0.6851851851851852|0.01851851851851849|0.018518518518518545|0.21162186564059104|0.20631482548220412|0.19762990603904795|0.23092086507900933
0.3148148148148148|0.6851851851851852|0.01851851851851849|0.01851851851851849|0.2625344861489217|0.2336210781496237|0.23092086507900933|0.2738030285507663
0.01851851851851851|0.6481481481481483|0.0185185185185186|0.01851851851851851|0.010695217250481824|0.007684750641875315|0.0|0.02417683063024537
0.05555555555555554|0.6481481481481483|0.0185185185185186|0.018518518518518517|0.03790567194619713|0.037714461638597284|0.02417683063024537|0.051060882276437326
0.09259259259259256|0.6481481481481483|0.0185185185185186|0.018518518518518504|0.06511612652771843|0.06497098167742453|0.051060882276437326|0.076481221059395
0.01851851851851851|0.6111111111111112|0.01851851851851849|0.01851851851851851|0.007684750641875315|0.006506154293461745|0.0|0.004730301648303629
0.09259259259259256|0.6111111111111112|0.01851851851851849|0.018518518518518504|0.06497098167742453|0.05968584213747431|0.0655346604878954|0.07194715747947848
0.01851851851851851|0.5740740740740741|0.01851851851851849|0.01851851851851851|0.006506154293461745|0.007887815154887009|0.0|0.018734058300338276
0.05555555555555554|0.5740740740740741|0.01851851851851849|0.018518518518518517|0.02918610967160198|0.027312703899552638|0.018734058300338276|0.0415115667516819
0.09259259259259256|0.5740740740740741|0.01851851851851849|0.018518518518518504|0.05968584213747431|0.04673759257457464|0.0415115667516819|0.06741309371531296
0.12962962962962962|0.6481481481481483|0.0185185185185186|0.018518518518518517|0.08953390532699917|0.08345739683422156|0.076481221059395|0.10474803340549516
0.16666666666666666|0.6481481481481483|0.0185185185185186|0.018518518518518517|0.12204638331899864|0.12094092767959222|0.10474803340549516|0.13602836602206125
0.2037037037037037|0.6481481481481483|0.0185185185185186|0.018518518518518517|0.15455886104428768|0.15112848911275104|0.13602836602206125|0.16274750129160567
0.12962962962962962|0.6111111111111112|0.01851851851851849|0.018518518518518517|0.08345739683422156|0.07967440905731712|0.07194715747947848|0.07835965449526718
0.2037037037037037|0.6111111111111112|0.01851851851851849|0.018518518518518517|0.15112848911275104|0.14584681729637877|0.15114117387325282|0.15644821488562677
0.12962962962962962|0.5740740740740741|0.01851851851851849|0.018518518518518545|0.07967440905731712|0.08098916361936707|0.06741309371531296|0.09587998796422574
0.16666666666666666|0.5740740740740741|0.01851851851851849|0.018518518518518517|0.1107708123090844|0.1107708123090844|0.09587998796422574|0.1256616364882053
0.2037037037037037|0.5740740740740741|0.01851851851851849|0.018518518518518517|0.14584681729637877|0.1405524607195047|0.1256616364882053|0.1501489281183814
0.24074074074074073|0.6481481481481483|0.0185185185185186|0.018518518518518517|0.17900857239815876|0.1680672270933579|0.16274750129160567|0.18769349175036018
0.2777777777777778|0.6481481481481483|0.0185185185185186|0.018518518518518545|0.20631482548220412|0.20100778538788164|0.18769349175036018|0.20901503848297193
0.3148148148148148|0.6481481481481483|0.0185185185185186|0.01851851851851849|0.2336210781496237|0.20843075809091874|0.20901503848297193|0.21702229171039594
0.24074074074074073|0.6111111111111112|0.01851851851851849|0.018518518518518517|0.1680672270933579|0.16075032570444972|0.15644821488562677|0.16175525600981272
0.3148148148148148|0.6111111111111112|0.01851851851851849|0.01851851851851849|0.20843075809091874|0.19124769071451805|0.1998392245397109|0.1998392245397109
0.24074074074074073|0.5740740740740741|0.01851851851851849|0.018518518518518517|0.16075032570444972|0.16260924164221247|0.1501489281183814|0.16547308624019202
0.2777777777777778|0.5740740740740741|0.01851851851851849|0.018518518518518545|0.17120077696312597|0.17120077746126502|0.16547308624019202|0.17692846685947736
0.3148148148148148|0.5740740740740741|0.01851851851851849|0.01851851851851849|0.19124769071451805|0.17979231268612947|0.17692846685947736|0.18265615688932516
0.01851851851851851|0.5370370370370371|0.0185185185185186|0.01851851851851851|0.007887815154887009|0.005620217556604011|0.0|0.016466460754101367
0.05555555555555554|0.5370370370370371|0.0185185185185186|0.018518518518518517|0.027312703899552638|0.0254392981489143|0.016466460754101367|0.032538729735455164
0.09259259259259256|0.5370370370370371|0.0185185185185186|0.018518518518518504|0.04673759257457464|0.03963816162706162|0.032538729735455164|0.03963816133789043
0.01851851851851851|0.5|0.018518518518518545|0.01851851851851851|0.005620217556604011|0.005620217670967635|0.0|0.0037468117454255577
0.09259259259259256|0.5|0.018518518518518545|0.018518518518518504|0.03963816162706162|0.039638162137711305|0.03963816193317972|0.03963816193317972
0.01851851851851851|0.46296296296296297|0.018518518518518545|0.01851851851851851|0.005620217670967635|0.00788781543136013|0.0|0.016466461273715767
0.05555555555555554|0.46296296296296297|0.018518518518518545|0.018518518518518517|0.0254392989624982|0.02731270487775456|0.016466461273715767|0.03253873065505581
0.09259259259259256|0.46296296296296297|0.018518518518518545|0.018518518518518504|0.039638162137711305|0.04673759423496534|0.03253873065505581|0.03963816237697743
0.24074074074074073|0.5370370370370371|0.0185185185185186|0.018518518518518517|0.16260924164221247|0.16547308868478483|0.165473087893242|0.1683369328934947
0.2777777777777778|0.5370370370370371|0.0185185185185186|0.018518518518518545|0.17120077746126502|0.17120077802655867|0.1683369328934947|0.17406462325520522
0.3148148148148148|0.5370370370370371|0.0185185185185186|0.01851851851851849|0.17979231268612947|0.1769284695049677|0.17406462325520522|0.17692846862055786
0.24074074074074073|0.5|0.018518518518518545|0.018518518518518517|0.16547308868478483|0.165473090124886|0.16547308961065507|0.16547308961065507
0.3148148148148148|0.5|0.018518518518518545|0.01851851851851849|0.1769284695049677|0.1769284709093549|0.17692847038937756|0.17692847038937756
0.24074074074074073|0.46296296296296297|0.018518518518518545|0.018518518518518517|0.165473090124886|0.16260924560950174|0.16547309077870273|0.16833693610571632
0.2777777777777778|0.46296296296296297|0.018518518518518545|0.018518518518518545|0.17120078150364498|0.1712007815708686|0.16833693610571632|0.17406462646606002
0.3148148148148148|0.46296296296296297|0.018518518518518545|0.01851851851851849|0.1769284709093549|0.1797923169075697|0.17406462646606002|0.17692847157693856
0.01851851851851851|0.4259259259259259|0.018518518518518545|0.01851851851851851|0.00788781543136013|0.0065061545679485555|0.0|0.01873405903369647
0.05555555555555554|0.4259259259259259|0.018518518518518545|0.018518518518518517|0.02731270487775456|0.029186110817991644|0.01873405903369647|0.04151156844877027
0.09259259259259256|0.4259259259259259|0.018518518518518545|0.018518518518518504|0.04673759423496534|0.059685844891262156|0.04151156844877027|0.06741309667086921
0.01851851851851851|0.38888888888888884|0.01851851851851849|0.01851851851851851|0.0065061545679485555|0.00768475105755183|0.0|0.004730301879087189
0.09259259259259256|0.38888888888888884|0.01851851851851849|0.018518518518518504|0.059685844891262156|0.06497098506409103|0.06553466374436562|0.07194716106681598
0.01851851851851851|0.3518518518518518|0.01851851851851849|0.01851851851851851|0.00768475105755183|0.010695217866800598|0.0|0.02417683199998087
0.05555555555555554|0.3518518518518518|0.01851851851851849|0.018518518518518517|0.03771446376394527|0.03790567410083893|0.02417683199998087|0.051060885103744284
0.09259259259259256|0.3518518518518518|0.01851851851851849|0.018518518518518504|0.06497098506409103|0.0651161301822934|0.051060885103744284|0.07648122521116324
0.12962962962962962|0.4259259259259259|0.018518518518518545|0.018518518518518517|0.08098916728577381|0.07967441283410441|0.06741309667086921|0.09587999209363988
0.16666666666666666|0.4259259259259259|0.018518518518518545|0.018518518518518517|0.11077081698844486|0.11077081698844486|0.09587999209363988|0.1256616415838354
0.2037037037037037|0.4259259259259259|0.018518518518518545|0.018518518518518517|0.14055246629151397|0.14584682348450376|0.1256616415838354|0.150148933436191
0.12962962962962962|0.38888888888888884|0.01851851851851849|0.018518518518518517|0.07967441283410441|0.08345740121388817|0.07194716106681598|0.0783596584553412
0.2037037037037037|0.38888888888888884|0.01851851851851849|0.018518518518518517|0.14584682348450376|0.1511284965033224|0.1511411807398313|0.15644822189888824
0.12962962962962962|0.3518518518518518|0.01851851851851849|0.018518518518518545|0.08345740121388817|0.08953391036725751|0.07648122521116324|0.10474803916816645
0.16666666666666666|0.3518518518518518|0.01851851851851849|0.018518518518518517|0.12094093428778858|0.12204639011487407|0.10474803916816645|0.13602837331060064
0.2037037037037037|0.3518518518518518|0.01851851851851849|0.018518518518518517|0.1511284965033224|0.15455886948201755|0.13602837331060064|0.16274750977342578
0.24074074074074073|0.4259259259259259|0.018518518518518545|0.018518518518518517|0.16260924560950174|0.16075033181940665|0.150148933436191|0.16547309103768135
0.2777777777777778|0.4259259259259259|0.018518518518518545|0.018518518518518545|0.1712007815708686|0.17120078163809221|0.16547309103768135|0.17692847193814656
0.3148148148148148|0.4259259259259259|0.018518518518518545|0.01851851851851849|0.1797923169075697|0.19124769747682008|0.17692847193814656|0.18265616223820086
0.24074074074074073|0.38888888888888884|0.01851851851851849|0.018518518518518517|0.16075033181940665|0.16806723517308184|0.15644822189888824|0.16175526305794521
0.3148148148148148|0.38888888888888884|0.01851851851851849|0.01851851851851849|0.19124769747682008|0.20843076777540923|0.19983923279326554|0.19983923279326554
0.24074074074074073|0.3518518518518518|0.01851851851851849|0.018518518518518517|0.16806723517308184|0.17900858207228035|0.16274750977342578|0.1876935016089791
0.2777777777777778|0.3518518518518518|0.01851851851851849|0.018518518518518545|0.20100779608814173|0.20631483673377526|0.1876935016089791|0.20901504933679937
0.3148148148148148|0.3518518518518518|0.01851851851851849|0.01851851851851849|0.20843076777540923|0.23362109072050807|0.20901504933679937|0.2170223027575529
