7000runs
0.0004999999999999996|0.0995|0.0004999999999999996|0.0005000000000000004|0.0|0.0|0.0011341286315059483|0.001485063361333236
0.0049999999999999975|0.0995|0.003999999999999998|0.0005000000000000004|0.001485063361333236|0.0011341286315059483|0.007727114340668018|0.0075625170579451595
0.009499999999999995|0.0995|0.0004999999999999987|0.0005000000000000004|0.0075625170579451595|0.007727114340668018|0.008799385912789096|0.009093596470665415
0.0004999999999999996|0.095|0.0004999999999999996|0.0040000000000000036|0.0|0.0|0.0009604971417845912|0.0011341286315059483
0.009499999999999995|0.095|0.0004999999999999987|0.0040000000000000036|0.007727114340668018|0.006667177158606697|0.007749727271521315|0.008799385912789096
0.0004999999999999996|0.0905|0.0004999999999999996|0.0005000000000000004|0.0|0.0|0.0012174038659920857|0.0009604971417845912
0.0049999999999999975|0.0905|0.003999999999999998|0.0005000000000000004|0.0009604971417845912|0.0012174038659920857|0.006231031836076495|0.006667177158606697
0.009499999999999995|0.0905|0.0004999999999999987|0.0005000000000000004|0.006667177158606697|0.006231031836076495|0.0073044173583869994|0.007749727271521315
0.013999999999999992|0.0995|0.003999999999999997|0.0005000000000000004|0.009093596470665415|0.008799385912789096|0.012962584701125261|0.015393369924499363
0.05|0.0995|0.03200000000000001|0.0005000000000000004|0.015393369924499363|0.012962584701125261|0.06405384647743577|0.060893338505428954
0.08600000000000002|0.0995|0.0040000000000000036|0.0005000000000000004|0.060893338505428954|0.06405384647743577|0.06805031226059939|0.06740106231111419
0.013999999999999992|0.095|0.003999999999999997|0.0040000000000000036|0.008799385912789096|0.007749727271521315|0.012266745756710527|0.012962584701125261
0.08600000000000002|0.095|0.0040000000000000036|0.0040000000000000036|0.06405384647743577|0.06578574280178066|0.07064553225016032|0.06805031226059939
0.013999999999999992|0.0905|0.003999999999999997|0.0005000000000000004|0.007749727271521315|0.0073044173583869994|0.013419960655378668|0.012266745756710527
0.05|0.0905|0.03200000000000001|0.0005000000000000004|0.012266745756710527|0.013419960655378668|0.06493253089015943|0.06578574280178066
0.08600000000000002|0.0905|0.0040000000000000036|0.0005000000000000004|0.06578574280178066|0.06493253089015943|0.07138088393404127|0.07064553225016032
0.09050000000000001|0.0995|0.0005000000000000004|0.0005000000000000004|0.06740106231111419|0.06805031226059939|0.06904622042551777|0.0689256607408588
0.095|0.0995|0.00399999999999999|0.0005000000000000004|0.0689256607408588|0.06904622042551777|0.07563992126733173|0.07485192697573487
0.09949999999999999|0.0995|0.0005000000000000004|0.0005000000000000004|0.07485192697573487|0.07563992126733173|0.07695747777948371|0.07617117838179001
0.09050000000000001|0.095|0.0005000000000000004|0.0040000000000000036|0.06805031226059939|0.07064553225016032|0.07190765632586785|0.06904622042551777
0.09949999999999999|0.095|0.0005000000000000004|0.0040000000000000036|0.07563992126733173|0.07848937557778114|0.07952126171479998|0.07695747777948371
0.09050000000000001|0.0905|0.0005000000000000004|0.0005000000000000004|0.07064553225016032|0.07138088393404127|0.07264387239121464|0.07190765632586785
0.095|0.0905|0.00399999999999999|0.0005000000000000004|0.07190765632586785|0.07264387239121464|0.07857182242629304|0.07848937557778114
0.09949999999999999|0.0905|0.0005000000000000004|0.0005000000000000004|0.07848937557778114|0.07857182242629304|0.08012799422548515|0.07952126171479998
0.0004999999999999996|0.08600000000000002|0.0004999999999999996|0.00399999999999999|0.0|0.0|0.0018991108746363166|0.0012174038659920857
0.0049999999999999975|0.08600000000000002|0.003999999999999998|0.00399999999999999|0.0012174038659920857|0.0018991108746363166|0.005193197525260161|0.006231031836076495
0.009499999999999995|0.08600000000000002|0.0004999999999999987|0.00399999999999999|0.006231031836076495|0.005193197525260161|0.006179250824339012|0.0073044173583869994
0.0004999999999999996|0.05|0.0004999999999999996|0.032000000000000015|0.0|0.0|0.001976655540944594|0.0018991108746363166
0.009499999999999995|0.05|0.0004999999999999987|0.032000000000000015|0.005193197525260161|0.005403922620885042|0.006425085801688217|0.006179250824339012
0.0004999999999999996|0.013999999999999992|0.0004999999999999996|0.0040000000000000036|0.0|0.0|0.001267613425954715|0.001976655540944594
0.0049999999999999975|0.013999999999999992|0.003999999999999998|0.0040000000000000036|0.001976655540944594|0.001267613425954715|0.006513551769679147|0.005403922620885042
0.009499999999999995|0.013999999999999992|0.0004999999999999987|0.0040000000000000036|0.005403922620885042|0.006513551769679147|0.007672536193237944|0.006425085801688217
0.09050000000000001|0.08600000000000002|0.0005000000000000004|0.00399999999999999|0.07138088393404127|0.07364492636562647|0.07462163785661179|0.07264387239121464
0.095|0.08600000000000002|0.00399999999999999|0.00399999999999999|0.07264387239121464|0.07462163785661179|0.07882222190704036|0.07857182242629304
0.09949999999999999|0.08600000000000002|0.0005000000000000004|0.00399999999999999|0.07857182242629304|0.07882222190704036|0.08248646673985714|0.08012799422548515
0.09050000000000001|0.05|0.0005000000000000004|0.032000000000000015|0.07364492636562647|0.08156458674598825|0.08291648050962362|0.07462163785661179
0.09949999999999999|0.05|0.0005000000000000004|0.032000000000000015|0.07882222190704036|0.0869131935354845|0.0897329740157639|0.08248646673985714
0.09050000000000001|0.013999999999999992|0.0005000000000000004|0.0040000000000000036|0.08156458674598825|0.08114474287165795|0.08233431071387196|0.08291648050962362
0.095|0.013999999999999992|0.00399999999999999|0.0040000000000000036|0.08291648050962362|0.08233431071387196|0.0880461650094617|0.0869131935354845
0.09949999999999999|0.013999999999999992|0.0005000000000000004|0.0040000000000000036|0.0869131935354845|0.0880461650094617|0.0894856514214957|0.0897329740157639
0.0004999999999999996|0.009499999999999995|0.0004999999999999996|0.0005000000000000004|0.0|0.0|0.0009942269609015627|0.001267613425954715
0.0049999999999999975|0.009499999999999995|0.003999999999999998|0.0005000000000000004|0.001267613425954715|0.0009942269609015627|0.0069416553275018335|0.006513551769679147
0.009499999999999995|0.009499999999999995|0.0004999999999999987|0.0005000000000000004|0.006513551769679147|0.0069416553275018335|0.008108139914953934|0.007672536193237944
0.0004999999999999996|0.0049999999999999975|0.0004999999999999996|0.003999999999999998|0.0|0.0|0.0010199300447476531|0.0009942269609015627
0.009499999999999995|0.0049999999999999975|0.0004999999999999987|0.003999999999999998|0.0069416553275018335|0.007626441633024386|0.00876387646171178|0.008108139914953934
0.0004999999999999996|0.0004999999999999996|0.0004999999999999996|0.0004999999999999996|0.0|0.0|0.0010969932086648474|0.0010199300447476531
0.0049999999999999975|0.0004999999999999996|0.003999999999999998|0.0004999999999999996|0.0010199300447476531|0.0010969932086648474|0.007591582506564724|0.007626441633024386
0.009499999999999995|0.0004999999999999996|0.0004999999999999987|0.0004999999999999996|0.007626441633024386|0.007591582506564724|0.008670285095497785|0.00876387646171178
0.013999999999999992|0.009499999999999995|0.003999999999999997|0.0005000000000000004|0.007672536193237944|0.008108139914953934|0.01321033852326574|0.014664744704514586
0.05|0.009499999999999995|0.03200000000000001|0.0005000000000000004|0.014664744704514586|0.01321033852326574|0.07569144855800569|0.0742058864887055
0.08600000000000002|0.009499999999999995|0.0040000000000000036|0.0005000000000000004|0.0742058864887055|0.07569144855800569|0.08077683831831915|0.08114474287165795
0.013999999999999992|0.0049999999999999975|0.003999999999999997|0.003999999999999998|0.008108139914953934|0.00876387646171178|0.013566872986856524|0.01321033852326574
0.08600000000000002|0.0049999999999999975|0.0040000000000000036|0.003999999999999998|0.07569144855800569|0.07542491691194957|0.08026162785741023|0.08077683831831915
0.013999999999999992|0.0004999999999999996|0.003999999999999997|0.0004999999999999996|0.00876387646171178|0.008670285095497785|0.015246927063063728|0.013566872986856524
0.05|0.0004999999999999996|0.03200000000000001|0.0004999999999999996|0.013566872986856524|0.015246927063063728|0.07377066895870679|0.07542491691194957
0.08600000000000002|0.0004999999999999996|0.0040000000000000036|0.0004999999999999996|0.07542491691194957|0.07377066895870679|0.08037170917562561|0.08026162785741023
0.09050000000000001|0.009499999999999995|0.0005000000000000004|0.0005000000000000004|0.08114474287165795|0.08077683831831915|0.08196824795411536|0.08233431071387196
0.095|0.009499999999999995|0.00399999999999999|0.0005000000000000004|0.08233431071387196|0.08196824795411536|0.08836491736634668|0.0880461650094617
0.09949999999999999|0.009499999999999995|0.0005000000000000004|0.0005000000000000004|0.0880461650094617|0.08836491736634668|0.08944723724272334|0.0894856514214957
0.09050000000000001|0.0049999999999999975|0.0005000000000000004|0.003999999999999998|0.08077683831831915|0.08026162785741023|0.08142552779087882|0.08196824795411536
0.09949999999999999|0.0049999999999999975|0.0005000000000000004|0.003999999999999998|0.08836491736634668|0.08826782308793266|0.08938354290483651|0.08944723724272334
0.09050000000000001|0.0004999999999999996|0.0005000000000000004|0.0004999999999999996|0.08026162785741023|0.08037170917562561|0.08147290475387231|0.08142552779087882
0.095|0.0004999999999999996|0.00399999999999999|0.0004999999999999996|0.08142552779087882|0.08147290475387231|0.08817857250393495|0.08826782308793266
0.09949999999999999|0.0004999999999999996|0.0005000000000000004|0.0004999999999999996|0.08826782308793266|0.08817857250393495|0.08922950962079092|0.08938354290483651
0.10399999999999998|0.0995|0.0040000000000000036|0.0005000000000000004|0.07617117838179001|0.07695747777948371|0.08223284592401603|0.08325526021600335
0.13999999999999996|0.0995|0.03199999999999999|0.0005000000000000004|0.08325526021600335|0.08223284592401603|0.14142308486174032|0.14046818020844984
0.17599999999999993|0.0995|0.0040000000000000036|0.0005000000000000004|0.14046818020844984|0.14142308486174032|0.14703329981335034|0.1473694403622645
0.10399999999999998|0.095|0.0040000000000000036|0.0040000000000000036|0.07695747777948371|0.07952126171479998|0.08375794346876178|0.08223284592401603
0.17599999999999993|0.095|0.0040000000000000036|0.0040000000000000036|0.14142308486174032|0.1388406286589543|0.14443050631322768|0.14703329981335034
0.10399999999999998|0.0905|0.0040000000000000036|0.0005000000000000004|0.07952126171479998|0.08012799422548515|0.08686681589219837|0.08375794346876178
0.13999999999999996|0.0905|0.03199999999999999|0.0005000000000000004|0.08375794346876178|0.08686681589219837|0.13441060041521047|0.1388406286589543
0.17599999999999993|0.0905|0.0040000000000000036|0.0005000000000000004|0.1388406286589543|0.13441060041521047|0.14006147148682035|0.14443050631322768
0.2119999999999999|0.0995|0.03199999999999997|0.0005000000000000004|0.1473694403622645|0.14703329981335034|0.18992926312174266|0.20981412570132693
0.5|0.0995|0.25600000000000006|0.0005000000000000004|0.20981412570132693|0.18992926312174266|0.8100707474112429|0.7901858848518725
0.788|0.0995|0.03200000000000003|0.0005000000000000004|0.7901858848518725|0.8100707474112429|0.8529667106999544|0.8526305701974144
0.2119999999999999|0.095|0.03199999999999997|0.0040000000000000036|0.14703329981335034|0.14443050631322768|0.18815553610874097|0.18992926312174266
0.788|0.095|0.03200000000000003|0.0040000000000000036|0.8100707474112429|0.811844474358714|0.8555695041845268|0.8529667106999544
0.2119999999999999|0.0905|0.03199999999999997|0.0005000000000000004|0.14443050631322768|0.14006147148682035|0.2064757575117023|0.18815553610874097
0.5|0.0905|0.25600000000000006|0.0005000000000000004|0.18815553610874097|0.2064757575117023|0.7935242529934738|0.811844474358714
0.788|0.0905|0.03200000000000003|0.0005000000000000004|0.811844474358714|0.7935242529934738|0.8599385389875348|0.8555695041845268
0.8240000000000001|0.0995|0.0040000000000000036|0.0005000000000000004|0.8526305701974144|0.8529667106999544|0.8585769256460413|0.859531830310941
0.8600000000000001|0.0995|0.03200000000000003|0.0005000000000000004|0.859531830310941|0.8585769256460413|0.917767163911775|0.9167447495346829
0.8960000000000001|0.0995|0.0040000000000000036|0.0005000000000000004|0.9167447495346829|0.917767163911775|0.923042531863679|0.9238288313435512
0.8240000000000001|0.095|0.0040000000000000036|0.0040000000000000036|0.8529667106999544|0.8555695041845268|0.8611593818049174|0.8585769256460413
0.8960000000000001|0.095|0.0040000000000000036|0.0040000000000000036|0.917767163911775|0.9162420663724098|0.9204787480294483|0.923042531863679
0.8240000000000001|0.0905|0.0040000000000000036|0.0005000000000000004|0.8555695041845268|0.8599385389875348|0.8655894100226353|0.8611593818049174
0.8600000000000001|0.0905|0.03200000000000003|0.0005000000000000004|0.8611593818049174|0.8655894100226353|0.913133193939305|0.9162420663724098
0.8960000000000001|0.0905|0.0040000000000000036|0.0005000000000000004|0.9162420663724098|0.913133193939305|0.919872015548693|0.9204787480294483
0.10399999999999998|0.08600000000000002|0.0040000000000000036|0.00399999999999999|0.08012799422548515|0.08248646673985714|0.08845039825882309|0.08686681589219837
0.13999999999999996|0.08600000000000002|0.03199999999999999|0.00399999999999999|0.08686681589219837|0.08845039825882309|0.1324995100932841|0.13441060041521047
0.17599999999999993|0.08600000000000002|0.0040000000000000036|0.00399999999999999|0.13441060041521047|0.1324995100932841|0.13577410809327578|0.14006147148682035
0.10399999999999998|0.05|0.0040000000000000036|0.032000000000000015|0.08248646673985714|0.0897329740157639|0.09517847079686269|0.08845039825882309
0.17599999999999993|0.05|0.0040000000000000036|0.032000000000000015|0.1324995100932841|0.1369158469946482|0.13990650334995908|0.13577410809327578
0.10399999999999998|0.013999999999999992|0.0040000000000000036|0.0040000000000000036|0.0897329740157639|0.0894856514214957|0.0954546250576979|0.09517847079686269
0.13999999999999996|0.013999999999999992|0.03199999999999999|0.0040000000000000036|0.09517847079686269|0.0954546250576979|0.1399543618792068|0.1369158469946482
0.17599999999999993|0.013999999999999992|0.0040000000000000036|0.0040000000000000036|0.1369158469946482|0.1399543618792068|0.14539803928711847|0.13990650334995908
0.8240000000000001|0.08600000000000002|0.0040000000000000036|0.00399999999999999|0.8599385389875348|0.8642259024757796|0.8675005004312231|0.8655894100226353
0.8600000000000001|0.08600000000000002|0.03200000000000003|0.00399999999999999|0.8655894100226353|0.8675005004312231|0.9115496117209686|0.913133193939305
0.8960000000000001|0.08600000000000002|0.0040000000000000036|0.00399999999999999|0.913133193939305|0.9115496117209686|0.9175135431764185|0.919872015548693
0.8240000000000001|0.05|0.0040000000000000036|0.032000000000000015|0.8642259024757796|0.8600935073629207|0.8630841636767514|0.8675005004312231
0.8960000000000001|0.05|0.0040000000000000036|0.032000000000000015|0.9115496117209686|0.9048215394744408|0.9102670361473796|0.9175135431764185
0.8240000000000001|0.013999999999999992|0.0040000000000000036|0.0040000000000000036|0.8600935073629207|0.8546019714848564|0.8600456489040825|0.8630841636767514
0.8600000000000001|0.013999999999999992|0.03200000000000003|0.0040000000000000036|0.8630841636767514|0.8600456489040825|0.9045453852776124|0.9048215394744408
0.8960000000000001|0.013999999999999992|0.0040000000000000036|0.0040000000000000036|0.9048215394744408|0.9045453852776124|0.9105143587952901|0.9102670361473796
0.10399999999999998|0.009499999999999995|0.0040000000000000036|0.0005000000000000004|0.0894856514214957|0.08944723724272334|0.09364765719241047|0.0954546250576979
0.13999999999999996|0.009499999999999995|0.03199999999999999|0.0005000000000000004|0.0954546250576979|0.09364765719241047|0.1448594154629299|0.1399543618792068
0.17599999999999993|0.009499999999999995|0.0040000000000000036|0.0005000000000000004|0.1399543618792068|0.1448594154629299|0.15028497584500042|0.14539803928711847
0.10399999999999998|0.0049999999999999975|0.0040000000000000036|0.003999999999999998|0.08944723724272334|0.08938354290483651|0.0937551388610347|0.09364765719241047
0.17599999999999993|0.0049999999999999975|0.0040000000000000036|0.003999999999999998|0.1448594154629299|0.14806072402163242|0.1533977585101089|0.15028497584500042
0.10399999999999998|0.0004999999999999996|0.0040000000000000036|0.0004999999999999996|0.08938354290483651|0.08922950962079092|0.09514544146171355|0.0937551388610347
0.13999999999999996|0.0004999999999999996|0.03199999999999999|0.0004999999999999996|0.0937551388610347|0.09514544146171355|0.14737087506954227|0.14806072402163242
0.17599999999999993|0.0004999999999999996|0.0040000000000000036|0.0004999999999999996|0.14806072402163242|0.14737087506954227|0.15389872937677312|0.1533977585101089
0.2119999999999999|0.009499999999999995|0.03199999999999997|0.0005000000000000004|0.14539803928711847|0.15028497584500042|0.19331347513210811|0.21114681347420142
0.5|0.009499999999999995|0.25600000000000006|0.0005000000000000004|0.21114681347420142|0.19331347513210811|0.8066865357620492|0.7888531974182679
0.788|0.009499999999999995|0.03200000000000003|0.0005000000000000004|0.7888531974182679|0.8066865357620492|0.8497150349316643|0.8546019714848564
0.2119999999999999|0.0049999999999999975|0.03199999999999997|0.003999999999999998|0.15028497584500042|0.1533977585101089|0.19539193580242548|0.19331347513210811
0.788|0.0049999999999999975|0.03200000000000003|0.003999999999999998|0.8066865357620492|0.8046080751170546|0.846602252413542|0.8497150349316643
0.2119999999999999|0.0004999999999999996|0.03199999999999997|0.0004999999999999996|0.1533977585101089|0.15389872937677312|0.21505872725381348|0.19539193580242548
0.5|0.0004999999999999996|0.25600000000000006|0.0004999999999999996|0.19539193580242548|0.21505872725381348|0.7849412836870555|0.8046080751170546
0.788|0.0004999999999999996|0.03200000000000003|0.0004999999999999996|0.8046080751170546|0.7849412836870555|0.8461012815477014|0.846602252413542
0.8240000000000001|0.009499999999999995|0.0040000000000000036|0.0005000000000000004|0.8546019714848564|0.8497150349316643|0.8551405953625972|0.8600456489040825
0.8600000000000001|0.009499999999999995|0.03200000000000003|0.0005000000000000004|0.8600456489040825|0.8551405953625972|0.9063523531509028|0.9045453852776124
0.8960000000000001|0.009499999999999995|0.0040000000000000036|0.0005000000000000004|0.9045453852776124|0.9063523531509028|0.9105527729766824|0.9105143587952901
0.8240000000000001|0.0049999999999999975|0.0040000000000000036|0.003999999999999998|0.8497150349316643|0.846602252413542|0.8519392867862821|0.8551405953625972
0.8960000000000001|0.0049999999999999975|0.0040000000000000036|0.003999999999999998|0.9063523531509028|0.90624487141785|0.9106164673949793|0.9105527729766824
0.8240000000000001|0.0004999999999999996|0.0040000000000000036|0.0004999999999999996|0.846602252413542|0.8461012815477014|0.8526291358122378|0.8519392867862821
0.8600000000000001|0.0004999999999999996|0.03200000000000003|0.0004999999999999996|0.8519392867862821|0.8526291358122378|0.9048545688355137|0.90624487141785
0.8960000000000001|0.0004999999999999996|0.0040000000000000036|0.0004999999999999996|0.90624487141785|0.9048545688355137|0.9107705004773275|0.9106164673949793
0.9005000000000001|0.0995|0.000500000000000056|0.0005000000000000004|0.9238288313435512|0.923042531863679|0.9243600884121829|0.925148082754456
0.905|0.0995|0.0040000000000000036|0.0005000000000000004|0.925148082754456|0.9243600884121829|0.9309537888314332|0.9310743484408873
0.9095|0.0995|0.0004999999999999449|0.0005000000000000004|0.9310743484408873|0.9309537888314332|0.9319496968664136|0.932598946718286
0.9005000000000001|0.095|0.000500000000000056|0.0040000000000000036|0.923042531863679|0.9204787480294483|0.921510634196214|0.9243600884121829
0.9095|0.095|0.0004999999999999449|0.0040000000000000036|0.9309537888314332|0.9280923531225092|0.9293544770062716|0.9319496968664136
0.9005000000000001|0.0905|0.000500000000000056|0.0005000000000000004|0.9204787480294483|0.919872015548693|0.9214281872711372|0.921510634196214
0.905|0.0905|0.0040000000000000036|0.0005000000000000004|0.921510634196214|0.9214281872711372|0.9273561369649755|0.9280923531225092
0.9095|0.0905|0.0004999999999999449|0.0005000000000000004|0.9280923531225092|0.9273561369649755|0.9286191254444747|0.9293544770062716
0.914|0.0995|0.0040000000000000036|0.0005000000000000004|0.932598946718286|0.9319496968664136|0.9359461621463083|0.9391066698012421
0.95|0.0995|0.03199999999999992|0.0005000000000000004|0.9391066698012421|0.9359461621463083|0.9870374171225553|0.9846066322545775
0.9859999999999999|0.0995|0.0040000000000000036|0.0005000000000000004|0.9846066322545775|0.9870374171225553|0.9912006153433117|0.9909064048347851
0.914|0.095|0.0040000000000000036|0.0040000000000000036|0.9319496968664136|0.9293544770062716|0.934214265910028|0.9359461621463083
0.9859999999999999|0.095|0.0040000000000000036|0.0040000000000000036|0.9870374171225553|0.987733255943747|0.9922502738218552|0.9912006153433117
0.914|0.0905|0.0040000000000000036|0.0005000000000000004|0.9293544770062716|0.9286191254444747|0.9350674776766555|0.934214265910028
0.95|0.0905|0.03199999999999992|0.0005000000000000004|0.934214265910028|0.9350674776766555|0.9865800411805373|0.987733255943747
0.9859999999999999|0.0905|0.0040000000000000036|0.0005000000000000004|0.987733255943747|0.9865800411805373|0.9926955836715822|0.9922502738218552
0.9904999999999999|0.0995|0.000500000000000056|0.0005000000000000004|0.9909064048347851|0.9912006153433117|0.992272886768865|0.9924374840289665
0.9949999999999999|0.0995|0.0040000000000000036|0.0005000000000000004|0.9924374840289665|0.992272886768865|0.9988658715330359|0.9985149368555127
0.9994999999999998|0.0995|0.0004999999999999449|0.0005000000000000004|0.9985149368555127|0.9988658715330359|1.0|1.0
0.9904999999999999|0.095|0.000500000000000056|0.0040000000000000036|0.9912006153433117|0.9922502738218552|0.9933328237779708|0.992272886768865
0.9994999999999998|0.095|0.0004999999999999449|0.0040000000000000036|0.9988658715330359|0.9990395029938647|1.0|1.0
0.9904999999999999|0.0905|0.000500000000000056|0.0005000000000000004|0.9922502738218552|0.9926955836715822|0.9937689690384767|0.9933328237779708
0.9949999999999999|0.0905|0.0040000000000000036|0.0005000000000000004|0.9933328237779708|0.9937689690384767|0.998782596305959|0.9990395029938647
0.9994999999999998|0.0905|0.0004999999999999449|0.0005000000000000004|0.9990395029938647|0.998782596305959|1.0|1.0
0.9005000000000001|0.08600000000000002|0.000500000000000056|0.00399999999999999|0.919872015548693|0.9175135431764185|0.9211777879091626|0.9214281872711372
0.905|0.08600000000000002|0.0040000000000000036|0.00399999999999999|0.9214281872711372|0.9211777879091626|0.9253783716185177|0.9273561369649755
0.9095|0.08600000000000002|0.0004999999999999449|0.00399999999999999|0.9273561369649755|0.9253783716185177|0.9263550830856511|0.9286191254444747
0.9005000000000001|0.05|0.000500000000000056|0.032000000000000015|0.9175135431764185|0.9102670361473796|0.9130868164653095|0.9211777879091626
0.9095|0.05|0.0004999999999999449|0.032000000000000015|0.9253783716185177|0.917083529351279|0.9184354231003747|0.9263550830856511
0.9005000000000001|0.013999999999999992|0.000500000000000056|0.0040000000000000036|0.9102670361473796|0.9105143587952901|0.9119538451485425|0.9130868164653095
0.905|0.013999999999999992|0.0040000000000000036|0.0040000000000000036|0.9130868164653095|0.9119538451485425|0.9176656990513697|0.917083529351279
0.9095|0.013999999999999992|0.0004999999999999449|0.0040000000000000036|0.917083529351279|0.9176656990513697|0.918855266792666|0.9184354231003747
0.9904999999999999|0.08600000000000002|0.000500000000000056|0.00399999999999999|0.9926955836715822|0.9938207500465942|0.9948068032066173|0.9937689690384767
0.9949999999999999|0.08600000000000002|0.0040000000000000036|0.00399999999999999|0.9937689690384767|0.9948068032066173|0.9981008893930774|0.998782596305959
0.9994999999999998|0.08600000000000002|0.0004999999999999449|0.00399999999999999|0.998782596305959|0.9981008893930774|1.0|1.0
0.9904999999999999|0.05|0.000500000000000056|0.032000000000000015|0.9938207500465942|0.9935749150141266|0.9945960780620026|0.9948068032066173
0.9994999999999998|0.05|0.0004999999999999449|0.032000000000000015|0.9981008893930774|0.9980233447085985|1.0|1.0
0.9904999999999999|0.013999999999999992|0.000500000000000056|0.0040000000000000036|0.9935749150141266|0.9923274647676955|0.9934864490493633|0.9945960780620026
0.9949999999999999|0.013999999999999992|0.0040000000000000036|0.0040000000000000036|0.9945960780620026|0.9934864490493633|0.9987323867346699|0.9980233447085985
0.9994999999999998|0.013999999999999992|0.0004999999999999449|0.0040000000000000036|0.9980233447085985|0.9987323867346699|1.0|1.0
0.9005000000000001|0.009499999999999995|0.000500000000000056|0.0005000000000000004|0.9105143587952901|0.9105527729766824|0.911635092916904|0.9119538451485425
0.905|0.009499999999999995|0.0040000000000000036|0.0005000000000000004|0.9119538451485425|0.911635092916904|0.9180317617714823|0.9176656990513697
0.9095|0.009499999999999995|0.0004999999999999449|0.0005000000000000004|0.9176656990513697|0.9180317617714823|0.919223171305974|0.918855266792666
0.9005000000000001|0.0049999999999999975|0.000500000000000056|0.003999999999999998|0.9105527729766824|0.9106164673949793|0.911732187171162|0.911635092916904
0.9095|0.0049999999999999975|0.0004999999999999449|0.003999999999999998|0.9180317617714823|0.9185744818541122|0.9197383817429677|0.919223171305974
0.9005000000000001|0.0004999999999999996|0.000500000000000056|0.0004999999999999996|0.9106164673949793|0.9107705004773275|0.9118214377483378|0.911732187171162
0.905|0.0004999999999999996|0.0040000000000000036|0.0004999999999999996|0.911732187171162|0.9118214377483378|0.9185271049665571|0.9185744818541122
0.9095|0.0004999999999999996|0.0004999999999999449|0.0004999999999999996|0.9185744818541122|0.9185271049665571|0.9196283003650775|0.9197383817429677
0.914|0.009499999999999995|0.0040000000000000036|0.0005000000000000004|0.918855266792666|0.919223171305974|0.9243085604056116|0.9257941223834832
0.95|0.009499999999999995|0.03199999999999992|0.0005000000000000004|0.9257941223834832|0.9243085604056116|0.9867896630988762|0.9853352570707978
0.9859999999999999|0.009499999999999995|0.0040000000000000036|0.0005000000000000004|0.9853352570707978|0.9867896630988762|0.9918918611007095|0.9923274647676955
0.914|0.0049999999999999975|0.0040000000000000036|0.003999999999999998|0.919223171305974|0.9197383817429677|0.9245750920660974|0.9243085604056116
0.9859999999999999|0.0049999999999999975|0.0040000000000000036|0.003999999999999998|0.9867896630988762|0.9864331286769943|0.9912361246181466|0.9918918611007095
0.914|0.0004999999999999996|0.0040000000000000036|0.0004999999999999996|0.9197383817429677|0.9196283003650775|0.9262293398546206|0.9245750920660974
0.95|0.0004999999999999996|0.03199999999999992|0.0004999999999999996|0.9245750920660974|0.9262293398546206|0.9847530747817906|0.9864331286769943
0.9859999999999999|0.0004999999999999996|0.0040000000000000036|0.0004999999999999996|0.9864331286769943|0.9847530747817906|0.9913297159722618|0.9912361246181466
0.9904999999999999|0.009499999999999995|0.000500000000000056|0.0005000000000000004|0.9923274647676955|0.9918918611007095|0.9930583455434282|0.9934864490493633
0.9949999999999999|0.009499999999999995|0.0040000000000000036|0.0005000000000000004|0.9934864490493633|0.9930583455434282|0.9990057731629258|0.9987323867346699
0.9994999999999998|0.009499999999999995|0.0004999999999999449|0.0005000000000000004|0.9987323867346699|0.9990057731629258|1.0|1.0
0.9904999999999999|0.0049999999999999975|0.000500000000000056|0.003999999999999998|0.9918918611007095|0.9912361246181466|0.9923735593187651|0.9930583455434282
0.9994999999999998|0.0049999999999999975|0.0004999999999999449|0.003999999999999998|0.9990057731629258|0.9989800700827063|1.0|1.0
0.9904999999999999|0.0004999999999999996|0.000500000000000056|0.0004999999999999996|0.9912361246181466|0.9913297159722618|0.9924084184406843|0.9923735593187651
0.9949999999999999|0.0004999999999999996|0.0040000000000000036|0.0004999999999999996|0.9923735593187651|0.9924084184406843|0.9989030069289172|0.9989800700827063
0.9994999999999998|0.0004999999999999996|0.0004999999999999449|0.0004999999999999996|0.9989800700827063|0.9989030069289172|1.0|1.0
0.9005000000000001|0.896|0.000500000000000056|0.0040000000000000036|0.9238288481833709|0.9266872437812574|0.9275163269952639|0.9251480994184067
0.905|0.896|0.0040000000000000036|0.0040000000000000036|0.9251480994184067|0.9275163269952639|0.9315664821763747|0.9310743642275363
0.9095|0.896|0.0004999999999999449|0.0040000000000000036|0.9310743642275363|0.9315664821763747|0.9352321476122375|0.9325989622266574
0.9005000000000001|0.8600000000000001|0.000500000000000056|0.03199999999999992|0.9266872437812574|0.940015764539707|0.9408603059131548|0.9275163269952639
0.9095|0.8600000000000001|0.0004999999999999449|0.03199999999999992|0.9315664821763747|0.9430752973078557|0.9450099462146673|0.9352321476122375
0.9005000000000001|0.8240000000000002|0.000500000000000056|0.0040000000000000036|0.940015764539707|0.9408744685562717|0.9414593656896487|0.9408603059131548
0.905|0.8240000000000002|0.0040000000000000036|0.0040000000000000036|0.9408603059131548|0.9414593656896487|0.9433839184119948|0.9430752973078557
0.9095|0.8240000000000002|0.0004999999999999449|0.0040000000000000036|0.9430752973078557|0.9433839184119948|0.9455358938831517|0.9450099462146673
0.914|0.896|0.0040000000000000036|0.0040000000000000036|0.9325989622266574|0.9352321476122375|0.9409850262408402|0.9391066837537198
0.95|0.896|0.03199999999999992|0.0040000000000000036|0.9391066837537198|0.9409850262408402|0.983848185778188|0.9846066358437287
0.9859999999999999|0.896|0.0040000000000000036|0.0040000000000000036|0.9846066358437287|0.983848185778188|0.9895401801114594|0.9909064069890742
0.914|0.8600000000000001|0.0040000000000000036|0.03199999999999992|0.9352321476122375|0.9450099462146673|0.9494191341549428|0.9409850262408402
0.9859999999999999|0.8600000000000001|0.0040000000000000036|0.03199999999999992|0.983848185778188|0.9834087982126586|0.9884305482124125|0.9895401801114594
0.914|0.8240000000000002|0.0040000000000000036|0.0040000000000000036|0.9450099462146673|0.9455358938831517|0.9504275948143254|0.9494191341549428
0.95|0.8240000000000002|0.03199999999999992|0.0040000000000000036|0.9494191341549428|0.9504275948143254|0.9829762981388208|0.9834087982126586
0.9859999999999999|0.8240000000000002|0.0040000000000000036|0.0040000000000000036|0.9834087982126586|0.9829762981388208|0.9886094187579304|0.9884305482124125
0.9904999999999999|0.896|0.000500000000000056|0.0040000000000000036|0.9909064069890742|0.9895401801114594|0.9929128296515252|0.9924374858282712
0.9949999999999999|0.896|0.0040000000000000036|0.0040000000000000036|0.9924374858282712|0.9929128296515252|0.9975739464300561|0.9985149372075514
0.9994999999999998|0.896|0.0004999999999999449|0.0040000000000000036|0.9985149372075514|0.9975739464300561|1.0|1.0
0.9904999999999999|0.8600000000000001|0.000500000000000056|0.03199999999999992|0.9895401801114594|0.9884305482124125|0.9918717218305236|0.9929128296515252
0.9994999999999998|0.8600000000000001|0.0004999999999999449|0.03199999999999992|0.9975739464300561|0.9968358579431646|1.0|1.0
0.9904999999999999|0.8240000000000002|0.000500000000000056|0.0040000000000000036|0.9884305482124125|0.9886094187579304|0.9920723637544548|0.9918717218305236
0.9949999999999999|0.8240000000000002|0.0040000000000000036|0.0040000000000000036|0.9918717218305236|0.9920723637544548|0.9966686611163317|0.9968358579431646
0.9994999999999998|0.8240000000000002|0.0004999999999999449|0.0040000000000000036|0.9968358579431646|0.9966686611163317|1.0|1.0
0.9005000000000001|0.788|0.000500000000000056|0.03200000000000003|0.9408744685562717|0.9414770456299342|0.9419732415640565|0.9414593656896487
0.905|0.788|0.0040000000000000036|0.03200000000000003|0.9414593656896487|0.9419732415640565|0.9433264546721657|0.9433839184119948
0.9095|0.788|0.0004999999999999449|0.03200000000000003|0.9433839184119948|0.9433264546721657|0.9440239559912769|0.9455358938831517
0.9005000000000001|0.5|0.000500000000000056|0.256|0.9414770456299342|0.941477035622298|0.9419732310240394|0.9419732415640565
0.9095|0.5|0.0004999999999999449|0.256|0.9433264546721657|0.9433264443571469|0.9440239464020964|0.9440239559912769
0.9005000000000001|0.2119999999999999|0.000500000000000056|0.03200000000000003|0.941477035622298|0.9408744563968493|0.9414593536336507|0.9419732310240394
0.905|0.2119999999999999|0.0040000000000000036|0.03200000000000003|0.9419732310240394|0.9414593536336507|0.9433839066027996|0.9433264443571469
0.9095|0.2119999999999999|0.0004999999999999449|0.03200000000000003|0.9433264443571469|0.9433839066027996|0.9455358823754225|0.9440239464020964
0.9904999999999999|0.788|0.000500000000000056|0.03200000000000003|0.9886094187579304|0.9912868752734845|0.9928004136623968|0.9920723637544548
0.9949999999999999|0.788|0.0040000000000000036|0.03200000000000003|0.9920723637544548|0.9928004136623968|0.996523396883844|0.9966686611163317
0.9994999999999998|0.788|0.0004999999999999449|0.03200000000000003|0.9966686611163317|0.996523396883844|1.0|1.0
0.9904999999999999|0.5|0.000500000000000056|0.256|0.9912868752734845|0.9912868736719853|0.9928004122794979|0.9928004136623968
0.9994999999999998|0.5|0.0004999999999999449|0.256|0.996523396883844|0.9965233961833497|1.0|1.0
0.9904999999999999|0.2119999999999999|0.000500000000000056|0.03200000000000003|0.9912868736719853|0.9886094162661659|0.9920723620270656|0.9928004122794979
0.9949999999999999|0.2119999999999999|0.0040000000000000036|0.03200000000000003|0.9928004122794979|0.9920723620270656|0.9966686603928248|0.9965233961833497
0.9994999999999998|0.2119999999999999|0.0004999999999999449|0.03200000000000003|0.9965233961833497|0.9966686603928248|1.0|1.0
0.9005000000000001|0.17599999999999993|0.000500000000000056|0.0040000000000000036|0.9408744563968493|0.9400157520254685|0.9408602935179989|0.9414593536336507
0.905|0.17599999999999993|0.0040000000000000036|0.0040000000000000036|0.9414593536336507|0.9408602935179989|0.943075285339154|0.9433839066027996
0.9095|0.17599999999999993|0.0004999999999999449|0.0040000000000000036|0.9433839066027996|0.943075285339154|0.9450099344257765|0.9455358823754225
0.9005000000000001|0.13999999999999996|0.000500000000000056|0.03199999999999997|0.9400157520254685|0.9266872275337958|0.9275163107881877|0.9408602935179989
0.9095|0.13999999999999996|0.0004999999999999449|0.03199999999999997|0.943075285339154|0.9315664666745336|0.9352321328026263|0.9450099344257765
0.9005000000000001|0.10399999999999998|0.000500000000000056|0.00399999999999999|0.9266872275337958|0.9238288313435512|0.925148082754456|0.9275163107881877
0.905|0.10399999999999998|0.0040000000000000036|0.00399999999999999|0.9275163107881877|0.925148082754456|0.9310743484408873|0.9315664666745336
0.9095|0.10399999999999998|0.0004999999999999449|0.00399999999999999|0.9315664666745336|0.9310743484408873|0.932598946718286|0.9352321328026263
0.914|0.17599999999999993|0.0040000000000000036|0.0040000000000000036|0.9455358823754225|0.9450099344257765|0.9494191233437763|0.9504275841851622
0.95|0.17599999999999993|0.03199999999999992|0.0040000000000000036|0.9504275841851622|0.9494191233437763|0.9834087945828113|0.982976294429364
0.9859999999999999|0.17599999999999993|0.0040000000000000036|0.0040000000000000036|0.982976294429364|0.9834087945828113|0.9884305456584703|0.9886094162661659
0.914|0.13999999999999996|0.0040000000000000036|0.03199999999999997|0.9450099344257765|0.9352321328026263|0.9409850127762679|0.9494191233437763
0.9859999999999999|0.13999999999999996|0.0040000000000000036|0.03199999999999997|0.9834087945828113|0.9838481820243642|0.9895401776711015|0.9884305456584703
0.914|0.10399999999999998|0.0040000000000000036|0.00399999999999999|0.9352321328026263|0.932598946718286|0.9391066698012421|0.9409850127762679
0.95|0.10399999999999998|0.03199999999999992|0.00399999999999999|0.9409850127762679|0.9391066698012421|0.9846066322545775|0.9838481820243642
0.9859999999999999|0.10399999999999998|0.0040000000000000036|0.00399999999999999|0.9838481820243642|0.9846066322545775|0.9909064048347851|0.9895401776711015
0.9904999999999999|0.17599999999999993|0.000500000000000056|0.0040000000000000036|0.9886094162661659|0.9884305456584703|0.9918717200385786|0.9920723620270656
0.9949999999999999|0.17599999999999993|0.0040000000000000036|0.0040000000000000036|0.9920723620270656|0.9918717200385786|0.9968358572506659|0.9966686603928248
0.9994999999999998|0.17599999999999993|0.0004999999999999449|0.0040000000000000036|0.9966686603928248|0.9968358572506659|1.0|1.0
0.9904999999999999|0.13999999999999996|0.000500000000000056|0.03199999999999997|0.9884305456584703|0.9895401776711015|0.992912827986278|0.9918717200385786
0.9994999999999998|0.13999999999999996|0.0004999999999999449|0.03199999999999997|0.9968358572506659|0.997573945856194|1.0|1.0
0.9904999999999999|0.10399999999999998|0.000500000000000056|0.00399999999999999|0.9895401776711015|0.9909064048347851|0.9924374840289665|0.992912827986278
0.9949999999999999|0.10399999999999998|0.0040000000000000036|0.00399999999999999|0.992912827986278|0.9924374840289665|0.9985149368555127|0.997573945856194
0.9994999999999998|0.10399999999999998|0.0004999999999999449|0.00399999999999999|0.997573945856194|0.9985149368555127|1.0|1.0
0.9005000000000001|0.9994999999999998|0.000500000000000056|0.000500000000000056|0.9107705211502517|0.9106164879622243|0.9117322076676315|0.9118214582320914
0.905|0.9994999999999998|0.0040000000000000036|0.000500000000000056|0.9118214582320914|0.9117322076676315|0.9185745014583208|0.9185271245680464
0.9095|0.9994999999999998|0.0004999999999999449|0.000500000000000056|0.9185271245680464|0.9185745014583208|0.9197384011121557|0.919628319847307
0.9005000000000001|0.9949999999999999|0.000500000000000056|0.0040000000000000036|0.9106164879622243|0.9105527933654679|0.9116351132195047|0.9117322076676315
0.9095|0.9949999999999999|0.0004999999999999449|0.0040000000000000036|0.9185745014583208|0.9180317813882699|0.9192231907059271|0.9197384011121557
0.9005000000000001|0.9904999999999999|0.000500000000000056|0.0004999999999999449|0.9105527933654679|0.9105143791820642|0.9119538653874377|0.9116351132195047
0.905|0.9904999999999999|0.0040000000000000036|0.0004999999999999449|0.9116351132195047|0.9119538653874377|0.9176657186382355|0.9180317813882699
0.9095|0.9904999999999999|0.0004999999999999449|0.0004999999999999449|0.9180317813882699|0.9176657186382355|0.9188552861981775|0.9192231907059271
0.914|0.9994999999999998|0.0040000000000000036|0.000500000000000056|0.919628319847307|0.9197384011121557|0.9245751103580931|0.9262293576944249
0.95|0.9994999999999998|0.03199999999999992|0.000500000000000056|0.9262293576944249|0.9245751103580931|0.9864331320535212|0.9847530785779418
0.9859999999999999|0.9994999999999998|0.0040000000000000036|0.000500000000000056|0.9847530785779418|0.9864331320535212|0.9912361268383736|0.9913297181703565
0.914|0.9949999999999999|0.0040000000000000036|0.0040000000000000036|0.9197384011121557|0.9192231907059271|0.924308578677651|0.9245751103580931
0.9859999999999999|0.9949999999999999|0.0040000000000000036|0.0040000000000000036|0.9864331320535212|0.986789666377069|0.9918918631443793|0.9912361268383736
0.914|0.9904999999999999|0.0040000000000000036|0.0004999999999999449|0.9192231907059271|0.9188552861981775|0.9257941402542557|0.924308578677651
0.95|0.9904999999999999|0.03199999999999992|0.0004999999999999449|0.924308578677651|0.9257941402542557|0.9853352606981418|0.986789666377069
0.9859999999999999|0.9904999999999999|0.0040000000000000036|0.0004999999999999449|0.986789666377069|0.9853352606981418|0.9923274666998467|0.9918918631443793
0.9904999999999999|0.9994999999999998|0.000500000000000056|0.000500000000000056|0.9913297181703565|0.9912361268383736|0.9923735612513094|0.9924084203627592
0.9949999999999999|0.9994999999999998|0.0040000000000000036|0.000500000000000056|0.9924084203627592|0.9923735612513094|0.9989800703428545|0.9989030072077801
0.9994999999999998|0.9994999999999998|0.0004999999999999449|0.000500000000000056|0.9989030072077801|0.9989800703428545|1.0|1.0
0.9904999999999999|0.9949999999999999|0.000500000000000056|0.0040000000000000036|0.9912361268383736|0.9918918631443793|0.9930583472999944|0.9923735612513094
0.9994999999999998|0.9949999999999999|0.0004999999999999449|0.0040000000000000036|0.9989800703428545|0.9990057734162658|1.0|1.0
0.9904999999999999|0.9904999999999999|0.000500000000000056|0.0004999999999999449|0.9918918631443793|0.9923274666998467|0.9934864506974895|0.9930583472999944
0.9949999999999999|0.9904999999999999|0.0040000000000000036|0.0004999999999999449|0.9930583472999944|0.9934864506974895|0.9987323870566255|0.9990057734162658
0.9994999999999998|0.9904999999999999|0.0004999999999999449|0.0004999999999999449|0.9990057734162658|0.9987323870566255|1.0|1.0
0.9005000000000001|0.9859999999999999|0.000500000000000056|0.0040000000000000036|0.9105143791820642|0.9102670563113807|0.913086836517598|0.9119538653874377
0.905|0.9859999999999999|0.0040000000000000036|0.0040000000000000036|0.9119538653874377|0.913086836517598|0.9170835489295545|0.9176657186382355
0.9095|0.9859999999999999|0.0004999999999999449|0.0040000000000000036|0.9176657186382355|0.9170835489295545|0.9184354424743743|0.9188552861981775
0.9005000000000001|0.95|0.000500000000000056|0.03199999999999992|0.9102670563113807|0.9175135610936113|0.9211778053874293|0.913086836517598
0.9095|0.95|0.0004999999999999449|0.03199999999999992|0.9170835489295545|0.9253783886848567|0.9263550998837404|0.9184354424743743
0.9005000000000001|0.914|0.000500000000000056|0.0040000000000000036|0.9175135610936113|0.9198720330906185|0.9214282046681969|0.9211778053874293
0.905|0.914|0.0040000000000000036|0.0040000000000000036|0.9211778053874293|0.9214282046681969|0.9273561535786013|0.9253783886848567
0.9095|0.914|0.0004999999999999449|0.0040000000000000036|0.9253783886848567|0.9273561535786013|0.9286191417842639|0.9263550998837404
0.9904999999999999|0.9859999999999999|0.000500000000000056|0.0040000000000000036|0.9923274666998467|0.9935749166427613|0.994596079428039|0.9934864506974895
0.9949999999999999|0.9859999999999999|0.0040000000000000036|0.0040000000000000036|0.9934864506974895|0.994596079428039|0.9980233452102447|0.9987323870566255
0.9994999999999998|0.9859999999999999|0.0004999999999999449|0.0040000000000000036|0.9987323870566255|0.9980233452102447|1.0|1.0
0.9904999999999999|0.95|0.000500000000000056|0.03199999999999992|0.9935749166427613|0.9938207515422122|0.9948068044642413|0.994596079428039
0.9994999999999998|0.95|0.0004999999999999449|0.03199999999999992|0.9980233452102447|0.9981008898519241|1.0|1.0
0.9904999999999999|0.914|0.000500000000000056|0.0040000000000000036|0.9938207515422122|0.9926955854224538|0.9937689705381806|0.9948068044642413
0.9949999999999999|0.914|0.0040000000000000036|0.0040000000000000036|0.9948068044642413|0.9937689705381806|0.9987825965995202|0.9981008898519241
0.9994999999999998|0.914|0.0004999999999999449|0.0040000000000000036|0.9981008898519241|0.9987825965995202|1.0|1.0
0.9005000000000001|0.9095|0.000500000000000056|0.000500000000000056|0.9198720330906185|0.9204787654827875|0.9215106514955633|0.9214282046681969
0.905|0.9095|0.0040000000000000036|0.000500000000000056|0.9214282046681969|0.9215106514955633|0.9280923695825528|0.9273561535786013
0.9095|0.9095|0.0004999999999999449|0.000500000000000056|0.9273561535786013|0.9280923695825528|0.9293544931784797|0.9286191417842639
0.9005000000000001|0.905|0.000500000000000056|0.0040000000000000036|0.9204787654827875|0.9230425488215527|0.9243601052450703|0.9215106514955633
0.9095|0.905|0.0004999999999999449|0.0040000000000000036|0.9280923695825528|0.9309538046125915|0.9319497124642063|0.9293544931784797
0.9005000000000001|0.9005000000000001|0.000500000000000056|0.0004999999999999449|0.9230425488215527|0.9238288481833709|0.9251480994184067|0.9243601052450703
0.905|0.9005000000000001|0.0040000000000000036|0.0004999999999999449|0.9243601052450703|0.9251480994184067|0.9310743642275363|0.9309538046125915
0.9095|0.9005000000000001|0.0004999999999999449|0.0004999999999999449|0.9309538046125915|0.9310743642275363|0.9325989622266574|0.9319497124642063
0.914|0.9095|0.0040000000000000036|0.000500000000000056|0.9286191417842639|0.9293544931784797|0.9342142810101393|0.9350674925892691
0.95|0.9095|0.03199999999999992|0.000500000000000056|0.9350674925892691|0.9342142810101393|0.9877332588295139|0.9865800443426403
0.9859999999999999|0.9095|0.0040000000000000036|0.000500000000000056|0.9865800443426403|0.9877332588295139|0.9922502756854272|0.9926955854224538
0.914|0.905|0.0040000000000000036|0.0040000000000000036|0.9293544931784797|0.9319497124642063|0.9359461768784958|0.9342142810101393
0.9859999999999999|0.905|0.0040000000000000036|0.0040000000000000036|0.9877332588295139|0.9870374201689351|0.9912006174348948|0.9922502756854272
0.914|0.9005000000000001|0.0040000000000000036|0.0004999999999999449|0.9319497124642063|0.9325989622266574|0.9391066837537198|0.9359461768784958
0.95|0.9005000000000001|0.03199999999999992|0.0004999999999999449|0.9359461768784958|0.9391066837537198|0.9846066358437287|0.9870374201689351
0.9859999999999999|0.9005000000000001|0.0040000000000000036|0.0004999999999999449|0.9870374201689351|0.9846066358437287|0.9909064069890742|0.9912006174348948
0.9904999999999999|0.9095|0.000500000000000056|0.000500000000000056|0.9926955854224538|0.9922502756854272|0.993332825381915|0.9937689705381806
0.9949999999999999|0.9095|0.0040000000000000036|0.000500000000000056|0.9937689705381806|0.993332825381915|0.9990395032263208|0.9987825965995202
0.9994999999999998|0.9095|0.0004999999999999449|0.000500000000000056|0.9987825965995202|0.9990395032263208|1.0|1.0
0.9904999999999999|0.905|0.000500000000000056|0.0040000000000000036|0.9922502756854272|0.9912006174348948|0.9922728886141731|0.993332825381915
0.9994999999999998|0.905|0.0004999999999999449|0.0040000000000000036|0.9990395032263208|0.9988658718035118|1.0|1.0
0.9904999999999999|0.9005000000000001|0.000500000000000056|0.0004999999999999449|0.9912006174348948|0.9909064069890742|0.9924374858282712|0.9922728886141731
0.9949999999999999|0.9005000000000001|0.0040000000000000036|0.0004999999999999449|0.9922728886141731|0.9924374858282712|0.9985149372075514|0.9988658718035118
0.9994999999999998|0.9005000000000001|0.0004999999999999449|0.0004999999999999449|0.9988658718035118|0.9985149372075514|1.0|1.0
0.10399999999999998|0.9994999999999998|0.0040000000000000036|0.000500000000000056|0.08922953290204419|0.08938356606864764|0.09375516224069215|0.09514546487750783
0.13999999999999996|0.9994999999999998|0.03199999999999999|0.000500000000000056|0.09514546487750783|0.09375516224069215|0.14806074816617423|0.14737089915658538
0.17599999999999993|0.9994999999999998|0.0040000000000000036|0.000500000000000056|0.14737089915658538|0.14806074816617423|0.15339778261867698|0.15389875350228252
0.10399999999999998|0.9949999999999999|0.0040000000000000036|0.0040000000000000036|0.08938356606864764|0.08944726035102839|0.09364768040524223|0.09375516224069215
0.17599999999999993|0.9949999999999999|0.0040000000000000036|0.0040000000000000036|0.14806074816617423|0.1448594394759428|0.15028499992502845|0.15339778261867698
0.10399999999999998|0.9904999999999999|0.0040000000000000036|0.0004999999999999449|0.08944726035102839|0.08948567446518378|0.09545464809288967|0.09364768040524223
0.13999999999999996|0.9904999999999999|0.03199999999999999|0.0004999999999999449|0.09364768040524223|0.09545464809288967|0.13995438571897095|0.1448594394759428
0.17599999999999993|0.9904999999999999|0.0040000000000000036|0.0004999999999999449|0.1448594394759428|0.13995438571897095|0.1453980632420682|0.15028499992502845
0.2119999999999999|0.9994999999999998|0.03199999999999997|0.000500000000000056|0.15389875350228252|0.15339778261867698|0.19539195986734914|0.21505875124834942
0.5|0.9994999999999998|0.25600000000000006|0.000500000000000056|0.21505875124834942|0.19539195986734914|0.8046080971388571|0.7849413057829955
0.788|0.9994999999999998|0.03200000000000003|0.000500000000000056|0.7849413057829955|0.8046080971388571|0.8466022742896482|0.8461013034233092
0.2119999999999999|0.9949999999999999|0.03199999999999997|0.0040000000000000036|0.15339778261867698|0.15028499992502845|0.19331349914542623|0.19539195986734914
0.788|0.9949999999999999|0.03200000000000003|0.0040000000000000036|0.8046080971388571|0.8066865577540029|0.8497150566751932|0.8466022742896482
0.2119999999999999|0.9904999999999999|0.03199999999999997|0.0004999999999999449|0.15028499992502845|0.1453980632420682|0.21114683737234885|0.19331349914542623
0.5|0.9904999999999999|0.25600000000000006|0.0004999999999999449|0.19331349914542623|0.21114683737234885|0.7888532194166467|0.8066865577540029
0.788|0.9904999999999999|0.03200000000000003|0.0004999999999999449|0.8066865577540029|0.7888532194166467|0.8546019931012445|0.8497150566751932
0.8240000000000001|0.9994999999999998|0.0040000000000000036|0.000500000000000056|0.8461013034233092|0.8466022742896482|0.8519393085948407|0.8526291576078339
0.8600000000000001|0.9994999999999998|0.03200000000000003|0.000500000000000056|0.8526291576078339|0.8519393085948407|0.9062448920392091|0.9048545895751573
0.8960000000000001|0.9994999999999998|0.0040000000000000036|0.000500000000000056|0.9048545895751573|0.9062448920392091|0.9106164879622243|0.9107705211502517
0.8240000000000001|0.9949999999999999|0.0040000000000000036|0.0040000000000000036|0.8466022742896482|0.8497150566751932|0.8551406170607161|0.8519393085948407
0.8960000000000001|0.9949999999999999|0.0040000000000000036|0.0040000000000000036|0.9062448920392091|0.9063523736949523|0.9105527933654679|0.9106164879622243
0.8240000000000001|0.9904999999999999|0.0040000000000000036|0.0004999999999999449|0.8497150566751932|0.8546019931012445|0.8600456704530066|0.8551406170607161
0.8600000000000001|0.9904999999999999|0.03200000000000003|0.0004999999999999449|0.8551406170607161|0.8600456704530066|0.904545405807381|0.9063523736949523
0.8960000000000001|0.9904999999999999|0.0040000000000000036|0.0004999999999999449|0.9063523736949523|0.904545405807381|0.9105143791820642|0.9105527933654679
0.10399999999999998|0.9859999999999999|0.0040000000000000036|0.0040000000000000036|0.08948567446518378|0.08973299676139172|0.09517849366616414|0.09545464809288967
0.13999999999999996|0.9859999999999999|0.03199999999999999|0.0040000000000000036|0.09545464809288967|0.09517849366616414|0.13691587067114358|0.13995438571897095
0.17599999999999993|0.9859999999999999|0.0040000000000000036|0.0040000000000000036|0.13995438571897095|0.13691587067114358|0.13990652719536192|0.1453980632420682
0.10399999999999998|0.95|0.0040000000000000036|0.03199999999999992|0.08973299676139172|0.08248648688254458|0.08845041877116085|0.09517849366616414
0.17599999999999993|0.95|0.0040000000000000036|0.03199999999999992|0.13691587067114358|0.13249953204580198|0.13577413017262135|0.13990652719536192
0.10399999999999998|0.914|0.0040000000000000036|0.0040000000000000036|0.08248648688254458|0.08012801406700011|0.08686683610246945|0.08845041877116085
0.13999999999999996|0.914|0.03199999999999999|0.0040000000000000036|0.08845041877116085|0.08686683610246945|0.13441062215307173|0.13249953204580198
0.17599999999999993|0.914|0.0040000000000000036|0.0040000000000000036|0.13249953204580198|0.13441062215307173|0.14006149333622017|0.13577413017262135
0.8240000000000001|0.9859999999999999|0.0040000000000000036|0.0040000000000000036|0.8546019931012445|0.8600935286894269|0.8630841849531521|0.8600456704530066
0.8600000000000001|0.9859999999999999|0.03200000000000003|0.0040000000000000036|0.8600456704530066|0.8630841849531521|0.9048215596963128|0.904545405807381
0.8960000000000001|0.9859999999999999|0.0040000000000000036|0.0040000000000000036|0.904545405807381|0.9048215596963128|0.9102670563113807|0.9105143791820642
0.8240000000000001|0.95|0.0040000000000000036|0.03199999999999992|0.8600935286894269|0.8642259223311825|0.8675005201590918|0.8630841849531521
0.8960000000000001|0.95|0.0040000000000000036|0.03199999999999992|0.9048215596963128|0.9115496298962922|0.9175135610936113|0.9102670563113807
0.8240000000000001|0.914|0.0040000000000000036|0.0040000000000000036|0.8642259223311825|0.8599385587285728|0.8655894296637975|0.8675005201590918
0.8600000000000001|0.914|0.03200000000000003|0.0040000000000000036|0.8675005201590918|0.8655894296637975|0.9131332118004466|0.9115496298962922
0.8960000000000001|0.914|0.0040000000000000036|0.0040000000000000036|0.9115496298962922|0.9131332118004466|0.9198720330906185|0.9175135610936113
0.10399999999999998|0.9095|0.0040000000000000036|0.000500000000000056|0.08012801406700011|0.079521281353419|0.08375796329673275|0.08686683610246945
0.13999999999999996|0.9095|0.03199999999999999|0.000500000000000056|0.08686683610246945|0.08375796329673275|0.13884065037353693|0.13441062215307173
0.17599999999999993|0.9095|0.0040000000000000036|0.000500000000000056|0.13441062215307173|0.13884065037353693|0.14443052803074666|0.14006149333622017
0.10399999999999998|0.905|0.0040000000000000036|0.0040000000000000036|0.079521281353419|0.0769574969752363|0.08223286546132082|0.08375796329673275
0.17599999999999993|0.905|0.0040000000000000036|0.0040000000000000036|0.13884065037353693|0.14142310644947725|0.1470333216047713|0.14443052803074666
0.10399999999999998|0.9005000000000001|0.0040000000000000036|0.0004999999999999449|0.0769574969752363|0.07617119733024097|0.08325527974069118|0.08223286546132082
0.13999999999999996|0.9005000000000001|0.03199999999999999|0.0004999999999999449|0.08223286546132082|0.08325527974069118|0.14046820168346058|0.14142310644947725
0.17599999999999993|0.9005000000000001|0.0040000000000000036|0.0004999999999999449|0.14142310644947725|0.14046820168346058|0.14736946196006462|0.1470333216047713
0.2119999999999999|0.9095|0.03199999999999997|0.000500000000000056|0.14006149333622017|0.14443052803074666|0.18815555784816967|0.2064757791701829
0.5|0.9095|0.25600000000000006|0.000500000000000056|0.2064757791701829|0.18815555784816967|0.811844494238269|0.7935242729833599
0.788|0.9095|0.03200000000000003|0.000500000000000056|0.7935242729833599|0.811844494238269|0.8555695238487538|0.8599385587285728
0.2119999999999999|0.905|0.03199999999999997|0.0040000000000000036|0.14443052803074666|0.1470333216047713|0.18992928475814846|0.18815555784816967
0.788|0.905|0.03200000000000003|0.0040000000000000036|0.811844494238269|0.8100707671745951|0.8529667302476068|0.8555695238487538
0.2119999999999999|0.9005000000000001|0.03199999999999997|0.0004999999999999449|0.1470333216047713|0.14736946196006462|0.209814147241417|0.18992928475814846
0.5|0.9005000000000001|0.25600000000000006|0.0004999999999999449|0.18992928475814846|0.209814147241417|0.7901859046571994|0.8100707671745951
0.788|0.9005000000000001|0.03200000000000003|0.0004999999999999449|0.8100707671745951|0.7901859046571994|0.8526305897323538|0.8529667302476068
0.8240000000000001|0.9095|0.0040000000000000036|0.000500000000000056|0.8599385587285728|0.8555695238487538|0.8611594013899129|0.8655894296637975
0.8600000000000001|0.9095|0.03200000000000003|0.000500000000000056|0.8655894296637975|0.8611594013899129|0.9162420840027558|0.9131332118004466
0.8960000000000001|0.9095|0.0040000000000000036|0.000500000000000056|0.9131332118004466|0.9162420840027558|0.9204787654827875|0.9198720330906185
0.8240000000000001|0.905|0.0040000000000000036|0.0040000000000000036|0.8555695238487538|0.8529667302476068|0.8585769451227204|0.8611594013899129
0.8960000000000001|0.905|0.0040000000000000036|0.0040000000000000036|0.9162420840027558|0.9177671811313229|0.9230425488215527|0.9204787654827875
0.8240000000000001|0.9005000000000001|0.0040000000000000036|0.0004999999999999449|0.8529667302476068|0.8526305897323538|0.8595318497488|0.8585769451227204
0.8600000000000001|0.9005000000000001|0.03200000000000003|0.0004999999999999449|0.8585769451227204|0.8595318497488|0.9167447667901584|0.9177671811313229
0.8960000000000001|0.9005000000000001|0.0040000000000000036|0.0004999999999999449|0.9177671811313229|0.9167447667901584|0.9238288481833709|0.9230425488215527
0.0004999999999999996|0.9994999999999998|0.0004999999999999996|0.000500000000000056|0.0|0.0|0.0010199303394767775|0.0010969935236946552
0.0049999999999999975|0.9994999999999998|0.003999999999999998|0.000500000000000056|0.0010969935236946552|0.0010199303394767775|0.0076264438346674325|0.00759158470001102
0.009499999999999995|0.9994999999999998|0.0004999999999999987|0.000500000000000056|0.00759158470001102|0.0076264438346674325|0.008763878987609138|0.008670287603113572
0.0004999999999999996|0.9949999999999999|0.0004999999999999996|0.0040000000000000036|0.0|0.0|0.0009942272488514957|0.0010199303394767775
0.009499999999999995|0.9949999999999999|0.0004999999999999987|0.0040000000000000036|0.0076264438346674325|0.0069416573292911165|0.00810814224321475|0.008763878987609138
0.0004999999999999996|0.9904999999999999|0.0004999999999999996|0.0004999999999999449|0.0|0.0|0.001267613792325639|0.0009942272488514957
0.0049999999999999975|0.9904999999999999|0.003999999999999998|0.0004999999999999449|0.0009942272488514957|0.001267613792325639|0.006513553646146573|0.0069416573292911165
0.009499999999999995|0.9904999999999999|0.0004999999999999987|0.0004999999999999449|0.0069416573292911165|0.006513553646146573|0.007672538399285841|0.00810814224321475
0.013999999999999992|0.9994999999999998|0.003999999999999997|0.000500000000000056|0.008670287603113572|0.008763878987609138|0.013566876833830514|0.015246931374957603
0.05|0.9994999999999998|0.03200000000000001|0.000500000000000056|0.015246931374957603|0.013566876833830514|0.07542493761439578|0.07377068933980295
0.08600000000000002|0.9994999999999998|0.0040000000000000036|0.000500000000000056|0.07377068933980295|0.07542493761439578|0.08026164991554179|0.08037173124199662
0.013999999999999992|0.9949999999999999|0.003999999999999997|0.0040000000000000036|0.008763878987609138|0.00810814224321475|0.013210342253130211|0.013566876833830514
0.08600000000000002|0.9949999999999999|0.0040000000000000036|0.0040000000000000036|0.07542493761439578|0.07569146932268134|0.08077686033597412|0.08026164991554179
0.013999999999999992|0.9904999999999999|0.003999999999999997|0.0004999999999999449|0.00810814224321475|0.007672538399285841|0.014664748844468497|0.013210342253130211
0.05|0.9904999999999999|0.03200000000000001|0.0004999999999999449|0.013210342253130211|0.014664748844468497|0.07420590676704918|0.07569146932268134
0.08600000000000002|0.9904999999999999|0.0040000000000000036|0.0004999999999999449|0.07569146932268134|0.07420590676704918|0.08114476495559897|0.08077686033597412
0.09050000000000001|0.9994999999999998|0.0005000000000000004|0.000500000000000056|0.08037173124199662|0.08026164991554179|0.08142555006394572|0.08147292704938917
0.095|0.9994999999999998|0.00399999999999999|0.000500000000000056|0.08147292704938917|0.08142555006394572|0.08826784617520461|0.08817859571416896
0.09949999999999999|0.9994999999999998|0.0005000000000000004|0.000500000000000056|0.08817859571416896|0.08826784617520461|0.08938356606864764|0.08922953290204419
0.09050000000000001|0.9949999999999999|0.0005000000000000004|0.0040000000000000036|0.08026164991554179|0.08077686033597412|0.08196827023601169|0.08142555006394572
0.09949999999999999|0.9949999999999999|0.0005000000000000004|0.0040000000000000036|0.08826784617520461|0.08836494041812895|0.08944726035102839|0.08938356606864764
0.09050000000000001|0.9904999999999999|0.0005000000000000004|0.0004999999999999449|0.08077686033597412|0.08114476495559897|0.08233433288334294|0.08196827023601169
0.095|0.9904999999999999|0.00399999999999999|0.0004999999999999449|0.08196827023601169|0.08233433288334294|0.08804618808981389|0.08836494041812895
0.09949999999999999|0.9904999999999999|0.0005000000000000004|0.0004999999999999449|0.08836494041812895|0.08804618808981389|0.08948567446518378|0.08944726035102839
0.0004999999999999996|0.9859999999999999|0.0004999999999999996|0.0040000000000000036|0.0|0.0|0.0019766561155575815|0.001267613792325639
0.0049999999999999975|0.9859999999999999|0.003999999999999998|0.0040000000000000036|0.001267613792325639|0.0019766561155575815|0.005403924172802963|0.006513553646146573
0.009499999999999995|0.9859999999999999|0.0004999999999999987|0.0040000000000000036|0.006513553646146573|0.005403924172802963|0.006425087646321162|0.007672538399285841
0.0004999999999999996|0.95|0.0004999999999999996|0.03199999999999992|0.0|0.0|0.0018991113949155096|0.0019766561155575815
0.009499999999999995|0.95|0.0004999999999999987|0.03199999999999992|0.005403924172802963|0.005193198945007918|0.006179252522499196|0.006425087646321162
0.0004999999999999996|0.914|0.0004999999999999996|0.0040000000000000036|0.0|0.0|0.0012174041992474589|0.0018991113949155096
0.0049999999999999975|0.914|0.003999999999999998|0.0040000000000000036|0.0018991113949155096|0.0012174041992474589|0.006231033538813524|0.005193198945007918
0.009499999999999995|0.914|0.0004999999999999987|0.0040000000000000036|0.005193198945007918|0.006231033538813524|0.007304419338051158|0.006179252522499196
0.09050000000000001|0.9859999999999999|0.0005000000000000004|0.0040000000000000036|0.08114476495559897|0.08156460866851353|0.0829165026872594|0.08233433288334294
0.095|0.9859999999999999|0.00399999999999999|0.0040000000000000036|0.08233433288334294|0.0829165026872594|0.08691321617249159|0.08804618808981389
0.09949999999999999|0.9859999999999999|0.0005000000000000004|0.0040000000000000036|0.08804618808981389|0.08691321617249159|0.08973299676139172|0.08948567446518378
0.09050000000000001|0.95|0.0005000000000000004|0.03199999999999992|0.08156460866851353|0.07364494551151819|0.07462165712707772|0.0829165026872594
0.09949999999999999|0.95|0.0005000000000000004|0.03199999999999992|0.08691321617249159|0.07882224168494104|0.08248648688254458|0.08973299676139172
0.09050000000000001|0.914|0.0005000000000000004|0.0040000000000000036|0.07364494551151819|0.07138090237378868|0.07264389113768725|0.07462165712707772
0.095|0.914|0.00399999999999999|0.0040000000000000036|0.07462165712707772|0.07264389113768725|0.07857184203898442|0.07882224168494104
0.09949999999999999|0.914|0.0005000000000000004|0.0040000000000000036|0.07882224168494104|0.07857184203898442|0.08012801406700011|0.08248648688254458
0.0004999999999999996|0.9095|0.0004999999999999996|0.000500000000000056|0.0|0.0|0.0009604974028709509|0.0012174041992474589
0.0049999999999999975|0.9095|0.003999999999999998|0.000500000000000056|0.0012174041992474589|0.0009604974028709509|0.006667178967876626|0.006231033538813524
0.009499999999999995|0.9095|0.0004999999999999987|0.000500000000000056|0.006231033538813524|0.006667178967876626|0.007749729369893554|0.007304419338051158
0.0004999999999999996|0.905|0.0004999999999999996|0.0040000000000000036|0.0|0.0|0.0011341289381690501|0.0009604974028709509
0.009499999999999995|0.905|0.0004999999999999987|0.0040000000000000036|0.006667178967876626|0.0077271164264864035|0.008799388271990675|0.007749729369893554
0.0004999999999999996|0.9005000000000001|0.0004999999999999996|0.0004999999999999449|0.0|0.0|0.0014850637608634489|0.0011341289381690501
0.0049999999999999975|0.9005000000000001|0.003999999999999998|0.0004999999999999449|0.0011341289381690501|0.0014850637608634489|0.007562519085054991|0.0077271164264864035
0.009499999999999995|0.9005000000000001|0.0004999999999999987|0.0004999999999999449|0.0077271164264864035|0.007562519085054991|0.009093598914659775|0.008799388271990675
0.013999999999999992|0.9095|0.003999999999999997|0.000500000000000056|0.007304419338051158|0.007749729369893554|0.012266749025613897|0.013419964218534378
0.05|0.9095|0.03200000000000001|0.000500000000000056|0.013419964218534378|0.012266749025613897|0.0657857598577937|0.06493254771175876
0.08600000000000002|0.9095|0.0040000000000000036|0.000500000000000056|0.06493254771175876|0.0657857598577937|0.0706455505731094|0.07138090237378868
0.013999999999999992|0.905|0.003999999999999997|0.0040000000000000036|0.007749729369893554|0.008799388271990675|0.012962588151095892|0.012266749025613897
0.08600000000000002|0.905|0.0040000000000000036|0.0040000000000000036|0.0657857598577937|0.0640538630984809|0.0680503299772452|0.0706455505731094
0.013999999999999992|0.9005000000000001|0.003999999999999997|0.0004999999999999449|0.008799388271990675|0.009093598914659775|0.015393373971026992|0.012962588151095892
0.05|0.9005000000000001|0.03200000000000001|0.0004999999999999449|0.012962588151095892|0.015393373971026992|0.06089335429912079|0.0640538630984809
0.08600000000000002|0.9005000000000001|0.0040000000000000036|0.0004999999999999449|0.0640538630984809|0.06089335429912079|0.06740107981062002|0.0680503299772452
0.09050000000000001|0.9095|0.0005000000000000004|0.000500000000000056|0.07138090237378868|0.0706455505731094|0.07190767481354648|0.07264389113768725
0.095|0.9095|0.00399999999999999|0.000500000000000056|0.07264389113768725|0.07190767481354648|0.07848939524922124|0.07857184203898442
0.09949999999999999|0.9095|0.0005000000000000004|0.000500000000000056|0.07857184203898442|0.07848939524922124|0.079521281353419|0.08012801406700011
0.09050000000000001|0.905|0.0005000000000000004|0.0040000000000000036|0.0706455505731094|0.0680503299772452|0.06904623830717285|0.07190767481354648
0.09949999999999999|0.905|0.0005000000000000004|0.0040000000000000036|0.07848939524922124|0.07563994022181969|0.0769574969752363|0.079521281353419
0.09050000000000001|0.9005000000000001|0.0005000000000000004|0.0004999999999999449|0.0680503299772452|0.06740107981062002|0.06892567859900343|0.06904623830717285
0.095|0.9005000000000001|0.00399999999999999|0.0004999999999999449|0.06904623830717285|0.06892567859900343|0.07485194574706795|0.07563994022181969
0.09949999999999999|0.9005000000000001|0.0005000000000000004|0.0004999999999999449|0.07563994022181969|0.07485194574706795|0.07617119733024097|0.0769574969752363
0.0004999999999999996|0.896|0.0004999999999999996|0.0040000000000000036|0.0|0.0|0.002426055144497451|0.0014850637608634489
0.0049999999999999975|0.896|0.003999999999999998|0.0040000000000000036|0.0014850637608634489|0.002426055144497451|0.007087174942174779|0.007562519085054991
0.009499999999999995|0.896|0.0004999999999999987|0.0040000000000000036|0.007562519085054991|0.007087174942174779|0.010459826638415529|0.009093598914659775
0.0004999999999999996|0.8600000000000001|0.0004999999999999996|0.03199999999999992|0.0|0.0|0.0031641440804672017|0.002426055144497451
0.009499999999999995|0.8600000000000001|0.0004999999999999987|0.03199999999999992|0.007087174942174779|0.008128283378838523|0.01156945918860538|0.010459826638415529
0.0004999999999999996|0.8240000000000002|0.0004999999999999996|0.0040000000000000036|0.0|0.0|0.0033313410121767677|0.0031641440804672017
0.0049999999999999975|0.8240000000000002|0.003999999999999998|0.0040000000000000036|0.0031641440804672017|0.0033313410121767677|0.007927641296701145|0.008128283378838523
0.009499999999999995|0.8240000000000002|0.0004999999999999987|0.0040000000000000036|0.008128283378838523|0.007927641296701145|0.01139058850565841|0.01156945918860538
0.013999999999999992|0.896|0.003999999999999997|0.0040000000000000036|0.009093598914659775|0.010459826638415529|0.01615182453061094|0.015393373971026992
0.05|0.896|0.03200000000000001|0.0040000000000000036|0.015393373971026992|0.01615182453061094|0.05901501069971609|0.06089335429912079
0.08600000000000002|0.896|0.0040000000000000036|0.0040000000000000036|0.06089335429912079|0.05901501069971609|0.06476789283345541|0.06740107981062002
0.013999999999999992|0.8600000000000001|0.003999999999999997|0.03199999999999992|0.010459826638415529|0.01156945918860538|0.01659121232709702|0.01615182453061094
0.08600000000000002|0.8600000000000001|0.0040000000000000036|0.03199999999999992|0.05901501069971609|0.050580897467323895|0.05499008818743367|0.06476789283345541
0.013999999999999992|0.8240000000000002|0.003999999999999997|0.0040000000000000036|0.01156945918860538|0.01139058850565841|0.017023712644988986|0.01659121232709702
0.05|0.8240000000000002|0.03200000000000001|0.0040000000000000036|0.01659121232709702|0.017023712644988986|0.049572436216319314|0.050580897467323895
0.08600000000000002|0.8240000000000002|0.0040000000000000036|0.0040000000000000036|0.050580897467323895|0.049572436216319314|0.05446414005924337|0.05499008818743367
0.09050000000000001|0.896|0.0005000000000000004|0.0040000000000000036|0.06740107981062002|0.06476789283345541|0.06843356018322304|0.06892567859900343
0.095|0.896|0.00399999999999999|0.0040000000000000036|0.06892567859900343|0.06843356018322304|0.07248371710560857|0.07485194574706795
0.09949999999999999|0.896|0.0005000000000000004|0.0040000000000000036|0.07485194574706795|0.07248371710560857|0.07331280056919323|0.07617119733024097
0.09050000000000001|0.8600000000000001|0.0005000000000000004|0.03199999999999992|0.06476789283345541|0.05499008818743367|0.05692473806024887|0.06843356018322304
0.09949999999999999|0.8600000000000001|0.0005000000000000004|0.03199999999999992|0.07248371710560857|0.05913973072136762|0.05998427258468001|0.07331280056919323
0.09050000000000001|0.8240000000000002|0.0005000000000000004|0.0040000000000000036|0.05499008818743367|0.05446414005924337|0.05661611670294578|0.05692473806024887
0.095|0.8240000000000002|0.00399999999999999|0.0040000000000000036|0.05692473806024887|0.05661611670294578|0.058540670534478874|0.05913973072136762
0.09949999999999999|0.8240000000000002|0.0005000000000000004|0.0040000000000000036|0.05913973072136762|0.058540670534478874|0.05912556787506706|0.05998427258468001
0.0004999999999999996|0.788|0.0004999999999999996|0.03200000000000003|0.0|0.0|0.003476605275127337|0.0033313410121767677
0.0049999999999999975|0.788|0.003999999999999998|0.03200000000000003|0.0033313410121767677|0.003476605275127337|0.007199590742068212|0.007927641296701145
0.009499999999999995|0.788|0.0004999999999999987|0.03200000000000003|0.007927641296701145|0.007199590742068212|0.008713129976111296|0.01139058850565841
0.0004999999999999996|0.5|0.0004999999999999996|0.256|0.0|0.0|0.003476604485448231|0.003476605275127337
0.009499999999999995|0.5|0.0004999999999999987|0.256|0.007199590742068212|0.007199589165765545|0.008713128152725798|0.008713129976111296
0.0004999999999999996|0.2119999999999999|0.0004999999999999996|0.03200000000000003|0.0|0.0|0.003331340190121083|0.003476604485448231
0.0049999999999999975|0.2119999999999999|0.003999999999999998|0.03200000000000003|0.003476604485448231|0.003331340190121083|0.007927639345786296|0.007199589165765545
0.009499999999999995|0.2119999999999999|0.0004999999999999987|0.03200000000000003|0.007199589165765545|0.007927639345786296|0.011390585677410334|0.008713128152725798
0.09050000000000001|0.788|0.0005000000000000004|0.03200000000000003|0.05446414005924337|0.05597607659362316|0.05667357905258358|0.05661611670294578
0.095|0.788|0.00399999999999999|0.03200000000000003|0.05661611670294578|0.05667357905258358|0.0580267928304008|0.058540670534478874
0.09949999999999999|0.788|0.0005000000000000004|0.03200000000000003|0.058540670534478874|0.0580267928304008|0.058522988407697395|0.05912556787506706
0.09050000000000001|0.5|0.0005000000000000004|0.256|0.05597607659362316|0.055976065784630394|0.05667356730230556|0.05667357905258358
0.09949999999999999|0.5|0.0005000000000000004|0.256|0.0580267928304008|0.05802678094597615|0.05852297707472779|0.058522988407697395
0.09050000000000001|0.2119999999999999|0.0005000000000000004|0.03200000000000003|0.055976065784630394|0.05446412712440636|0.05661610343318629|0.05667356730230556
0.095|0.2119999999999999|0.00399999999999999|0.03200000000000003|0.05667356730230556|0.05661610343318629|0.05854065680440493|0.05802678094597615
0.09949999999999999|0.2119999999999999|0.0005000000000000004|0.03200000000000003|0.05802678094597615|0.05854065680440493|0.05912555415084679|0.05852297707472779
0.0004999999999999996|0.17599999999999993|0.0004999999999999996|0.0040000000000000036|0.0|0.0|0.003164143300016633|0.003331340190121083
0.0049999999999999975|0.17599999999999993|0.003999999999999998|0.0040000000000000036|0.003331340190121083|0.003164143300016633|0.008128281354008627|0.007927639345786296
0.009499999999999995|0.17599999999999993|0.0004999999999999987|0.0040000000000000036|0.007927639345786296|0.008128281354008627|0.011569456285447107|0.011390585677410334
0.0004999999999999996|0.13999999999999996|0.0004999999999999996|0.03199999999999997|0.0|0.0|0.002426054497730933|0.003164143300016633
0.009499999999999995|0.13999999999999996|0.0004999999999999987|0.03199999999999997|0.008128281354008627|0.007087173046182662|0.010459823856059484|0.011569456285447107
0.0004999999999999996|0.10399999999999998|0.0004999999999999996|0.00399999999999999|0.0|0.0|0.001485063361333236|0.002426054497730933
0.0049999999999999975|0.10399999999999998|0.003999999999999998|0.00399999999999999|0.002426054497730933|0.001485063361333236|0.0075625170579451595|0.007087173046182662
0.009499999999999995|0.10399999999999998|0.0004999999999999987|0.00399999999999999|0.007087173046182662|0.0075625170579451595|0.009093596470665415|0.010459823856059484
0.013999999999999992|0.17599999999999993|0.003999999999999997|0.0040000000000000036|0.011390585677410334|0.011569456285447107|0.016591208194845452|0.01702370846095089
0.05|0.17599999999999993|0.03200000000000001|0.0040000000000000036|0.01702370846095089|0.016591208194845452|0.050580885170308426|0.04957242430118074
0.08600000000000002|0.17599999999999993|0.0040000000000000036|0.0040000000000000036|0.04957242430118074|0.050580885170308426|0.05499007493514285|0.05446412712440636
0.013999999999999992|0.13999999999999996|0.003999999999999997|0.03199999999999997|0.011569456285447107|0.010459823856059484|0.016151820266578413|0.016591208194845452
0.08600000000000002|0.13999999999999996|0.0040000000000000036|0.03199999999999997|0.050580885170308426|0.059014995453947526|0.06476787613437845|0.05499007493514285
0.013999999999999992|0.10399999999999998|0.003999999999999997|0.00399999999999999|0.010459823856059484|0.009093596470665415|0.015393369924499363|0.016151820266578413
0.05|0.10399999999999998|0.03200000000000001|0.00399999999999999|0.016151820266578413|0.015393369924499363|0.060893338505428954|0.059014995453947526
0.08600000000000002|0.10399999999999998|0.0040000000000000036|0.00399999999999999|0.059014995453947526|0.060893338505428954|0.06740106231111419|0.06476787613437845
0.09050000000000001|0.17599999999999993|0.0005000000000000004|0.0040000000000000036|0.05446412712440636|0.05499007493514285|0.056924724514943|0.05661610343318629
0.095|0.17599999999999993|0.00399999999999999|0.0040000000000000036|0.05661610343318629|0.056924724514943|0.05913971672164366|0.05854065680440493
0.09949999999999999|0.17599999999999993|0.0005000000000000004|0.0040000000000000036|0.05854065680440493|0.05913971672164366|0.05998425836410125|0.05912555415084679
0.09050000000000001|0.13999999999999996|0.0005000000000000004|0.03199999999999997|0.05499007493514285|0.06476787613437845|0.06843354270482586|0.056924724514943
0.09949999999999999|0.13999999999999996|0.0005000000000000004|0.03199999999999997|0.05913971672164366|0.07248369888755689|0.0733127822367162|0.05998425836410125
0.09050000000000001|0.10399999999999998|0.0005000000000000004|0.00399999999999999|0.06476787613437845|0.06740106231111419|0.0689256607408588|0.06843354270482586
0.095|0.10399999999999998|0.00399999999999999|0.00399999999999999|0.06843354270482586|0.0689256607408588|0.07485192697573487|0.07248369888755689
0.09949999999999999|0.10399999999999998|0.0005000000000000004|0.00399999999999999|0.07248369888755689|0.07485192697573487|0.07617117838179001|0.0733127822367162
