500runs
0.0078125|0.2421875|0.0078125|0.0078125|0.0|0.0|0.012179261353871753|0.015204184966035766
0.03125|0.2421875|0.015625|0.0078125|0.015204184966035766|0.012179261353871753|0.04151338501693302|0.03907433879087154
0.0546875|0.2421875|0.0078125|0.0078125|0.03907433879087154|0.04151338501693302|0.05432909927036033|0.05500612408295673
0.0078125|0.21875|0.0078125|0.015625|0.0|0.0|0.011013442300846742|0.012179261353871753
0.0546875|0.21875|0.0078125|0.015625|0.04151338501693302|0.038589255660223|0.05196066104353939|0.05432909927036033
0.0078125|0.1953125|0.0078125|0.0078125|0.0|0.0|0.01319159028371349|0.011013442300846742
0.03125|0.1953125|0.015625|0.0078125|0.011013442300846742|0.01319159028371349|0.03350308311572302|0.038589255660223
0.0546875|0.1953125|0.0078125|0.0078125|0.038589255660223|0.03350308311572302|0.04676054493791589|0.05196066104353939
0.078125|0.2421875|0.015625|0.0078125|0.05500612408295673|0.05432909927036033|0.07382272189645431|0.07950469351327573
0.125|0.2421875|0.03125|0.0078125|0.07950469351327573|0.07382272189645431|0.1362254750662905|0.12630298461427283
0.171875|0.2421875|0.015625|0.0078125|0.12630298461427283|0.1362254750662905|0.1564571575173581|0.1510811912690343
0.078125|0.21875|0.015625|0.015625|0.05432909927036033|0.05196066104353939|0.07373777377735069|0.07382272189645431
0.171875|0.21875|0.015625|0.015625|0.1362254750662905|0.1430386484467433|0.16586515403767135|0.1564571575173581
0.078125|0.1953125|0.015625|0.0078125|0.05196066104353939|0.04676054493791589|0.07900482822879369|0.07373777377735069
0.125|0.1953125|0.03125|0.0078125|0.07373777377735069|0.07900482822879369|0.13926665936424854|0.1430386484467433
0.171875|0.1953125|0.015625|0.0078125|0.1430386484467433|0.13926665936424854|0.1750651721477617|0.16586515403767135
0.1953125|0.2421875|0.0078125|0.0078125|0.1510811912690343|0.1564571575173581|0.1688379860392967|0.16699600291274166
0.21875|0.2421875|0.015625|0.0078125|0.16699600291274166|0.1688379860392967|0.20143470178160827|0.1909865487900489
0.2421875|0.2421875|0.0078125|0.0078125|0.1909865487900489|0.20143470178160827|0.21852741010724058|0.20800024441130205
0.1953125|0.21875|0.0078125|0.015625|0.1564571575173581|0.16586515403767135|0.18183963951418913|0.1688379860392967
0.2421875|0.21875|0.0078125|0.015625|0.20143470178160827|0.21457681884931007|0.22778519152266888|0.21852741010724058
0.1953125|0.1953125|0.0078125|0.0078125|0.16586515403767135|0.1750651721477617|0.19102183486782376|0.18183963951418913
0.21875|0.1953125|0.015625|0.0078125|0.18183963951418913|0.19102183486782376|0.2157205432826156|0.21457681884931007
0.2421875|0.1953125|0.0078125|0.0078125|0.21457681884931007|0.2157205432826156|0.23255571936165365|0.22778519152266888
0.0078125|0.171875|0.0078125|0.015625|0.0|0.0|0.01171188229209662|0.01319159028371349
0.03125|0.171875|0.015625|0.015625|0.01319159028371349|0.01171188229209662|0.031661940016420614|0.03350308311572302
0.0546875|0.171875|0.0078125|0.015625|0.03350308311572302|0.031661940016420614|0.03634936453888324|0.04676054493791589
0.0078125|0.125|0.0078125|0.03125|0.0|0.0|0.012592627517335008|0.01171188229209662
0.0546875|0.125|0.0078125|0.03125|0.031661940016420614|0.03367038999291477|0.03840824869990016|0.03634936453888324
0.0078125|0.078125|0.0078125|0.015625|0.0|0.0|0.014489461282940331|0.012592627517335008
0.03125|0.078125|0.015625|0.015625|0.012592627517335008|0.014489461282940331|0.03695603124067276|0.03367038999291477
0.0546875|0.078125|0.0078125|0.015625|0.03367038999291477|0.03695603124067276|0.051941849722214016|0.03840824869990016
0.1953125|0.171875|0.0078125|0.015625|0.1750651721477617|0.19254944639060742|0.19724385742305586|0.19102183486782376
0.21875|0.171875|0.015625|0.015625|0.19102183486782376|0.19724385742305586|0.22162614523510124|0.2157205432826156
0.2421875|0.171875|0.0078125|0.015625|0.2157205432826156|0.22162614523510124|0.2382683247964664|0.23255571936165365
0.1953125|0.125|0.0078125|0.03125|0.19254944639060742|0.20033463836885923|0.20645483569579479|0.19724385742305586
0.2421875|0.125|0.0078125|0.03125|0.22162614523510124|0.23045175770477666|0.2449525768370025|0.2382683247964664
0.1953125|0.078125|0.0078125|0.015625|0.20033463836885923|0.19096059560661202|0.20616248425481215|0.20645483569579479
0.21875|0.078125|0.015625|0.015625|0.20645483569579479|0.20616248425481215|0.23050904055836977|0.23045175770477666
0.2421875|0.078125|0.0078125|0.015625|0.23045175770477666|0.23050904055836977|0.24669520524645616|0.2449525768370025
0.0078125|0.0546875|0.0078125|0.0078125|0.0|0.0|0.012209551415356663|0.014489461282940331
0.03125|0.0546875|0.015625|0.0078125|0.014489461282940331|0.012209551415356663|0.04317567149852474|0.03695603124067276
0.0546875|0.0546875|0.0078125|0.0078125|0.03695603124067276|0.04317567149852474|0.05841353462374935|0.051941849722214016
0.0078125|0.03125|0.0078125|0.015625|0.0|0.0|0.013639902468936408|0.012209551415356663
0.0546875|0.03125|0.0078125|0.015625|0.04317567149852474|0.04704987355057264|0.06181309580096251|0.05841353462374935
0.0078125|0.0078125|0.0078125|0.0078125|0.0|0.0|0.016420755359024528|0.013639902468936408
0.03125|0.0078125|0.015625|0.0078125|0.013639902468936408|0.016420755359024528|0.04489466176711922|0.04704987355057264
0.0546875|0.0078125|0.0078125|0.0078125|0.04704987355057264|0.04489466176711922|0.06223177541898528|0.06181309580096251
0.078125|0.0546875|0.015625|0.0078125|0.051941849722214016|0.05841353462374935|0.08297039426716417|0.08855102289884018
0.125|0.0546875|0.03125|0.0078125|0.08855102289884018|0.08297039426716417|0.16092660662487293|0.15511488071490592
0.171875|0.0546875|0.015625|0.0078125|0.15511488071490592|0.16092660662487293|0.18552312659125306|0.19096059560661202
0.078125|0.03125|0.015625|0.015625|0.05841353462374935|0.06181309580096251|0.08513384721472231|0.08297039426716417
0.171875|0.03125|0.015625|0.015625|0.16092660662487293|0.15954365893200975|0.18306815914338392|0.18552312659125306
0.078125|0.0078125|0.015625|0.0078125|0.06181309580096251|0.06223177541898528|0.09182293879610856|0.08513384721472231
0.125|0.0078125|0.03125|0.0078125|0.08513384721472231|0.09182293879610856|0.15302208468076955|0.15954365893200975
0.171875|0.0078125|0.015625|0.0078125|0.15954365893200975|0.15302208468076955|0.18292117497942237|0.18306815914338392
0.1953125|0.0546875|0.0078125|0.0078125|0.19096059560661202|0.18552312659125306|0.20095100947268416|0.20616248425481215
0.21875|0.0546875|0.015625|0.0078125|0.20616248425481215|0.20095100947268416|0.2339770532921531|0.23050904055836977
0.2421875|0.0546875|0.0078125|0.0078125|0.23050904055836977|0.2339770532921531|0.24763648470496177|0.24669520524645616
0.1953125|0.03125|0.0078125|0.015625|0.18552312659125306|0.18306815914338392|0.19840313304853302|0.20095100947268416
0.2421875|0.03125|0.0078125|0.015625|0.2339770532921531|0.23378342763993296|0.2485836129308936|0.24763648470496177
0.1953125|0.0078125|0.0078125|0.0078125|0.18306815914338392|0.18292117497942237|0.20088881709248263|0.19840313304853302
0.21875|0.0078125|0.015625|0.0078125|0.19840313304853302|0.20088881709248263|0.2309890712342026|0.23378342763993296
0.2421875|0.0078125|0.0078125|0.0078125|0.23378342763993296|0.2309890712342026|0.24847118015253833|0.2485836129308936
0.265625|0.2421875|0.015625|0.0078125|0.20800024441130205|0.21852741010724058|0.2445740139670664|0.2493998813248614
0.3125|0.2421875|0.03125|0.0078125|0.2493998813248614|0.2445740139670664|0.3259297128703647|0.3198482642657438
0.359375|0.2421875|0.015625|0.0078125|0.3198482642657438|0.3259297128703647|0.3543268557139213|0.3550148809804381
0.265625|0.21875|0.015625|0.015625|0.21852741010724058|0.22778519152266888|0.24974666103300017|0.2445740139670664
0.359375|0.21875|0.015625|0.015625|0.3259297128703647|0.32166684338298174|0.34925025102434865|0.3543268557139213
0.265625|0.1953125|0.015625|0.0078125|0.22778519152266888|0.23255571936165365|0.2589491786782177|0.24974666103300017
0.3125|0.1953125|0.03125|0.0078125|0.24974666103300017|0.2589491786782177|0.3089028333004497|0.32166684338298174
0.359375|0.1953125|0.015625|0.0078125|0.32166684338298174|0.3089028333004497|0.3357827353534215|0.34925025102434865
0.40625|0.2421875|0.03125|0.0078125|0.3550148809804381|0.3543268557139213|0.40660903358318967|0.4238493804967247
0.5|0.2421875|0.0625|0.0078125|0.4238493804967247|0.40660903358318967|0.5932150118984523|0.5759745511637794
0.59375|0.2421875|0.03125|0.0078125|0.5759745511637794|0.5932150118984523|0.6454982428105887|0.6448101323573832
0.40625|0.21875|0.03125|0.015625|0.3543268557139213|0.34925025102434865|0.40319665761040985|0.40660903358318967
0.59375|0.21875|0.03125|0.015625|0.5932150118984523|0.5966286651700086|0.6505756849220531|0.6454982428105887
0.40625|0.1953125|0.03125|0.0078125|0.34925025102434865|0.3357827353534215|0.4183553756242401|0.40319665761040985
0.5|0.1953125|0.0625|0.0078125|0.40319665761040985|0.4183553756242401|0.581469238032845|0.5966286651700086
0.59375|0.1953125|0.03125|0.0078125|0.5966286651700086|0.581469238032845|0.6640436171355337|0.6505756849220531
0.640625|0.2421875|0.015625|0.0078125|0.6448101323573832|0.6454982428105887|0.6738977675162454|0.6799809521756217
0.6875|0.2421875|0.03125|0.0078125|0.6799809521756217|0.6738977675162454|0.7552645354083681|0.7504366205882148
0.734375|0.2421875|0.015625|0.0078125|0.7504366205882148|0.7552645354083681|0.7813156557426918|0.7918439722310563
0.640625|0.21875|0.015625|0.015625|0.6454982428105887|0.6505756849220531|0.6781612610030608|0.6738977675162454
0.734375|0.21875|0.015625|0.015625|0.7552645354083681|0.7500908970892716|0.7720574479352347|0.7813156557426918
0.640625|0.1953125|0.015625|0.0078125|0.6505756849220531|0.6640436171355337|0.6909259453307025|0.6781612610030608
0.6875|0.1953125|0.03125|0.0078125|0.6781612610030608|0.6909259453307025|0.7408878271112258|0.7500908970892716
0.734375|0.1953125|0.015625|0.0078125|0.7500908970892716|0.7408878271112258|0.7672854886842385|0.7720574479352347
0.265625|0.171875|0.015625|0.015625|0.23255571936165365|0.2382683247964664|0.25840015980604886|0.2589491786782177
0.3125|0.171875|0.03125|0.015625|0.2589491786782177|0.25840015980604886|0.3061082543981194|0.3089028333004497
0.359375|0.171875|0.015625|0.015625|0.3089028333004497|0.3061082543981194|0.315025721568118|0.3357827353534215
0.265625|0.125|0.015625|0.03125|0.2382683247964664|0.2449525768370025|0.2650290716287739|0.25840015980604886
0.359375|0.125|0.015625|0.03125|0.3061082543981194|0.3111014209594184|0.3188200406585093|0.315025721568118
0.265625|0.078125|0.015625|0.015625|0.2449525768370025|0.24669520524645616|0.2710901346809084|0.2650290716287739
0.3125|0.078125|0.03125|0.015625|0.2650290716287739|0.2710901346809084|0.3174924005872273|0.3111014209594184
0.359375|0.078125|0.015625|0.015625|0.3111014209594184|0.3174924005872273|0.3431836688123637|0.3188200406585093
0.640625|0.171875|0.015625|0.015625|0.6640436171355337|0.6848034739777235|0.6937220321662099|0.6909259453307025
0.6875|0.171875|0.03125|0.015625|0.6909259453307025|0.6937220321662099|0.7414375278764817|0.7408878271112258
0.734375|0.171875|0.015625|0.015625|0.7408878271112258|0.7414375278764817|0.7615711982054008|0.7672854886842385
0.640625|0.125|0.015625|0.03125|0.6848034739777235|0.6810100160666664|0.6887290825877755|0.6937220321662099
0.734375|0.125|0.015625|0.03125|0.7414375278764817|0.7348095985045306|0.7548885607820447|0.7615711982054008
0.640625|0.078125|0.015625|0.015625|0.6810100160666664|0.6566459167037513|0.6823393894556994|0.6887290825877755
0.6875|0.078125|0.03125|0.015625|0.6887290825877755|0.6823393894556994|0.7287488429221546|0.7348095985045306
0.734375|0.078125|0.015625|0.015625|0.7348095985045306|0.7287488429221546|0.7531474751150922|0.7548885607820447
0.265625|0.0546875|0.015625|0.0078125|0.24669520524645616|0.24763648470496177|0.2673287775557809|0.2710901346809084
0.3125|0.0546875|0.03125|0.0078125|0.2710901346809084|0.2673287775557809|0.3320044343147683|0.3174924005872273
0.359375|0.0546875|0.015625|0.0078125|0.3174924005872273|0.3320044343147683|0.35810397621492074|0.3431836688123637
0.265625|0.03125|0.015625|0.015625|0.24763648470496177|0.2485836129308936|0.27065153344863896|0.2673287775557809
0.359375|0.03125|0.015625|0.015625|0.3320044343147683|0.34013014888245174|0.36508476484529895|0.35810397621492074
0.265625|0.0078125|0.015625|0.0078125|0.2485836129308936|0.24847118015253833|0.2768534092167354|0.27065153344863896
0.3125|0.0078125|0.03125|0.0078125|0.27065153344863896|0.2768534092167354|0.3356695483979246|0.34013014888245174
0.359375|0.0078125|0.015625|0.0078125|0.34013014888245174|0.3356695483979246|0.36653063187087026|0.36508476484529895
0.40625|0.0546875|0.03125|0.0078125|0.3431836688123637|0.35810397621492074|0.4089265147363394|0.4227132257641499
0.5|0.0546875|0.0625|0.0078125|0.4227132257641499|0.4089265147363394|0.5909011191239493|0.5771145511095392
0.59375|0.0546875|0.03125|0.0078125|0.5771145511095392|0.5909011191239493|0.6417248386522607|0.6566459167037513
0.40625|0.03125|0.03125|0.015625|0.35810397621492074|0.36508476484529895|0.4131839194398921|0.4089265147363394
0.59375|0.03125|0.03125|0.015625|0.5909011191239493|0.586643477397785|0.634743537469992|0.6417248386522607
0.40625|0.0078125|0.03125|0.0078125|0.36508476484529895|0.36653063187087026|0.4295676343101834|0.4131839194398921
0.5|0.0078125|0.0625|0.0078125|0.4131839194398921|0.4295676343101834|0.5702597609578262|0.586643477397785
0.59375|0.0078125|0.03125|0.0078125|0.586643477397785|0.5702597609578262|0.6332980587995617|0.634743537469992
0.640625|0.0546875|0.015625|0.0078125|0.6566459167037513|0.6417248386522607|0.6678262408947584|0.6823393894556994
0.6875|0.0546875|0.03125|0.0078125|0.6823393894556994|0.6678262408947584|0.732509860490945|0.7287488429221546
0.734375|0.0546875|0.015625|0.0078125|0.7287488429221546|0.732509860490945|0.7522067509950183|0.7531474751150922
0.640625|0.03125|0.015625|0.015625|0.6417248386522607|0.634743537469992|0.6597004524928227|0.6678262408947584
0.734375|0.03125|0.015625|0.015625|0.732509860490945|0.7291883419420734|0.7512602450212713|0.7522067509950183
0.640625|0.0078125|0.015625|0.0078125|0.634743537469992|0.6332980587995617|0.6641613035823203|0.6597004524928227
0.6875|0.0078125|0.03125|0.0078125|0.6597004524928227|0.6641613035823203|0.7229852614079093|0.7291883419420734
0.734375|0.0078125|0.015625|0.0078125|0.7291883419420734|0.7229852614079093|0.7513737028216166|0.7512602450212713
0.7578125|0.2421875|0.0078125|0.0078125|0.7918439722310563|0.7813156557426918|0.7984122386038122|0.8088618044739482
0.78125|0.2421875|0.015625|0.0078125|0.8088618044739482|0.7984122386038122|0.8310229940073524|0.832863315617795
0.8046875|0.2421875|0.0078125|0.0078125|0.832863315617795|0.8310229940073524|0.8434120522085906|0.848787724396966
0.7578125|0.21875|0.0078125|0.015625|0.7813156557426918|0.7720574479352347|0.7852688521487501|0.7984122386038122
0.8046875|0.21875|0.0078125|0.015625|0.8310229940073524|0.8180190459776425|0.8340028994781393|0.8434120522085906
0.7578125|0.1953125|0.0078125|0.0078125|0.7720574479352347|0.7672854886842385|0.7841262457910588|0.7852688521487501
0.78125|0.1953125|0.015625|0.0078125|0.7852688521487501|0.7841262457910588|0.8088354578942644|0.8180190459776425
0.8046875|0.1953125|0.0078125|0.0078125|0.8180190459776425|0.8088354578942644|0.824799804881239|0.8340028994781393
0.828125|0.2421875|0.015625|0.0078125|0.848787724396966|0.8434120522085906|0.8636582274805455|0.8735847516488539
0.875|0.2421875|0.03125|0.0078125|0.8735847516488539|0.8636582274805455|0.9261107064216103|0.9204224835158438
0.921875|0.2421875|0.015625|0.0078125|0.9204224835158438|0.9261107064216103|0.9456211538235821|0.9449420904821785
0.828125|0.21875|0.015625|0.015625|0.8434120522085906|0.8340028994781393|0.8568450065730103|0.8636582274805455
0.921875|0.21875|0.015625|0.015625|0.9261107064216103|0.9261980533465415|0.9479930010305809|0.9456211538235821
0.828125|0.1953125|0.015625|0.0078125|0.8340028994781393|0.824799804881239|0.860621038633791|0.8568450065730103
0.875|0.1953125|0.03125|0.0078125|0.8568450065730103|0.860621038633791|0.9209278524901539|0.9261980533465415
0.921875|0.1953125|0.015625|0.0078125|0.9261980533465415|0.9209278524901539|0.953198334054934|0.9479930010305809
0.9453125|0.2421875|0.0078125|0.0078125|0.9449420904821785|0.9456211538235821|0.9584480074727292|0.9608889129445692
0.96875|0.2421875|0.015625|0.0078125|0.9608889129445692|0.9584480074727292|0.9878092461163971|0.9847812691338054
0.9921875|0.2421875|0.0078125|0.0078125|0.9847812691338054|0.9878092461163971|1.0|1.0
0.9453125|0.21875|0.0078125|0.015625|0.9456211538235821|0.9479930010305809|0.9613759215739085|0.9584480074727292
0.9921875|0.21875|0.0078125|0.015625|0.9878092461163971|0.9889765266805567|1.0|1.0
0.9453125|0.1953125|0.0078125|0.0078125|0.9479930010305809|0.953198334054934|0.9664672922734823|0.9613759215739085
0.96875|0.1953125|0.015625|0.0078125|0.9613759215739085|0.9664672922734823|0.9867966469219208|0.9889765266805567
0.9921875|0.1953125|0.0078125|0.0078125|0.9889765266805567|0.9867966469219208|1.0|1.0
0.7578125|0.171875|0.0078125|0.015625|0.7672854886842385|0.7615711982054008|0.7782185714684101|0.7841262457910588
0.78125|0.171875|0.015625|0.015625|0.7841262457910588|0.7782185714684101|0.802610417744988|0.8088354578942644
0.8046875|0.171875|0.0078125|0.015625|0.8088354578942644|0.802610417744988|0.8073076124689462|0.824799804881239
0.7578125|0.125|0.0078125|0.03125|0.7615711982054008|0.7548885607820447|0.769395148918961|0.7782185714684101
0.8046875|0.125|0.0078125|0.03125|0.802610417744988|0.7934014607431408|0.7995228123771654|0.8073076124689462
0.7578125|0.078125|0.0078125|0.015625|0.7548885607820447|0.7531474751150922|0.7693391495891083|0.769395148918961
0.78125|0.078125|0.015625|0.015625|0.769395148918961|0.7693391495891083|0.7936962729472583|0.7934014607431408
0.8046875|0.078125|0.0078125|0.015625|0.7934014607431408|0.7936962729472583|0.8089058691273134|0.7995228123771654
0.9453125|0.171875|0.0078125|0.015625|0.953198334054934|0.9636192717507635|0.9683105319349123|0.9664672922734823
0.96875|0.171875|0.015625|0.015625|0.9664672922734823|0.9683105319349123|0.9882777717428282|0.9867966469219208
0.9921875|0.171875|0.0078125|0.015625|0.9867966469219208|0.9882777717428282|1.0|1.0
0.9453125|0.125|0.0078125|0.03125|0.9636192717507635|0.9615614338428233|0.9663031548882256|0.9683105319349123
0.9921875|0.125|0.0078125|0.03125|0.9882777717428282|0.987397536990656|1.0|1.0
0.9453125|0.078125|0.0078125|0.015625|0.9615614338428233|0.9480194820318975|0.9630158771840398|0.9663031548882256
0.96875|0.078125|0.015625|0.015625|0.9663031548882256|0.9630158771840398|0.9854994640150894|0.987397536990656
0.9921875|0.078125|0.0078125|0.015625|0.987397536990656|0.9854994640150894|1.0|1.0
0.7578125|0.0546875|0.0078125|0.0078125|0.7531474751150922|0.7522067509950183|0.7658715931217243|0.7693391495891083
0.78125|0.0546875|0.015625|0.0078125|0.7693391495891083|0.7658715931217243|0.7989113864285267|0.7936962729472583
0.8046875|0.0546875|0.0078125|0.0078125|0.7936962729472583|0.7989113864285267|0.8143475171667944|0.8089058691273134
0.7578125|0.03125|0.0078125|0.015625|0.7522067509950183|0.7512602450212713|0.7660665911290225|0.7658715931217243
0.8046875|0.03125|0.0078125|0.015625|0.7989113864285267|0.8014622929718552|0.8168054224371765|0.8143475171667944
0.7578125|0.0078125|0.0078125|0.0078125|0.7512602450212713|0.7513737028216166|0.7688631555604812|0.7660665911290225
0.78125|0.0078125|0.015625|0.0078125|0.7660665911290225|0.7688631555604812|0.7989751246510598|0.8014622929718552
0.8046875|0.0078125|0.0078125|0.0078125|0.8014622929718552|0.7989751246510598|0.8169523512333952|0.8168054224371765
0.828125|0.0546875|0.015625|0.0078125|0.8089058691273134|0.8143475171667944|0.8389604224769296|0.8447760261848304
0.875|0.0546875|0.03125|0.0078125|0.8447760261848304|0.8389604224769296|0.9169692484682174|0.911384852108434
0.921875|0.0546875|0.015625|0.0078125|0.911384852108434|0.9169692484682174|0.9415435578007124|0.9480194820318975
0.828125|0.03125|0.015625|0.015625|0.8143475171667944|0.8168054224371765|0.8403453586375178|0.8389604224769296
0.921875|0.03125|0.015625|0.015625|0.9169692484682174|0.9148048987787067|0.9381415947859182|0.9415435578007124
0.828125|0.0078125|0.015625|0.0078125|0.8168054224371765|0.8169523512333952|0.8468710228615206|0.8403453586375178
0.875|0.0078125|0.03125|0.0078125|0.8403453586375178|0.8468710228615206|0.9081108109595601|0.9148048987787067
0.921875|0.0078125|0.015625|0.0078125|0.9148048987787067|0.9081108109595601|0.9377226463604723|0.9381415947859182
0.9453125|0.0546875|0.0078125|0.0078125|0.9480194820318975|0.9415435578007124|0.9567918281502643|0.9630158771840398
0.96875|0.0546875|0.015625|0.0078125|0.9630158771840398|0.9567918281502643|0.9877812478271967|0.9854994640150894
0.9921875|0.0546875|0.0078125|0.0078125|0.9854994640150894|0.9877812478271967|1.0|1.0
0.9453125|0.03125|0.0078125|0.015625|0.9415435578007124|0.9381415947859182|0.952915039137394|0.9567918281502643
0.9921875|0.03125|0.0078125|0.015625|0.9877812478271967|0.9863498758599372|1.0|1.0
0.9453125|0.0078125|0.0078125|0.0078125|0.9381415947859182|0.9377226463604723|0.955072104707528|0.952915039137394
0.96875|0.0078125|0.015625|0.0078125|0.952915039137394|0.955072104707528|0.9835670626820701|0.9863498758599372
0.9921875|0.0078125|0.0078125|0.0078125|0.9863498758599372|0.9835670626820701|1.0|1.0
0.7578125|0.734375|0.0078125|0.015625|0.7917771677796678|0.8156203254384264|0.8188271471763428|0.8087997355224581
0.78125|0.734375|0.015625|0.015625|0.8087997355224581|0.8188271471763428|0.8399004651403406|0.8328092134540749
0.8046875|0.734375|0.0078125|0.015625|0.8328092134540749|0.8399004651403406|0.855610584650083|0.8487393345661164
0.7578125|0.6875|0.0078125|0.03125|0.8156203254384264|0.8373194980024034|0.8413642728653667|0.8188271471763428
0.8046875|0.6875|0.0078125|0.03125|0.8399004651403406|0.8544823018804689|0.8638328515713447|0.855610584650083
0.7578125|0.640625|0.0078125|0.015625|0.8373194980024034|0.8436668912399563|0.8465340401696584|0.8413642728653667
0.78125|0.640625|0.015625|0.015625|0.8413642728653667|0.8465340401696584|0.8546548532955073|0.8544823018804689
0.8046875|0.640625|0.0078125|0.015625|0.8544823018804689|0.8546548532955073|0.8637103948596364|0.8638328515713447
0.828125|0.734375|0.015625|0.015625|0.8487393345661164|0.855610584650083|0.8745108154168119|0.8735445156587165
0.875|0.734375|0.03125|0.015625|0.8735445156587165|0.8745108154168119|0.9246082037316407|0.9203965430064306
0.921875|0.734375|0.015625|0.015625|0.9203965430064306|0.9246082037316407|0.9447474734169724|0.9449240550692665
0.828125|0.6875|0.015625|0.03125|0.855610584650083|0.8638328515713447|0.881245164216052|0.8745108154168119
0.921875|0.6875|0.015625|0.03125|0.9246082037316407|0.9290240198427955|0.9481262218743195|0.9447474734169724
0.828125|0.640625|0.015625|0.015625|0.8638328515713447|0.8637103948596364|0.8860673209928657|0.881245164216052
0.875|0.640625|0.03125|0.015625|0.881245164216052|0.8860673209928657|0.926078974870896|0.9290240198427955
0.921875|0.640625|0.015625|0.015625|0.9290240198427955|0.926078974870896|0.9528887751780499|0.9481262218743195
0.9453125|0.734375|0.0078125|0.015625|0.9449240550692665|0.9447474734169724|0.9597831376587075|0.9608763130890743
0.96875|0.734375|0.015625|0.015625|0.9608763130890743|0.9597831376587075|0.9861685650343351|0.9847762573306506
0.9921875|0.734375|0.0078125|0.015625|0.9847762573306506|0.9861685650343351|1.0|1.0
0.9453125|0.6875|0.0078125|0.03125|0.9447474734169724|0.9481262218743195|0.9630994214559169|0.9597831376587075
0.9921875|0.6875|0.0078125|0.03125|0.9861685650343351|0.9874295510018486|1.0|1.0
0.9453125|0.640625|0.0078125|0.015625|0.9481262218743195|0.9528887751780499|0.9675538469558314|0.9630994214559169
0.96875|0.640625|0.015625|0.015625|0.9630994214559169|0.9675538469558314|0.9856745806013382|0.9874295510018486
0.9921875|0.640625|0.0078125|0.015625|0.9874295510018486|0.9856745806013382|1.0|1.0
0.7578125|0.59375|0.0078125|0.03125|0.8436668912399563|0.8467563184886243|0.8483931766503855|0.8465340401696584
0.78125|0.59375|0.015625|0.03125|0.8465340401696584|0.8483931766503855|0.8547152344884319|0.8546548532955073
0.8046875|0.59375|0.0078125|0.03125|0.8546548532955073|0.8547152344884319|0.8569389027092976|0.8637103948596364
0.7578125|0.5|0.0078125|0.0625|0.8467563184886243|0.8467729011370971|0.8484094679174973|0.8483931766503855
0.8046875|0.5|0.0078125|0.0625|0.8547152344884319|0.8547333905364375|0.8569533508716748|0.8569389027092976
0.7578125|0.40625|0.0078125|0.03125|0.8467729011370971|0.8436953193652833|0.8465615258592988|0.8484094679174973
0.78125|0.40625|0.015625|0.03125|0.8484094679174973|0.8465615258592988|0.8546813579650366|0.8547333905364375
0.8046875|0.40625|0.0078125|0.03125|0.8547333905364375|0.8546813579650366|0.8637384428338346|0.8569533508716748
0.9453125|0.59375|0.0078125|0.03125|0.9528887751780499|0.9650421315765818|0.9698068972809232|0.9675538469558314
0.96875|0.59375|0.015625|0.03125|0.9675538469558314|0.9698068972809232|0.9874374379055024|0.9856745806013382
0.9921875|0.59375|0.0078125|0.03125|0.9856745806013382|0.9874374379055024|1.0|1.0
0.9453125|0.5|0.0078125|0.0625|0.9650421315765818|0.9650465643520695|0.9698116105971288|0.9698068972809232
0.9921875|0.5|0.0078125|0.0625|0.9874374379055024|0.9874397514069186|1.0|1.0
0.9453125|0.40625|0.0078125|0.03125|0.9650465643520695|0.9529005764715327|0.9675615838021775|0.9698116105971288
0.96875|0.40625|0.015625|0.03125|0.9698116105971288|0.9675615838021775|0.9856778315379067|0.9874397514069186
0.9921875|0.40625|0.0078125|0.03125|0.9874397514069186|0.9856778315379067|1.0|1.0
0.7578125|0.359375|0.0078125|0.015625|0.8436953193652833|0.8373541334699135|0.8413979674464366|0.8465615258592988
0.78125|0.359375|0.015625|0.015625|0.8465615258592988|0.8413979674464366|0.8545134635753179|0.8546813579650366
0.8046875|0.359375|0.0078125|0.015625|0.8546813579650366|0.8545134635753179|0.8638660349203305|0.8637384428338346
0.7578125|0.3125|0.0078125|0.03125|0.8373541334699135|0.8156740988971608|0.8188808214444512|0.8413979674464366
0.8046875|0.3125|0.0078125|0.03125|0.8545134635753179|0.8399483715947688|0.8556526478124483|0.8638660349203305
0.7578125|0.265625|0.0078125|0.015625|0.8156740988971608|0.7918439722310563|0.8088618044739482|0.8188808214444512
0.78125|0.265625|0.015625|0.015625|0.8188808214444512|0.8088618044739482|0.832863315617795|0.8399483715947688
0.8046875|0.265625|0.0078125|0.015625|0.8399483715947688|0.832863315617795|0.848787724396966|0.8556526478124483
0.828125|0.359375|0.015625|0.015625|0.8637384428338346|0.8638660349203305|0.8812745869086744|0.8860943779954981
0.875|0.359375|0.03125|0.015625|0.8860943779954981|0.8812745869086744|0.9290427747313399|0.9260978740000567
0.921875|0.359375|0.015625|0.015625|0.9260978740000567|0.9290427747313399|0.9481403525629003|0.9529005764715327
0.828125|0.3125|0.015625|0.03125|0.8638660349203305|0.8556526478124483|0.8745477879677598|0.8812745869086744
0.921875|0.3125|0.015625|0.03125|0.9290427747313399|0.9246312240955187|0.9447646054367159|0.9481403525629003
0.828125|0.265625|0.015625|0.015625|0.8556526478124483|0.848787724396966|0.8735847516488539|0.8745477879677598
0.875|0.265625|0.03125|0.015625|0.8745477879677598|0.8735847516488539|0.9204224835158438|0.9246312240955187
0.921875|0.265625|0.015625|0.015625|0.9246312240955187|0.9204224835158438|0.9449420904821785|0.9447646054367159
0.9453125|0.359375|0.0078125|0.015625|0.9529005764715327|0.9481403525629003|0.9631090520824303|0.9675615838021775
0.96875|0.359375|0.015625|0.015625|0.9675615838021775|0.9631090520824303|0.9874326985165749|0.9856778315379067
0.9921875|0.359375|0.0078125|0.015625|0.9856778315379067|0.9874326985165749|1.0|1.0
0.9453125|0.3125|0.0078125|0.03125|0.9481403525629003|0.9447646054367159|0.959795660122911|0.9631090520824303
0.9921875|0.3125|0.0078125|0.03125|0.9874326985165749|0.9861729453340503|1.0|1.0
0.9453125|0.265625|0.0078125|0.015625|0.9447646054367159|0.9449420904821785|0.9608889129445692|0.959795660122911
0.96875|0.265625|0.015625|0.015625|0.959795660122911|0.9608889129445692|0.9847812691338054|0.9861729453340503
0.9921875|0.265625|0.0078125|0.015625|0.9861729453340503|0.9847812691338054|1.0|1.0
0.7578125|0.9921875|0.0078125|0.0078125|0.7512834824521237|0.7511699304863613|0.7659779990199727|0.7687743500956662
0.78125|0.9921875|0.015625|0.0078125|0.7687743500956662|0.7659779990199727|0.8013846144441585|0.7988963349477993
0.8046875|0.9921875|0.0078125|0.0078125|0.7988963349477993|0.8013846144441585|0.816732067201052|0.8168799941705941
0.7578125|0.96875|0.0078125|0.015625|0.7511699304863613|0.7521159222344023|0.7657837932042876|0.7659779990199727
0.8046875|0.96875|0.0078125|0.015625|0.8013846144441585|0.7988329172281087|0.8142743173155241|0.816732067201052
0.7578125|0.9453125|0.0078125|0.0078125|0.7521159222344023|0.7530573169958982|0.7692524166101783|0.7657837932042876
0.78125|0.9453125|0.015625|0.0078125|0.7657837932042876|0.7692524166101783|0.7936166146140384|0.7988329172281087
0.8046875|0.9453125|0.0078125|0.0078125|0.7988329172281087|0.7936166146140384|0.8088313662762601|0.8142743173155241
0.828125|0.9921875|0.015625|0.0078125|0.8168799941705941|0.816732067201052|0.8402812154579774|0.8468093496470773
0.875|0.9921875|0.03125|0.0078125|0.8468093496470773|0.8402812154579774|0.9147689772125074|0.908072054550814
0.921875|0.9921875|0.015625|0.0078125|0.908072054550814|0.9147689772125074|0.9381154992177012|0.9376964489413473
0.828125|0.96875|0.015625|0.015625|0.816732067201052|0.8142743173155241|0.8388968348251085|0.8402812154579774
0.921875|0.96875|0.015625|0.015625|0.9147689772125074|0.9169354208151054|0.9415183384233663|0.9381154992177012
0.828125|0.9453125|0.015625|0.0078125|0.8142743173155241|0.8088313662762601|0.844715359706869|0.8388968348251085
0.875|0.9453125|0.03125|0.0078125|0.8388968348251085|0.844715359706869|0.9113489792651297|0.9169354208151054
0.921875|0.9453125|0.015625|0.0078125|0.9169354208151054|0.9113489792651297|0.9479976198237976|0.9415183384233663
0.9453125|0.9921875|0.0078125|0.0078125|0.9376964489413473|0.9381154992177012|0.9528951353124833|0.9550527113360738
0.96875|0.9921875|0.015625|0.0078125|0.9550527113360738|0.9528951353124833|0.9863440215297249|0.9835600041661141
0.9921875|0.9921875|0.0078125|0.0078125|0.9835600041661141|0.9863440215297249|1.0|1.0
0.9453125|0.96875|0.0078125|0.015625|0.9381154992177012|0.9415183384233663|0.9567733739990164|0.9528951353124833
0.9921875|0.96875|0.0078125|0.015625|0.9863440215297249|0.9877759360534778|1.0|1.0
0.9453125|0.9453125|0.0078125|0.0078125|0.9415183384233663|0.9479976198237976|0.9630002400956007|0.9567733739990164
0.96875|0.9453125|0.015625|0.0078125|0.9567733739990164|0.9630002400956007|0.9854933570240676|0.9877759360534778
0.9921875|0.9453125|0.0078125|0.0078125|0.9877759360534778|0.9854933570240676|1.0|1.0
0.7578125|0.921875|0.0078125|0.015625|0.7530573169958982|0.7548013827828856|0.7693098991013085|0.7692524166101783
0.78125|0.921875|0.015625|0.015625|0.7692524166101783|0.7693098991013085|0.7933220665988451|0.7936166146140384
0.8046875|0.921875|0.0078125|0.015625|0.7936166146140384|0.7933220665988451|0.7994472246216177|0.8088313662762601
0.7578125|0.875|0.0078125|0.03125|0.7548013827828856|0.7614893129393676|0.7781421511776216|0.7693098991013085
0.8046875|0.875|0.0078125|0.03125|0.7933220665988451|0.802539880078395|0.8072383346836635|0.7994472246216177
0.7578125|0.828125|0.0078125|0.015625|0.7614893129393676|0.7672075872917388|0.7840499271118805|0.7781421511776216
0.78125|0.828125|0.015625|0.015625|0.7781421511776216|0.7840499271118805|0.8087675206262139|0.802539880078395
0.8046875|0.828125|0.0078125|0.015625|0.802539880078395|0.8087675206262139|0.8247372159496265|0.8072383346836635
0.9453125|0.921875|0.0078125|0.015625|0.9479976198237976|0.9615456608379385|0.966289157708266|0.9630002400956007
0.96875|0.921875|0.015625|0.015625|0.9630002400956007|0.966289157708266|0.98739227088496|0.9854933570240676
0.9921875|0.921875|0.0078125|0.015625|0.9854933570240676|0.98739227088496|1.0|1.0
0.9453125|0.875|0.0078125|0.03125|0.9615456608379385|0.9636052944696349|0.9682984506108774|0.966289157708266
0.9921875|0.875|0.0078125|0.03125|0.98739227088496|0.9882733561885089|1.0|1.0
0.9453125|0.828125|0.0078125|0.015625|0.9636052944696349|0.9531813896238521|0.9664551973998692|0.9682984506108774
0.96875|0.828125|0.015625|0.015625|0.9682984506108774|0.9664551973998692|0.9867918758785795|0.9882733561885089
0.9921875|0.828125|0.0078125|0.015625|0.9882733561885089|0.9867918758785795|1.0|1.0
0.7578125|0.8046875|0.0078125|0.0078125|0.7672075872917388|0.7719799225856145|0.7851955604241703|0.7840499271118805
0.78125|0.8046875|0.015625|0.0078125|0.7840499271118805|0.7851955604241703|0.8179563315029604|0.8087675206262139
0.8046875|0.8046875|0.0078125|0.0078125|0.8087675206262139|0.8179563315029604|0.8339467925830908|0.8247372159496265
0.7578125|0.78125|0.0078125|0.015625|0.7719799225856145|0.7812448980756451|0.7983465085755537|0.7851955604241703
0.8046875|0.78125|0.0078125|0.015625|0.8179563315029604|0.8309673358112737|0.8433610105778853|0.8339467925830908
0.7578125|0.7578125|0.0078125|0.0078125|0.7812448980756451|0.7917771677796678|0.8087997355224581|0.7983465085755537
0.78125|0.7578125|0.015625|0.0078125|0.7983465085755537|0.8087997355224581|0.8328092134540749|0.8309673358112737
0.8046875|0.7578125|0.0078125|0.0078125|0.8309673358112737|0.8328092134540749|0.8487393345661164|0.8433610105778853
0.828125|0.8046875|0.015625|0.0078125|0.8247372159496265|0.8339467925830908|0.8567962086331774|0.8605730603514901
0.875|0.8046875|0.03125|0.0078125|0.8605730603514901|0.8567962086331774|0.926172761602144|0.9208997020534626
0.921875|0.8046875|0.015625|0.0078125|0.9208997020534626|0.926172761602144|0.9479748796509537|0.9531813896238521
0.828125|0.78125|0.015625|0.015625|0.8339467925830908|0.8433610105778853|0.8636132676599011|0.8567962086331774
0.921875|0.78125|0.015625|0.015625|0.926172761602144|0.9260861733068717|0.9456027227828658|0.9479748796509537
0.828125|0.7578125|0.015625|0.0078125|0.8433610105778853|0.8487393345661164|0.8735445156587165|0.8636132676599011
0.875|0.7578125|0.03125|0.0078125|0.8636132676599011|0.8735445156587165|0.9203965430064306|0.9260861733068717
0.921875|0.7578125|0.015625|0.0078125|0.9260861733068717|0.9203965430064306|0.9449240550692665|0.9456027227828658
0.9453125|0.8046875|0.0078125|0.0078125|0.9531813896238521|0.9479748796509537|0.9613623199846516|0.9664551973998692
0.96875|0.8046875|0.015625|0.0078125|0.9664551973998692|0.9613623199846516|0.9889726494347588|0.9867918758785795
0.9921875|0.8046875|0.0078125|0.0078125|0.9867918758785795|0.9889726494347588|1.0|1.0
0.9453125|0.78125|0.0078125|0.015625|0.9479748796509537|0.9456027227828658|0.9584340308079264|0.9613623199846516
0.9921875|0.78125|0.0078125|0.015625|0.9889726494347588|0.9878052685382762|1.0|1.0
0.9453125|0.7578125|0.0078125|0.0078125|0.9456027227828658|0.9449240550692665|0.9608763130890743|0.9584340308079264
0.96875|0.7578125|0.015625|0.0078125|0.9584340308079264|0.9608763130890743|0.9847762573306506|0.9878052685382762
0.9921875|0.7578125|0.0078125|0.0078125|0.9878052685382762|0.9847762573306506|1.0|1.0
0.265625|0.9921875|0.015625|0.0078125|0.24835428383656924|0.2484675641129041|0.270532380727166|0.27673390965427375
0.3125|0.9921875|0.03125|0.0078125|0.27673390965427375|0.270532380727166|0.3400061110124826|0.33554596402361886
0.359375|0.9921875|0.015625|0.0078125|0.33554596402361886|0.3400061110124826|0.3649608534297504|0.3664061377051468
0.265625|0.96875|0.015625|0.015625|0.2484675641129041|0.2475213040919172|0.26721136144905294|0.270532380727166
0.359375|0.96875|0.015625|0.015625|0.3400061110124826|0.33188197381503654|0.35798082689488836|0.3649608534297504
0.265625|0.9453125|0.015625|0.0078125|0.2475213040919172|0.2465813940142643|0.2709725763139925|0.26721136144905294
0.3125|0.9453125|0.03125|0.0078125|0.26721136144905294|0.2709725763139925|0.3173715607643662|0.33188197381503654
0.359375|0.9453125|0.015625|0.0078125|0.33188197381503654|0.3173715607643662|0.34306116693509076|0.35798082689488836
0.40625|0.9921875|0.03125|0.0078125|0.3664061377051468|0.3649608534297504|0.4130613296623904|0.4294458264124781
0.5|0.9921875|0.0625|0.0078125|0.4294458264124781|0.4130613296623904|0.5865314203272078|0.5701463734455704
0.59375|0.9921875|0.03125|0.0078125|0.5701463734455704|0.5865314203272078|0.6346353524587212|0.6331880889557405
0.40625|0.96875|0.03125|0.015625|0.3649608534297504|0.35798082689488836|0.4088044986178119|0.4130613296623904
0.59375|0.96875|0.03125|0.015625|0.5865314203272078|0.5907888358718715|0.6416174697202164|0.6346353524587212
0.40625|0.9453125|0.03125|0.0078125|0.35798082689488836|0.34306116693509076|0.4225917713176076|0.4088044986178119
0.5|0.9453125|0.0625|0.0078125|0.4088044986178119|0.4225917713176076|0.5770015818566389|0.5907888358718715
0.59375|0.9453125|0.03125|0.0078125|0.5907888358718715|0.5770015818566389|0.656540741821117|0.6416174697202164
0.640625|0.9921875|0.015625|0.0078125|0.6331880889557405|0.6346353524587212|0.6595945975869819|0.664056409958037
0.6875|0.9921875|0.03125|0.0078125|0.664056409958037|0.6595945975869819|0.7290929642782233|0.7228894703434945
0.734375|0.9921875|0.015625|0.0078125|0.7228894703434945|0.7290929642782233|0.7511699304863613|0.7512834824521237
0.640625|0.96875|0.015625|0.015625|0.6346353524587212|0.6416174697202164|0.6677211866689657|0.6595945975869819
0.734375|0.96875|0.015625|0.015625|0.7290929642782233|0.7324154268413413|0.7521159222344023|0.7511699304863613
0.640625|0.9453125|0.015625|0.0078125|0.6416174697202164|0.656540741821117|0.682236665111042|0.6677211866689657
0.6875|0.9453125|0.03125|0.0078125|0.6677211866689657|0.682236665111042|0.728653804740688|0.7324154268413413
0.734375|0.9453125|0.015625|0.0078125|0.7324154268413413|0.728653804740688|0.7530573169958982|0.7521159222344023
0.265625|0.921875|0.015625|0.015625|0.2465813940142643|0.24484142996342337|0.26491414507091765|0.2709725763139925
0.3125|0.921875|0.03125|0.015625|0.2709725763139925|0.26491414507091765|0.3109826039618518|0.3173715607643662
0.359375|0.921875|0.015625|0.015625|0.3173715607643662|0.3109826039618518|0.31870087740690134|0.34306116693509076
0.265625|0.875|0.015625|0.03125|0.24484142996342337|0.23816477508160877|0.25829277133801437|0.26491414507091765
0.359375|0.875|0.015625|0.03125|0.3109826039618518|0.3059960821544403|0.31491219512597424|0.31870087740690134
0.265625|0.828125|0.015625|0.015625|0.23816477508160877|0.2324562954208244|0.25884488798228916|0.25829277133801437
0.3125|0.828125|0.03125|0.015625|0.25829277133801437|0.25884488798228916|0.3087943253060009|0.3059960821544403
0.359375|0.828125|0.015625|0.015625|0.3059960821544403|0.3087943253060009|0.3356734681787985|0.31491219512597424
0.640625|0.921875|0.015625|0.015625|0.656540741821117|0.6809085418608536|0.6886299765114565|0.682236665111042
0.6875|0.921875|0.03125|0.015625|0.682236665111042|0.6886299765114565|0.7347185063451227|0.728653804740688
0.734375|0.921875|0.015625|0.015625|0.728653804740688|0.7347185063451227|0.7548013827828856|0.7530573169958982
0.640625|0.875|0.015625|0.03125|0.6809085418608536|0.6847064899927712|0.6936284490748822|0.6886299765114565
0.734375|0.875|0.015625|0.03125|0.7347185063451227|0.7413515682045938|0.7614893129393676|0.7548013827828856
0.640625|0.828125|0.015625|0.015625|0.6847064899927712|0.6639498202153712|0.6908340301067899|0.6936284490748822
0.6875|0.828125|0.03125|0.015625|0.6936284490748822|0.6908340301067899|0.7408040399008443|0.7413515682045938
0.734375|0.828125|0.015625|0.015625|0.7413515682045938|0.7408040399008443|0.7672075872917388|0.7614893129393676
0.265625|0.8046875|0.015625|0.0078125|0.2324562954208244|0.22768854884168555|0.24964692456735335|0.25884488798228916
0.3125|0.8046875|0.03125|0.0078125|0.25884488798228916|0.24964692456735335|0.32155910642239577|0.3087943253060009
0.359375|0.8046875|0.015625|0.0078125|0.3087943253060009|0.32155910642239577|0.34914230015955405|0.3356734681787985
0.265625|0.78125|0.015625|0.015625|0.22768854884168555|0.21843784428678692|0.24447945645659902|0.24964692456735335
0.359375|0.78125|0.015625|0.015625|0.32155910642239577|0.3258250315177226|0.3542210220332723|0.34914230015955405
0.265625|0.7578125|0.015625|0.0078125|0.21843784428678692|0.20791613805511594|0.24930584751706578|0.24447945645659902
0.3125|0.7578125|0.03125|0.0078125|0.24447945645659902|0.24930584751706578|0.31974485641467354|0.3258250315177226
0.359375|0.7578125|0.015625|0.0078125|0.3258250315177226|0.31974485641467354|0.35490973213419913|0.3542210220332723
0.40625|0.8046875|0.03125|0.0078125|0.3356734681787985|0.34914230015955405|0.4030903536623307|0.41824934449578055
0.5|0.8046875|0.0625|0.0078125|0.41824934449578055|0.4030903536623307|0.5965311390133936|0.5813710660715855
0.59375|0.8046875|0.03125|0.0078125|0.5813710660715855|0.5965311390133936|0.6504817343576805|0.6639498202153712
0.40625|0.78125|0.03125|0.015625|0.34914230015955405|0.3542210220332723|0.40650400732130354|0.4030903536623307
0.59375|0.78125|0.03125|0.015625|0.5965311390133936|0.593118610818023|0.6454063514902191|0.6504817343576805
0.40625|0.7578125|0.03125|0.0078125|0.3542210220332723|0.35490973213419913|0.42374505597496936|0.40650400732130354
0.5|0.7578125|0.0625|0.0078125|0.40650400732130354|0.42374505597496936|0.5758774272802539|0.593118610818023
0.59375|0.7578125|0.03125|0.0078125|0.593118610818023|0.5758774272802539|0.6447177243047164|0.6454063514902191
0.640625|0.8046875|0.015625|0.0078125|0.6639498202153712|0.6504817343576805|0.6780697609687011|0.6908340301067899
0.6875|0.8046875|0.03125|0.0078125|0.6908340301067899|0.6780697609687011|0.7500107011236111|0.7408040399008443
0.734375|0.8046875|0.015625|0.0078125|0.7408040399008443|0.7500107011236111|0.7719799225856145|0.7672075872917388
0.640625|0.78125|0.015625|0.015625|0.6504817343576805|0.6454063514902191|0.6738083422685769|0.6780697609687011
0.734375|0.78125|0.015625|0.015625|0.7500107011236111|0.75518842872314|0.7812448980756451|0.7719799225856145
0.640625|0.7578125|0.015625|0.0078125|0.6454063514902191|0.6447177243047164|0.6798933779563017|0.6738083422685769
0.6875|0.7578125|0.03125|0.0078125|0.6738083422685769|0.6798933779563017|0.7503617837025665|0.75518842872314
0.734375|0.7578125|0.015625|0.0078125|0.75518842872314|0.7503617837025665|0.7917771677796678|0.7812448980756451
0.0078125|0.9921875|0.0078125|0.0078125|0.0|0.0|0.013631912449939476|0.01641104167610106
0.03125|0.9921875|0.015625|0.0078125|0.01641104167610106|0.013631912449939476|0.04702257949102411|0.04486845877583451
0.0546875|0.9921875|0.0078125|0.0078125|0.04486845877583451|0.04702257949102411|0.06177744994001881|0.06219581520214654
0.0078125|0.96875|0.0078125|0.015625|0.0|0.0|0.012202384932648932|0.013631912449939476
0.0546875|0.96875|0.0078125|0.015625|0.04702257949102411|0.04315069633434661|0.058379978405220856|0.06177744994001881
0.0078125|0.9453125|0.0078125|0.0078125|0.0|0.0|0.014481011155490395|0.012202384932648932
0.03125|0.9453125|0.015625|0.0078125|0.012202384932648932|0.014481011155490395|0.036934538947908456|0.04315069633434661
0.0546875|0.9453125|0.0078125|0.0078125|0.04315069633434661|0.036934538947908456|0.05191209052130272|0.058379978405220856
0.078125|0.9921875|0.015625|0.0078125|0.06219581520214654|0.06177744994001881|0.0850859982589991|0.09177212465951405
0.125|0.9921875|0.03125|0.0078125|0.09177212465951405|0.0850859982589991|0.15945847524116302|0.1529403041214381
0.171875|0.9921875|0.015625|0.0078125|0.1529403041214381|0.15945847524116302|0.18297223381678612|0.1828255641763956
0.078125|0.96875|0.015625|0.015625|0.06177744994001881|0.058379978405220856|0.08292400102733856|0.0850859982589991
0.171875|0.96875|0.015625|0.015625|0.15945847524116302|0.16084169527650527|0.18542689247897504|0.18297223381678612
0.078125|0.9453125|0.015625|0.0078125|0.058379978405220856|0.05191209052130272|0.08850182388358441|0.08292400102733856
0.125|0.9453125|0.03125|0.0078125|0.08292400102733856|0.08850182388358441|0.15503223910604863|0.16084169527650527
0.171875|0.9453125|0.015625|0.0078125|0.16084169527650527|0.15503223910604863|0.19086269292615052|0.18542689247897504
0.1953125|0.9921875|0.0078125|0.0078125|0.1828255641763956|0.18297223381678612|0.1983014864560461|0.20078632815675926
0.21875|0.9921875|0.015625|0.0078125|0.20078632815675926|0.1983014864560461|0.2336702982037609|0.23087643872811667
0.2421875|0.9921875|0.0078125|0.0078125|0.23087643872811667|0.2336702982037609|0.2484675641129041|0.24835428383656924
0.1953125|0.96875|0.0078125|0.015625|0.18297223381678612|0.18542689247897504|0.2008488439800429|0.1983014864560461
0.2421875|0.96875|0.0078125|0.015625|0.2336702982037609|0.23386487956309188|0.2475213040919172|0.2484675641129041
0.1953125|0.9453125|0.0078125|0.0078125|0.18542689247897504|0.19086269292615052|0.20605906449101444|0.2008488439800429
0.21875|0.9453125|0.015625|0.0078125|0.2008488439800429|0.20605906449101444|0.2303983600053549|0.23386487956309188
0.2421875|0.9453125|0.0078125|0.0078125|0.23386487956309188|0.2303983600053549|0.2465813940142643|0.2475213040919172
0.0078125|0.921875|0.0078125|0.015625|0.0|0.0|0.012585377108078107|0.014481011155490395
0.03125|0.921875|0.015625|0.015625|0.014481011155490395|0.012585377108078107|0.03365127595860489|0.036934538947908456
0.0546875|0.921875|0.0078125|0.015625|0.036934538947908456|0.03365127595860489|0.03838657352732668|0.05191209052130272
0.0078125|0.875|0.0078125|0.03125|0.0|0.0|0.011705854900098941|0.012585377108078107
0.0546875|0.875|0.0078125|0.03125|0.03365127595860489|0.03164559098853893|0.036330514506536654|0.03838657352732668
0.0078125|0.828125|0.0078125|0.015625|0.0|0.0|0.01318494147720961|0.011705854900098941
0.03125|0.828125|0.015625|0.015625|0.011705854900098941|0.01318494147720961|0.03348622836925733|0.03164559098853893
0.0546875|0.828125|0.0078125|0.015625|0.03164559098853893|0.03348622836925733|0.046737422394668854|0.036330514506536654
0.1953125|0.921875|0.0078125|0.015625|0.19086269292615052|0.20023548680154243|0.20635305460479547|0.20605906449101444
0.21875|0.921875|0.015625|0.015625|0.20605906449101444|0.20635305460479547|0.23034277393679906|0.2303983600053549
0.2421875|0.921875|0.0078125|0.015625|0.2303983600053549|0.23034277393679906|0.24484142996342337|0.2465813940142643
0.1953125|0.875|0.0078125|0.03125|0.20023548680154243|0.19245723101641904|0.19715150520461888|0.20635305460479547
0.2421875|0.875|0.0078125|0.03125|0.23034277393679906|0.22152654161450355|0.23816477508160877|0.24484142996342337
0.1953125|0.828125|0.0078125|0.015625|0.19245723101641904|0.17498357783174093|0.19093359954389322|0.19715150520461888
0.21875|0.828125|0.015625|0.015625|0.19715150520461888|0.19093359954389322|0.2156252433892639|0.22152654161450355
0.2421875|0.828125|0.0078125|0.015625|0.22152654161450355|0.2156252433892639|0.2324562954208244|0.23816477508160877
0.0078125|0.8046875|0.0078125|0.0078125|0.0|0.0|0.011007930090546762|0.01318494147720961
0.03125|0.8046875|0.015625|0.0078125|0.01318494147720961|0.011007930090546762|0.03857021276384577|0.03348622836925733
0.0546875|0.8046875|0.0078125|0.0078125|0.03348622836925733|0.03857021276384577|0.051935746984633074|0.046737422394668854
0.0078125|0.78125|0.0078125|0.015625|0.0|0.0|0.012173543608538707|0.011007930090546762
0.0546875|0.78125|0.0078125|0.015625|0.03857021276384577|0.0414939848243159|0.054303701467061385|0.051935746984633074
0.0078125|0.7578125|0.0078125|0.0078125|0.0|0.0|0.0151971714188125|0.012173543608538707
0.03125|0.7578125|0.015625|0.0078125|0.012173543608538707|0.0151971714188125|0.039056455369949894|0.0414939848243159
0.0546875|0.7578125|0.0078125|0.0078125|0.0414939848243159|0.039056455369949894|0.05498143502545271|0.054303701467061385
0.078125|0.8046875|0.015625|0.0078125|0.046737422394668854|0.051935746984633074|0.07370284961673718|0.07896701107470915
0.125|0.8046875|0.03125|0.0078125|0.07896701107470915|0.07370284961673718|0.1429721949436439|0.13920130633947778
0.171875|0.8046875|0.015625|0.0078125|0.13920130633947778|0.1429721949436439|0.16578850037957935|0.17498357783174093
0.078125|0.78125|0.015625|0.015625|0.051935746984633074|0.054303701467061385|0.07378905287308947|0.07370284961673718
0.171875|0.78125|0.015625|0.015625|0.1429721949436439|0.13616443042032395|0.156387744092078|0.16578850037957935
0.078125|0.7578125|0.015625|0.0078125|0.054303701467061385|0.05498143502545271|0.0794694936300989|0.07378905287308947
0.125|0.7578125|0.03125|0.0078125|0.07378905287308947|0.0794694936300989|0.12624916750623416|0.13616443042032395
0.171875|0.7578125|0.015625|0.0078125|0.13616443042032395|0.12624916750623416|0.1510169635861359|0.156387744092078
0.1953125|0.8046875|0.0078125|0.0078125|0.17498357783174093|0.16578850037957935|0.1817573596769322|0.19093359954389322
0.21875|0.8046875|0.015625|0.0078125|0.19093359954389322|0.1817573596769322|0.2144836660393773|0.2156252433892639
0.2421875|0.8046875|0.0078125|0.0078125|0.2156252433892639|0.2144836660393773|0.22768854884168555|0.2324562954208244
0.1953125|0.78125|0.0078125|0.015625|0.16578850037957935|0.156387744092078|0.16876452088131938|0.1817573596769322
0.2421875|0.78125|0.0078125|0.015625|0.2144836660393773|0.20135089398443518|0.21843784428678692|0.22768854884168555
0.1953125|0.7578125|0.0078125|0.0078125|0.156387744092078|0.1510169635861359|0.16692589082461495|0.16876452088131938
0.21875|0.7578125|0.015625|0.0078125|0.16876452088131938|0.16692589082461495|0.19090880420048614|0.20135089398443518
0.2421875|0.7578125|0.0078125|0.0078125|0.20135089398443518|0.19090880420048614|0.20791613805511594|0.21843784428678692
0.0078125|0.734375|0.0078125|0.015625|0.0|0.0|0.013807577638726783|0.0151971714188125
0.03125|0.734375|0.015625|0.015625|0.0151971714188125|0.013807577638726783|0.040147952375520796|0.039056455369949894
0.0546875|0.734375|0.0078125|0.015625|0.039056455369949894|0.040147952375520796|0.05515876656854048|0.05498143502545271
0.0078125|0.6875|0.0078125|0.03125|0.0|0.0|0.012549337388499277|0.013807577638726783
0.0546875|0.6875|0.0078125|0.03125|0.040147952375520796|0.03683879608433519|0.05178672192255226|0.05515876656854048
0.0078125|0.640625|0.0078125|0.015625|0.0|0.0|0.014301759824252249|0.012549337388499277
0.03125|0.640625|0.015625|0.015625|0.012549337388499277|0.014301759824252249|0.032392443980188826|0.03683879608433519
0.0546875|0.640625|0.0078125|0.015625|0.03683879608433519|0.032392443980188826|0.04703280142725161|0.05178672192255226
0.078125|0.734375|0.015625|0.015625|0.05498143502545271|0.05515876656854048|0.07526578442145238|0.0794694936300989
0.125|0.734375|0.03125|0.015625|0.0794694936300989|0.07526578442145238|0.1252852720673163|0.12624916750623416
0.171875|0.734375|0.015625|0.015625|0.12624916750623416|0.1252852720673163|0.14415771498051275|0.1510169635861359
0.078125|0.6875|0.015625|0.03125|0.05515876656854048|0.05178672192255226|0.07085856685540425|0.07526578442145238
0.171875|0.6875|0.015625|0.03125|0.1252852720673163|0.11856306105364718|0.1359497610127354|0.14415771498051275
0.078125|0.640625|0.015625|0.015625|0.05178672192255226|0.04703280142725161|0.07379935542965473|0.07085856685540425
0.125|0.640625|0.03125|0.015625|0.07085856685540425|0.07379935542965473|0.11374810316180992|0.11856306105364718
0.171875|0.640625|0.015625|0.015625|0.11856306105364718|0.11374810316180992|0.13607621723455718|0.1359497610127354
0.1953125|0.734375|0.0078125|0.015625|0.1510169635861359|0.14415771498051275|0.159846076762341|0.16692589082461495
0.21875|0.734375|0.015625|0.015625|0.16692589082461495|0.159846076762341|0.18089439614924216|0.19090880420048614
0.2421875|0.734375|0.0078125|0.015625|0.19090880420048614|0.18089439614924216|0.1840976718435468|0.20791613805511594
0.1953125|0.6875|0.0078125|0.03125|0.14415771498051275|0.1359497610127354|0.1452899774742842|0.159846076762341
0.2421875|0.6875|0.0078125|0.03125|0.18089439614924216|0.15839078032345047|0.16243164226368476|0.1840976718435468
0.1953125|0.640625|0.0078125|0.015625|0.1359497610127354|0.13607621723455718|0.14512063258321511|0.1452899774742842
0.21875|0.640625|0.015625|0.015625|0.1452899774742842|0.14512063258321511|0.15323187407253921|0.15839078032345047
0.2421875|0.640625|0.0078125|0.015625|0.15839078032345047|0.15323187407253921|0.1560952453838831|0.16243164226368476
0.0078125|0.59375|0.0078125|0.03125|0.0|0.0|0.012542540854939816|0.014301759824252249
0.03125|0.59375|0.015625|0.03125|0.014301759824252249|0.012542540854939816|0.03014604873723494|0.032392443980188826
0.0546875|0.59375|0.0078125|0.03125|0.032392443980188826|0.03014604873723494|0.03490416133670213|0.04703280142725161
0.0078125|0.5|0.0078125|0.0625|0.0|0.0|0.012545711338276479|0.012542540854939816
0.0546875|0.5|0.0078125|0.0625|0.03014604873723494|0.030152613028181723|0.0349109199279455|0.03490416133670213
0.0078125|0.40625|0.0078125|0.03125|0.0|0.0|0.014306378270230617|0.012545711338276479
0.03125|0.40625|0.015625|0.03125|0.012545711338276479|0.014306378270230617|0.03240318241511031|0.030152613028181723
0.0546875|0.40625|0.0078125|0.03125|0.030152613028181723|0.03240318241511031|0.047049224829458544|0.0349109199279455
0.1953125|0.59375|0.0078125|0.03125|0.13607621723455718|0.14285310772002874|0.14506992852689313|0.14512063258321511
0.21875|0.59375|0.015625|0.03125|0.14512063258321511|0.14506992852689313|0.15138564969222337|0.15323187407253921
0.2421875|0.59375|0.0078125|0.03125|0.15323187407253921|0.15138564969222337|0.15302218112338528|0.1560952453838831
0.1953125|0.5|0.0078125|0.0625|0.14285310772002874|0.14287350537292542|0.14509459696923724|0.14506992852689313
0.2421875|0.5|0.0078125|0.0625|0.15138564969222337|0.15140998445856285|0.15304179828737433|0.15302218112338528
0.1953125|0.40625|0.0078125|0.03125|0.14287350537292542|0.1361156299437971|0.14515845171033218|0.14509459696923724
0.21875|0.40625|0.015625|0.03125|0.14509459696923724|0.14515845171033218|0.1532695279766963|0.15140998445856285
0.2421875|0.40625|0.0078125|0.03125|0.15140998445856285|0.1532695279766963|0.1561345854784091|0.15304179828737433
0.0078125|0.359375|0.0078125|0.015625|0.0|0.0|0.012553908153492194|0.014306378270230617
0.03125|0.359375|0.015625|0.015625|0.014306378270230617|0.012553908153492194|0.03685232902347036|0.03240318241511031
0.0546875|0.359375|0.0078125|0.015625|0.03240318241511031|0.03685232902347036|0.05180636251132471|0.047049224829458544
0.0078125|0.3125|0.0078125|0.03125|0.0|0.0|0.013813742092728131|0.012553908153492194
0.0546875|0.3125|0.0078125|0.03125|0.03685232902347036|0.040165406233808265|0.055182302647712546|0.05180636251132471
0.0078125|0.265625|0.0078125|0.015625|0.0|0.0|0.015204184966035766|0.013813742092728131
0.03125|0.265625|0.015625|0.015625|0.013813742092728131|0.015204184966035766|0.03907433879087154|0.040165406233808265
0.0546875|0.265625|0.0078125|0.015625|0.040165406233808265|0.03907433879087154|0.05500612408295673|0.055182302647712546
0.078125|0.359375|0.015625|0.015625|0.047049224829458544|0.05180636251132471|0.07088439992508277|0.07382594735385073
0.125|0.359375|0.03125|0.015625|0.07382594735385073|0.07088439992508277|0.11860435876945565|0.11378629651911032
0.171875|0.359375|0.015625|0.015625|0.11378629651911032|0.11860435876945565|0.13599487286006393|0.1361156299437971
0.078125|0.3125|0.015625|0.03125|0.05180636251132471|0.055182302647712546|0.0752978358132689|0.07088439992508277
0.171875|0.3125|0.015625|0.03125|0.11860435876945565|0.12533635475217186|0.1442152420892442|0.13599487286006393
0.078125|0.265625|0.015625|0.015625|0.055182302647712546|0.05500612408295673|0.07950469351327573|0.0752978358132689
0.125|0.265625|0.03125|0.015625|0.0752978358132689|0.07950469351327573|0.12630298461427283|0.12533635475217186
0.171875|0.265625|0.015625|0.015625|0.12533635475217186|0.12630298461427283|0.1510811912690343|0.1442152420892442
0.1953125|0.359375|0.0078125|0.015625|0.1361156299437971|0.13599487286006393|0.14533496903062687|0.14515845171033218
0.21875|0.359375|0.015625|0.015625|0.14515845171033218|0.14533496903062687|0.15843835720742727|0.1532695279766963
0.2421875|0.359375|0.0078125|0.015625|0.1532695279766963|0.15843835720742727|0.162480394841351|0.1561345854784091
0.1953125|0.3125|0.0078125|0.03125|0.13599487286006393|0.1442152420892442|0.15991049851217126|0.14533496903062687
0.2421875|0.3125|0.0078125|0.03125|0.15843835720742727|0.18096521933810644|0.18416848269208178|0.162480394841351
0.1953125|0.265625|0.0078125|0.015625|0.1442152420892442|0.1510811912690343|0.16699600291274166|0.15991049851217126
0.21875|0.265625|0.015625|0.015625|0.15991049851217126|0.16699600291274166|0.1909865487900489|0.18096521933810644
0.2421875|0.265625|0.0078125|0.015625|0.18096521933810644|0.1909865487900489|0.20800024441130205|0.18416848269208178
