10000runs
0.0016874999999999998|0.14831249999999996|0.0016874999999999807|0.0016874999999999998|0.001007235856555822|0.0008613616396427379|0.0|0.002115117429580134
0.011249999999999996|0.14831249999999996|0.0016874999999999807|0.007874999999999997|0.007339082931035659|0.007337997844858868|0.002115117429580134|0.01255580616197569
0.02081249999999999|0.14831249999999996|0.0016874999999999807|0.001687499999999998|0.013666944172013305|0.013789316241441864|0.01255580616197569|0.014683561325967615
0.0016874999999999998|0.13874999999999998|0.007874999999999993|0.0016874999999999998|0.0008613616396427379|0.0006945139220843559|0.0|0.00023338136995689268
0.02081249999999999|0.13874999999999998|0.007874999999999993|0.001687499999999998|0.013789316241441864|0.012287233512309908|0.01432788930751687|0.014880577303349725
0.0016874999999999998|0.1291875|0.0016875000000000084|0.0016874999999999998|0.0006945139220843559|0.0007845102901152576|0.0|0.001694287738496891
0.011249999999999996|0.1291875|0.0016875000000000084|0.007874999999999997|0.005898766730827962|0.005749516194026868|0.001694287738496891|0.010799740710394759
0.02081249999999999|0.1291875|0.0016875000000000084|0.001687499999999998|0.012287233512309908|0.011261767388585964|0.010799740710394759|0.013051054873135967
0.030375|0.14831249999999996|0.0016874999999999807|0.007875|0.019448573602643786|0.019053719913690738|0.014683561325967615|0.025452187883145853
0.075|0.14831249999999996|0.0016874999999999807|0.03675|0.05368678030661299|0.05371777512888342|0.025452187883145853|0.08265810944475846
0.119625|0.14831249999999996|0.0016874999999999807|0.007875000000000007|0.08845511303240383|0.08957016511633743|0.08265810944475846|0.09363283866324024
0.030375|0.13874999999999998|0.007874999999999993|0.007875|0.019053719913690738|0.0184450759223585|0.014880577303349725|0.017459793897046452
0.119625|0.13874999999999998|0.007874999999999993|0.007875000000000007|0.08957016511633743|0.09326603689118586|0.09288605982803234|0.09582195350006947
0.030375|0.1291875|0.0016875000000000084|0.007875000000000007|0.0184450759223585|0.01865620933984817|0.013051054873135967|0.025246630739792567
0.075|0.1291875|0.0016875000000000084|0.03675|0.05600193664032787|0.05600193664032787|0.025246630739792567|0.08675706841330826
0.119625|0.1291875|0.0016875000000000084|0.007875000000000007|0.09326603689118586|0.09334746054757588|0.08675706841330826|0.10031775661959944
0.1291875|0.14831249999999996|0.0016874999999999807|0.0016875000000000084|0.09428072398278352|0.09497251156335441|0.09363283866324024|0.0957365955633344
0.13874999999999998|0.14831249999999996|0.0016874999999999807|0.007874999999999993|0.100403201166126|0.10078090535007933|0.0957365955633344|0.10758776257462711
0.14831249999999996|0.14831249999999996|0.0016874999999999807|0.0016874999999999807|0.1079105151214474|0.11001460786557185|0.10758776257462711|0.11067257428669153
0.1291875|0.13874999999999998|0.007874999999999993|0.0016875000000000084|0.09497251156335441|0.10086544671164842|0.09582195350006947|0.09645107357264887
0.14831249999999996|0.13874999999999998|0.007874999999999993|0.0016874999999999807|0.11001460786557185|0.11590425842644196|0.11453305935916847|0.1152074543430452
0.1291875|0.1291875|0.0016875000000000084|0.0016875000000000084|0.10086544671164842|0.10281532300085938|0.10031775661959944|0.10324700149694062
0.13874999999999998|0.1291875|0.0016875000000000084|0.007874999999999993|0.10994655110670652|0.11027893268976778|0.10324700149694062|0.11509486791236276
0.14831249999999996|0.1291875|0.0016875000000000084|0.0016874999999999807|0.11590425842644196|0.11652371603225667|0.11509486791236276|0.11726947120715532
0.0016874999999999998|0.119625|0.007875000000000007|0.0016874999999999998|0.0007845102901152576|0.0006221000557066661|0.0|0.001503888101579246
0.011249999999999996|0.119625|0.007875000000000007|0.007874999999999997|0.005749516194026868|0.005053015638904592|0.001503888101579246|0.00790564118866387
0.02081249999999999|0.119625|0.007875000000000007|0.001687499999999998|0.011261767388585964|0.008624686111809577|0.00790564118866387|0.008516918092183716
0.0016874999999999998|0.075|0.03675|0.0016874999999999998|0.0006221000557066661|0.0007146082617131512|0.0|5.621671613505967e-05
0.02081249999999999|0.075|0.03675|0.001687499999999998|0.008624686111809577|0.009630497703977703|0.00912760698421496|0.00912760698421496
0.0016874999999999998|0.030375|0.007875|0.0016874999999999998|0.0007146082617131512|0.0009082694681722029|0.0|0.0017303498937030345
0.011249999999999996|0.030375|0.007875|0.007874999999999997|0.005812085960235977|0.006660500060740866|0.0017303498937030345|0.009045406398424506
0.02081249999999999|0.030375|0.007875|0.001687499999999998|0.009630497703977703|0.013079336385704037|0.009045406398424506|0.009738260778036334
0.1291875|0.119625|0.007875000000000007|0.0016875000000000084|0.10281532300085938|0.10861960040281649|0.10750033670804889|0.1082644086204457
0.13874999999999998|0.119625|0.007875000000000007|0.007874999999999993|0.11027893268976778|0.11183008419868613|0.1082644086204457|0.11694686472889523
0.14831249999999996|0.119625|0.007875000000000007|0.0016874999999999807|0.11652371603225667|0.11955740611963768|0.11694686472889523|0.11914094059006673
0.1291875|0.075|0.03675|0.0016875000000000084|0.10861960040281649|0.11906581554164739|0.11384286854189646|0.11384286854189646
0.14831249999999996|0.075|0.03675|0.0016874999999999807|0.11955740611963768|0.129640475906449|0.12662312091233294|0.12680899255737793
0.1291875|0.030375|0.007875|0.0016875000000000084|0.11906581554164739|0.11743878463691289|0.12018501847016545|0.12101330796877341
0.13874999999999998|0.030375|0.007875|0.007874999999999993|0.12487865896227739|0.12428999688051513|0.12101330796877341|0.12933262967939133
0.14831249999999996|0.030375|0.007875|0.0016874999999999807|0.129640475906449|0.13067861000325834|0.12933262967939133|0.1312961160244586
0.0016874999999999998|0.02081249999999999|0.001687499999999998|0.0016874999999999998|0.0009082694681722029|0.0008051440730059196|0.0|0.0019647301685918506
0.011249999999999996|0.02081249999999999|0.001687499999999998|0.007874999999999997|0.006660500060740866|0.00684230308227763|0.0019647301685918506|0.012568285027628974
0.02081249999999999|0.02081249999999999|0.001687499999999998|0.001687499999999998|0.013079336385704037|0.01432396210658794|0.012568285027628974|0.015209537534715087
0.0016874999999999998|0.011249999999999996|0.007874999999999997|0.0016874999999999998|0.0008051440730059196|0.0010036237089423722|0.0|0.00027131520729068733
0.02081249999999999|0.011249999999999996|0.007874999999999997|0.001687499999999998|0.01432396210658794|0.01621526621049308|0.016791139863045118|0.017443218316208438
0.0016874999999999998|0.0016874999999999998|0.0016874999999999998|0.0016874999999999998|0.0010036237089423722|0.0011605470387751901|0.0|0.0024780168778780485
0.011249999999999996|0.0016874999999999998|0.0016874999999999998|0.007874999999999997|0.008626210374694271|0.008626210374694271|0.0024780168778780485|0.014774397350026761
0.02081249999999999|0.0016874999999999998|0.0016874999999999998|0.001687499999999998|0.01621526621049308|0.016091865987598004|0.014774397350026761|0.017285929188395523
0.030375|0.02081249999999999|0.001687499999999998|0.007875|0.021809400622432244|0.021575903397347645|0.015209537534715087|0.02949889523950444
0.075|0.02081249999999999|0.001687499999999998|0.03675|0.06538320345250803|0.06538320345250803|0.02949889523950444|0.10126732353795946
0.119625|0.02081249999999999|0.001687499999999998|0.007875000000000007|0.10895678514445181|0.10921153544981892|0.10126732353795946|0.11545733292597844
0.030375|0.011249999999999996|0.007874999999999997|0.007875|0.021575903397347645|0.02243964154510286|0.017443218316208438|0.020486257484034903
0.119625|0.011249999999999996|0.007874999999999997|0.007875000000000007|0.10921153544981892|0.10854618379251195|0.11040037020819865|0.11344335854101112
0.030375|0.0016874999999999998|0.0016874999999999998|0.007875000000000007|0.02243964154510286|0.02285822558488463|0.017285929188395523|0.03038388790908006
0.075|0.0016874999999999998|0.0016874999999999998|0.03675|0.06550365223268413|0.06550365223268413|0.03038388790908006|0.10062323356153878
0.119625|0.0016874999999999998|0.0016874999999999998|0.007875000000000007|0.10854618379251195|0.10814885813200766|0.10062323356153878|0.11382021688407139
0.1291875|0.02081249999999999|0.001687499999999998|0.0016875000000000084|0.11743878463691289|0.11636415122083052|0.11545733292597844|0.1181409337563924
0.13874999999999998|0.02081249999999999|0.001687499999999998|0.007874999999999993|0.12428999688051513|0.12416385651679757|0.1181409337563924|0.12959804457385088
0.14831249999999996|0.02081249999999999|0.001687499999999998|0.0016874999999999807|0.13067861000325834|0.13101894371348385|0.12959804457385088|0.13175442684711478
0.1291875|0.011249999999999996|0.007874999999999997|0.0016875000000000084|0.11636415122083052|0.11486961840779872|0.11344335854101112|0.11409542887026741
0.14831249999999996|0.011249999999999996|0.007874999999999997|0.0016874999999999807|0.13101894371348385|0.13095807189192282|0.132215618308051|0.13274150533911797
0.1291875|0.0016874999999999998|0.0016874999999999998|0.0016875000000000084|0.11486961840779872|0.11503551616584118|0.11382021688407139|0.11641667274628903
0.13874999999999998|0.0016874999999999998|0.0016874999999999998|0.007874999999999993|0.12286210160186462|0.12286210160186462|0.11641667274628903|0.1293074512967135
0.14831249999999996|0.0016874999999999998|0.0016874999999999998|0.0016874999999999807|0.13095807189192282|0.13068860482467065|0.1293074512967135|0.13180024115252406
0.15787500000000002|0.14831249999999996|0.0016874999999999807|0.007874999999999993|0.11826153574551282|0.11827796430826992|0.11067257428669153|0.12577374846169173
0.2025|0.14831249999999996|0.0016874999999999807|0.036750000000000005|0.16083077875205415|0.16083077875205415|0.12577374846169173|0.19588749845853812
0.247125|0.14831249999999996|0.0016874999999999807|0.007874999999999993|0.20339965408181346|0.20359401287009396|0.19588749845853812|0.21000473236172618
0.15787500000000002|0.13874999999999998|0.007874999999999993|0.007874999999999993|0.11827796430826992|0.12157844731970753|0.1152074543430452|0.11835463093446988
0.247125|0.13874999999999998|0.007874999999999993|0.007874999999999993|0.20359401287009396|0.19968204133948464|0.2045010205487363|0.21022697060191747
0.15787500000000002|0.1291875|0.0016875000000000084|0.007875000000000049|0.12157844731970753|0.12262112584766983|0.11726947120715532|0.12885075064806353
0.2025|0.1291875|0.0016875000000000084|0.036750000000000005|0.1595643564107232|0.1594966544121313|0.12885075064806353|0.19175204683948527
0.247125|0.1291875|0.0016875000000000084|0.007874999999999993|0.19968204133948464|0.19753030451164968|0.19175204683948527|0.20595022503240323
0.29175|0.14831249999999996|0.0016874999999999807|0.036750000000000005|0.24082843650412802|0.24014366662151795|0.21000473236172618|0.2865645256313784
0.5|0.14831249999999996|0.0016874999999999807|0.17149999999999999|0.4999996339049888|0.4999996339049888|0.2865645256313784|0.7134347774991124
0.70825|0.14831249999999996|0.0016874999999999807|0.03675000000000006|0.7591708796978532|0.7598556444311065|0.7134347774991124|0.7899945929680773
0.29175|0.13874999999999998|0.007874999999999993|0.036750000000000005|0.24014366662151795|0.2394784750703861|0.21022697060191747|0.23694810509323075
0.70825|0.13874999999999998|0.007874999999999993|0.03675000000000006|0.7598556444311065|0.7605208373003944|0.7630512072857624|0.7897723486431658
0.29175|0.1291875|0.0016875000000000084|0.036750000000000005|0.2394784750703861|0.240020698403516|0.20595022503240323|0.28589932915785277
0.5|0.1291875|0.0016875000000000084|0.17149999999999999|0.4999996315750824|0.4999996315750824|0.28589932915785277|0.7140999699879031
0.70825|0.1291875|0.0016875000000000084|0.03675000000000006|0.7605208373003944|0.7599786138962743|0.7140999699879031|0.7940491093864194
0.752875|0.14831249999999996|0.0016874999999999807|0.007874999999999965|0.7965996743831252|0.7964053219846704|0.7899945929680773|0.8041118435911502
0.7975|0.14831249999999996|0.0016874999999999807|0.03674999999999995|0.8391685962374055|0.8391685962374055|0.8041118435911502|0.8742256734755804
0.842125|0.14831249999999996|0.0016874999999999807|0.007875000000000076|0.8817379028487261|0.8817214802120349|0.8742256734755804|0.8893268820336225
0.752875|0.13874999999999998|0.007874999999999993|0.007874999999999965|0.7964053219846704|0.8003172841857366|0.7897723486431658|0.7954983075054665
0.842125|0.13874999999999998|0.007874999999999993|0.007875000000000076|0.8817214802120349|0.8784209907654744|0.8816448089246973|0.8847919976479672
0.752875|0.1291875|0.0016875000000000084|0.007874999999999965|0.8003172841857366|0.802469029052769|0.7940491093864194|0.8082472993133493
0.7975|0.1291875|0.0016875000000000084|0.03674999999999995|0.8404350224135507|0.8405027243753737|0.8082472993133493|0.87114867548738
0.842125|0.1291875|0.0016875000000000084|0.007875000000000076|0.8784209907654744|0.8773782964821123|0.87114867548738|0.8827299698075309
0.15787500000000002|0.119625|0.007875000000000007|0.007874999999999993|0.12262112584766983|0.12486551832535567|0.11914094059006673|0.13042509133590668
0.2025|0.119625|0.007875000000000007|0.036750000000000005|0.1594966544121313|0.15918071175203571|0.13042509133590668|0.18646184504030952
0.247125|0.119625|0.007875000000000007|0.007874999999999993|0.19753030451164968|0.1929312484760397|0.18646184504030952|0.192307809937419
0.15787500000000002|0.075|0.03675|0.007874999999999993|0.12486551832535567|0.1345352798375569|0.12680899255737793|0.12767643348756397
0.247125|0.075|0.03675|0.007874999999999993|0.1929312484760397|0.19874993457514317|0.1958406283229365|0.1958406283229365
0.15787500000000002|0.030375|0.007875|0.007875000000000049|0.1345352798375569|0.1363165946291218|0.1312961160244586|0.14187213893218645
0.2025|0.030375|0.007875|0.036750000000000005|0.16925193499052618|0.16980346375608918|0.14187213893218645|0.19405780558560493
0.247125|0.030375|0.007875|0.007874999999999993|0.19874993457514317|0.20531229893120498|0.19405780558560493|0.19937335734347317
0.752875|0.119625|0.007875000000000007|0.007874999999999965|0.802469029052769|0.8070680875905615|0.807691521755981|0.813537488539728
0.7975|0.119625|0.007875000000000007|0.03674999999999995|0.8405027243753737|0.8408186668638808|0.813537488539728|0.869574321678063
0.842125|0.119625|0.007875000000000007|0.007875000000000076|0.8773782964821123|0.875133912962185|0.869574321678063|0.8808584949860075
0.752875|0.075|0.03675|0.007874999999999965|0.8070680875905615|0.801249383692621|0.8041586970594855|0.8041586970594855
0.842125|0.075|0.03675|0.007875000000000076|0.875133912962185|0.8654641086843433|0.8723229772932308|0.8731904123402761
0.752875|0.030375|0.007875|0.007874999999999965|0.801249383692621|0.7946870111924159|0.8006259525018606|0.8059415039299928
0.7975|0.030375|0.007875|0.03674999999999995|0.8307474105946093|0.8301958740081631|0.8059415039299928|0.8581272439591392
0.842125|0.030375|0.007875|0.007875000000000076|0.8654641086843433|0.863682791658207|0.8581272439591392|0.8687032761669272
0.157875|0.02081249999999999|0.001687499999999998|0.007874999999999993|0.1363165946291218|0.13617375869344675|0.13175442684711478|0.14230187851995812
0.2025|0.02081249999999999|0.001687499999999998|0.036750000000000005|0.16980346375608918|0.16992164997506315|0.14230187851995812|0.20011493880736791
0.24712500000000004|0.02081249999999999|0.001687499999999998|0.007875000000000021|0.20531229893120498|0.20770356557386074|0.20011493880736791|0.21377345471586728
0.157875|0.011249999999999996|0.007874999999999997|0.007874999999999993|0.13617375869344675|0.13667163447539799|0.13274150533911797|0.13519564481743038
0.24712500000000004|0.011249999999999996|0.007874999999999997|0.007875000000000021|0.20770356557386074|0.21258146163729924|0.2129239050469598|0.21848664303570126
0.157875|0.0016874999999999998|0.0016874999999999998|0.007875000000000021|0.13667163447539799|0.1369879179735339|0.13180024115252406|0.14365149581108982
0.2025|0.0016874999999999998|0.0016874999999999998|0.036750000000000005|0.1747481923863507|0.1747481923863507|0.14365149581108982|0.2058445657721763
0.24712500000000004|0.0016874999999999998|0.0016874999999999998|0.007875000000000021|0.21258146163729924|0.21250808228152962|0.2058445657721763|0.21882907599989873
0.29175|0.02081249999999999|0.001687499999999998|0.036750000000000005|0.2473199067898929|0.24681276842912264|0.21377345471586728|0.291910438473018
0.5|0.02081249999999999|0.001687499999999998|0.17149999999999999|0.4999996130062901|0.4999996130062901|0.291910438473018|0.7080888251339962
0.70825|0.02081249999999999|0.001687499999999998|0.03675000000000006|0.7526793705510464|0.7531865091040677|0.7080888251339962|0.7862258428366408
0.29175|0.011249999999999996|0.007874999999999997|0.036750000000000005|0.24681276842912264|0.24764220722566416|0.21848664303570126|0.24444612274552793
0.70825|0.011249999999999996|0.007874999999999997|0.03675000000000006|0.7531865091040677|0.7523570686254907|0.7555531495229184|0.7815126491244031
0.29175|0.0016874999999999998|0.0016874999999999998|0.036750000000000005|0.24764220722566416|0.2483270824714077|0.21882907599989873|0.292739877085156
0.5|0.0016874999999999998|0.0016874999999999998|0.17149999999999999|0.49999961209609045|0.49999961209609045|0.292739877085156|0.7072593844627711
0.70825|0.0016874999999999998|0.0016874999999999998|0.03675000000000006|0.7523570686254907|0.75167219282706|0.7072593844627711|0.781170212070639
0.752875|0.02081249999999999|0.001687499999999998|0.007874999999999965|0.7946870111924159|0.7922957287936107|0.7862258428366408|0.7998843693741233
0.7975|0.02081249999999999|0.001687499999999998|0.03674999999999995|0.8301958740081631|0.8300776803487467|0.7998843693741233|0.857697498370599
0.842125|0.02081249999999999|0.001687499999999998|0.007875000000000076|0.863682791658207|0.8638256260071183|0.857697498370599|0.8682449610382474
0.752875|0.011249999999999996|0.007874999999999997|0.007874999999999965|0.7922957287936107|0.7874178353895606|0.7815126491244031|0.7870753909738768
0.842125|0.011249999999999996|0.007874999999999997|0.007875000000000076|0.8638256260071183|0.863327753732701|0.8648037442037233|0.8672578827791282
0.752875|0.0016874999999999998|0.0016874999999999998|0.007874999999999965|0.7874178353895606|0.7874912081209002|0.781170212070639|0.794154725192226
0.7975|0.0016874999999999998|0.0016874999999999998|0.03674999999999995|0.825251138191746|0.825251138191746|0.794154725192226|0.8563478820835283
0.842125|0.0016874999999999998|0.0016874999999999998|0.007875000000000076|0.863327753732701|0.8630114700603391|0.8563478820835283|0.868199152260571
0.8516874999999999|0.14831249999999996|0.0016874999999999807|0.001687499999999953|0.892088954535977|0.8899848566364|0.8893268820336225|0.8924117083877403
0.86125|0.14831249999999996|0.0016874999999999807|0.007874999999999965|0.899596291059896|0.8992185855220604|0.8924117083877403|0.9042629180117805
0.8708125|0.14831249999999996|0.0016874999999999807|0.001687500000000064|0.9057187876862003|0.9050270034313063|0.9042629180117805|0.9063666772262065
0.8516874999999999|0.13874999999999998|0.007874999999999993|0.001687499999999953|0.8899848566364|0.8840951843412417|0.8847919976479672|0.8854663867856428
0.8708125|0.13874999999999998|0.007874999999999993|0.001687500000000064|0.9050270034313063|0.8991340426714108|0.9035484327659882|0.9041775552806182
0.8516874999999999|0.1291875|0.0016875000000000084|0.001687499999999953|0.8840951843412417|0.8834757241512247|0.8827299698075309|0.8849045776079595
0.86125|0.1291875|0.0016875000000000084|0.007874999999999965|0.8900529160123667|0.889720527214939|0.8849045776079595|0.8967524797593416
0.8708125|0.1291875|0.0016875000000000084|0.001687500000000064|0.8991340426714108|0.8971841645412197|0.8967524797593416|0.8996817416451738
0.880375|0.14831249999999996|0.0016874999999999807|0.007874999999999965|0.9115444288057196|0.9104293727039151|0.9063666772262065|0.9173414563131783
0.925|0.14831249999999996|0.0016874999999999807|0.03674999999999995|0.9463129353816565|0.9462819403548862|0.9173414563131783|0.9745476746932181
0.9696250000000001|0.14831249999999996|0.0016874999999999807|0.007875000000000076|0.9805513210637845|0.9809461755329332|0.9745476746932181|0.9853163584719635
0.880375|0.13874999999999998|0.007874999999999993|0.007874999999999965|0.9104293727039151|0.9067334902052748|0.9041775552806182|0.907113460348891
0.9696250000000001|0.13874999999999998|0.007874999999999993|0.007875000000000076|0.9809461755329332|0.9815548233993289|0.9825401117799384|0.9851193414733125
0.880375|0.1291875|0.0016875000000000084|0.007875000000000076|0.9067334902052748|0.9066520605117301|0.8996817416451738|0.9132424854583903
0.925|0.1291875|0.0016875000000000084|0.03674999999999995|0.9439977691644929|0.9439977691644929|0.9132424854583903|0.9747532335260148
0.9696250000000001|0.1291875|0.0016875000000000084|0.007875000000000076|0.9815548233993289|0.9813436901749125|0.9747532335260148|0.9869488745821428
0.9791875000000001|0.14831249999999996|0.0016874999999999807|0.001687500000000064|0.9863329809394618|0.9862106083163306|0.9853163584719635|0.9874441250675453
0.9887500000000001|0.14831249999999996|0.0016874999999999807|0.007875000000000076|0.9926608761840059|0.9926619612653105|0.9874441250675453|0.9978848709281422
0.9983125000000002|0.14831249999999996|0.0016874999999999807|0.001687499999999953|0.9989927585761602|0.9991386336747703|0.9978848709281422|1.0
0.9791875000000001|0.13874999999999998|0.007874999999999993|0.001687500000000064|0.9862106083163306|0.9877127003595213|0.9851193414733125|0.9856720335504642
0.9983125000000002|0.13874999999999998|0.007874999999999993|0.001687499999999953|0.9991386336747703|0.999305482331033|0.9997666173543307|1.0
0.9791875000000001|0.1291875|0.0016875000000000084|0.001687500000000064|0.9877127003595213|0.988738171395343|0.9869488745821428|0.9892002005890155
0.9887500000000001|0.1291875|0.0016875000000000084|0.007875000000000076|0.994101201517597|0.9942504524465136|0.9892002005890155|0.9983057030146507
0.9983125000000002|0.1291875|0.0016875000000000084|0.001687499999999953|0.999305482331033|0.9992154854233467|0.9983057030146507|1.0
0.8516874999999999|0.119625|0.007875000000000007|0.001687499999999953|0.8834757241512247|0.8804420320864643|0.8808584949860075|0.8830525770655259
0.86125|0.119625|0.007875000000000007|0.007874999999999965|0.889720527214939|0.8881693725853459|0.8830525770655259|0.8917350549779319
0.8708125|0.119625|0.007875000000000007|0.001687500000000064|0.8971841645412197|0.8913798478157882|0.8917350549779319|0.8924991229510962
0.8516874999999999|0.075|0.03675|0.001687499999999953|0.8804420320864643|0.8703589142495877|0.8731904123402761|0.8733762912789287
0.8708125|0.075|0.03675|0.001687500000000064|0.8913798478157882|0.8809336137865956|0.8861565638510178|0.8861565638510178
0.8516874999999999|0.030375|0.007875|0.001687499999999953|0.8703589142495877|0.8693207807436361|0.8687032761669272|0.870666759879063
0.86125|0.030375|0.007875|0.007874999999999965|0.8751207498459547|0.8757094089961047|0.870666759879063|0.8789861172251219
0.8708125|0.030375|0.007875|0.001687500000000064|0.8809336137865956|0.8825606455394001|0.8789861172251219|0.8798144014291636
0.9791875000000001|0.119625|0.007875000000000007|0.001687500000000064|0.988738171395343|0.9913752669742447|0.9914830354621961|0.9920943156950071
0.9887500000000001|0.119625|0.007875000000000007|0.007875000000000076|0.9942504524465136|0.994946956410134|0.9920943156950071|0.9984961036870961
0.9983125000000002|0.119625|0.007875000000000007|0.001687499999999953|0.9992154854233467|0.9993778965476073|0.9984961036870961|1.0
0.9791875000000001|0.075|0.03675|0.001687500000000064|0.9913752669742447|0.9903694511935537|0.990872343791513|0.990872343791513
0.9983125000000002|0.075|0.03675|0.001687499999999953|0.9993778965476073|0.9992853880867512|0.9999437829910218|1.0
0.9791875000000001|0.030375|0.007875|0.001687500000000064|0.9903694511935537|0.9869205968078784|0.9902616884939912|0.990954547125928
0.9887500000000001|0.030375|0.007875|0.007875000000000076|0.9941878839103633|0.9933394656643505|0.990954547125928|0.998269641142108
0.9983125000000002|0.030375|0.007875|0.001687499999999953|0.9992853880867512|0.9990917258954559|0.998269641142108|1.0
0.8516874999999999|0.02081249999999999|0.001687499999999998|0.001687499999999953|0.8693207807436361|0.8689804459481884|0.8682449610382474|0.8704013484115737
0.86125|0.02081249999999999|0.001687499999999998|0.007874999999999965|0.8757094089961047|0.8758355429289054|0.8704013484115737|0.8818584869263086
0.8708125|0.02081249999999999|0.001687499999999998|0.001687500000000064|0.8825606455394001|0.8836352825826909|0.8818584869263086|0.8845421056305997
0.8516874999999999|0.011249999999999996|0.007874999999999997|0.001687499999999953|0.8689804459481884|0.8690413240905841|0.8672578827791282|0.867783769616715
0.8708125|0.011249999999999996|0.007874999999999997|0.001687500000000064|0.8836352825826909|0.8851298264215312|0.8859040185767129|0.8865560985036133
0.8516874999999999|0.0016874999999999998|0.0016874999999999998|0.001687499999999953|0.8690413240905841|0.8693107909998634|0.868199152260571|0.8706919487526372
0.86125|0.0016874999999999998|0.0016874999999999998|0.007874999999999965|0.8771373168487143|0.8771373168487143|0.8706919487526372|0.8835827671795705
0.8708125|0.0016874999999999998|0.0016874999999999998|0.001687500000000064|0.8851298264215312|0.8849639281025639|0.8835827671795705|0.8861792327215405
0.880375|0.02081249999999999|0.001687499999999998|0.007874999999999965|0.8910426825148631|0.8907879379625264|0.8845421056305997|0.8987321745068121
0.925|0.02081249999999999|0.001687499999999998|0.03674999999999995|0.9346164704692409|0.9346164704692409|0.8987321745068121|0.9705009554954817
0.9696250000000001|0.02081249999999999|0.001687499999999998|0.007875000000000076|0.978190488001105|0.9784239850260514|0.9705009554954817|0.9847903850934875
0.880375|0.011249999999999996|0.007874999999999997|0.007874999999999965|0.8907879379625264|0.8914532940374414|0.8865560985036133|0.8895990988082965
0.9696250000000001|0.011249999999999996|0.007874999999999997|0.007875000000000076|0.9784239850260514|0.9775602447450814|0.9795136378091353|0.9825566917628372
0.880375|0.0016874999999999998|0.0016874999999999998|0.007875000000000076|0.8914532940374414|0.8918506215865442|0.8861792327215405|0.8993762811305179
0.925|0.0016874999999999998|0.0016874999999999998|0.03674999999999995|0.9344960214997299|0.9344960214997299|0.8993762811305179|0.9696159600092952
0.9696250000000001|0.0016874999999999998|0.0016874999999999998|0.007875000000000076|0.9775602447450814|0.9771416602250594|0.9696159600092952|0.9827139831514657
0.9791875000000001|0.02081249999999999|0.001687499999999998|0.001687500000000064|0.9869205968078784|0.9856759648023867|0.9847903850934875|0.9874316507953725
0.9887500000000001|0.02081249999999999|0.001687499999999998|0.007875000000000076|0.9933394656643505|0.9931576612905688|0.9874316507953725|0.9980352597216509
0.9983125000000002|0.02081249999999999|0.001687499999999998|0.001687499999999953|0.9990917258954559|0.9991948517769159|0.9980352597216509|1.0
0.9791875000000001|0.011249999999999996|0.007874999999999997|0.001687500000000064|0.9856759648023867|0.9837846505683958|0.9825566917628372|0.9832087744609056
0.9983125000000002|0.011249999999999996|0.007874999999999997|0.001687499999999953|0.9991948517769159|0.9989963711048939|0.9997286834009932|1.0
0.9791875000000001|0.0016874999999999998|0.0016874999999999998|0.001687500000000064|0.9837846505683958|0.9839080512702321|0.9827139831514657|0.9852255276460188
0.9887500000000001|0.0016874999999999998|0.0016874999999999998|0.007875000000000076|0.9913737451122441|0.9913737451122441|0.9852255276460188|0.997521970333106
0.9983125000000002|0.0016874999999999998|0.0016874999999999998|0.001687499999999953|0.9989963711048939|0.9988394470414443|0.997521970333106|1.0
0.8516874999999999|0.842125|0.007875000000000076|0.001687499999999953|0.8920888546672259|0.8994215114640205|0.8973895450887449|0.8980900053975535
0.86125|0.842125|0.007875000000000076|0.007874999999999965|0.8995961965275351|0.9013588201719933|0.8980900053975535|0.9063902850645424
0.8708125|0.842125|0.007875000000000076|0.001687500000000064|0.9057186977061368|0.9093385876328186|0.9063902850645424|0.9085208574204128
0.8516874999999999|0.7975|0.03674999999999995|0.001687499999999953|0.8994215114640205|0.9183867778291698|0.9089039894929769|0.9089039894929769
0.8708125|0.7975|0.03674999999999995|0.001687500000000064|0.9093385876328186|0.9234583486357762|0.9180658321415358|0.9182189709756367
0.8516874999999999|0.752875|0.007874999999999965|0.001687499999999953|0.9183867778291698|0.9207235610005716|0.920418797333397|0.9207889489058751
0.86125|0.752875|0.007874999999999965|0.007874999999999965|0.9225162858429025|0.9225162306762221|0.9207889489058751|0.924243716622059
0.8708125|0.752875|0.007874999999999965|0.001687500000000064|0.9234583486357762|0.9243089715863078|0.924243716622059|0.9252970181273458
0.880375|0.842125|0.007875000000000076|0.007874999999999965|0.9115443417692907|0.9144029077999386|0.9085208574204128|0.919260058360191
0.925|0.842125|0.007875000000000076|0.03674999999999995|0.9463128831994261|0.9464575062347377|0.919260058360191|0.974329922199519
0.9696250000000001|0.842125|0.007875000000000076|0.007875000000000076|0.9805513023158935|0.9810335697348959|0.974329922199519|0.9852955440107419
0.880375|0.7975|0.03674999999999995|0.007874999999999965|0.9144029077999386|0.9267994289368556|0.9182189709756367|0.9189336188681072
0.9696250000000001|0.7975|0.03674999999999995|0.007875000000000076|0.9810335697348959|0.9838462908827894|0.9844448422685385|0.9853040931887188
0.880375|0.752875|0.007874999999999965|0.007875000000000076|0.9267994289368556|0.9284849596658733|0.9252970181273458|0.9333584666935693
0.925|0.752875|0.007874999999999965|0.03674999999999995|0.9561014723965344|0.9561014723965344|0.9333584666935693|0.9788445203602099
0.9696250000000001|0.752875|0.007874999999999965|0.007875000000000076|0.9838462908827894|0.9837180285532232|0.9788445203602099|0.9884632836412701
0.9791875000000001|0.842125|0.007875000000000076|0.001687500000000064|0.9863329666484784|0.9862106561794183|0.9852955440107419|0.9874755239504994
0.9887500000000001|0.842125|0.007875000000000076|0.007875000000000076|0.9926608683021859|0.9926558018741497|0.9874755239504994|0.9978310166558116
0.9983125000000002|0.842125|0.007875000000000076|0.001687499999999953|0.998992757526608|0.9991157318341454|0.9978310166558116|1.0
0.9791875000000001|0.7975|0.03674999999999995|0.001687500000000064|0.9862106561794183|0.9887756698496836|0.9853040931887188|0.9854882172517588
0.9983125000000002|0.7975|0.03674999999999995|0.001687499999999953|0.9991157318341454|0.9993590451970134|0.9999358550942699|1.0
0.9791875000000001|0.752875|0.007874999999999965|0.001687500000000064|0.9887756698496836|0.9906565428235927|0.9884632836412701|0.9903958303346626
0.9887500000000001|0.752875|0.007874999999999965|0.007875000000000076|0.9946691273675143|0.995181931623628|0.9903958303346626|0.998429622783827
0.9983125000000002|0.752875|0.007874999999999965|0.001687499999999953|0.9993590451970134|0.9993044046309115|0.998429622783827|1.0
0.8516874999999999|0.70825|0.03675000000000006|0.001687499999999953|0.9207235610005716|0.9221456043609646|0.9221457607975864|0.922211087118138
0.86125|0.70825|0.03675000000000006|0.007874999999999965|0.9225162306762221|0.9225159432807125|0.922211087118138|0.9228207540352109
0.8708125|0.70825|0.03675000000000006|0.001687500000000064|0.9243089715863078|0.9228859163903441|0.9228207540352109|0.9228860639736453
0.8516874999999999|0.5|0.17149999999999999|0.001687499999999953|0.9221456043609646|0.9221456512755133|0.9221448669763007|0.9221448669763007
0.8708125|0.5|0.17149999999999999|0.001687500000000064|0.9228859163903441|0.9228859683119379|0.9228851966264674|0.9228851966264674
0.8516874999999999|0.29175|0.036750000000000005|0.001687499999999953|0.9221456512755133|0.9207236293910999|0.9221458177652525|0.9222111442347206
0.86125|0.29175|0.036750000000000005|0.007874999999999965|0.9225160010922383|0.9225162965046696|0.9222111442347206|0.9228208173267186
0.8708125|0.29175|0.036750000000000005|0.001687500000000064|0.9228859683119379|0.924309044596819|0.9228208173267186|0.92288613367311
0.9791875000000001|0.70825|0.03675000000000006|0.001687500000000064|0.9906565428235927|0.9961464952571967|0.9961465025512964|0.9963985935396839
0.9887500000000001|0.70825|0.03675000000000006|0.007875000000000076|0.995181931623628|0.9975750181521577|0.9963985935396839|0.9992642475059939
0.9983125000000002|0.70825|0.03675000000000006|0.001687499999999953|0.9993044046309115|0.9996911335439411|0.9992642475059939|1.0
0.9791875000000001|0.5|0.17149999999999999|0.001687500000000064|0.9961464952571967|0.9961464982107427|0.9961464608701933|0.9961464608701933
0.9983125000000002|0.5|0.17149999999999999|0.001687499999999953|0.9996911335439411|0.9996911338685025|0.9999940390338599|1.0
0.9791875000000001|0.29175|0.036750000000000005|0.001687500000000064|0.9961464982107427|0.9906565521566936|0.9961465058964151|0.9963985969670374
0.9887500000000001|0.29175|0.036750000000000005|0.007875000000000076|0.9975750204891961|0.9951819368261496|0.9963985969670374|0.9992642482177347
0.9983125000000002|0.29175|0.036750000000000005|0.001687499999999953|0.9996911338685025|0.9993044053769445|0.9992642482177347|1.0
0.8516874999999999|0.247125|0.007874999999999993|0.001687499999999953|0.9207236293910999|0.9183868492064662|0.9204188667935523|0.9207890179858946
0.86125|0.247125|0.007874999999999993|0.007874999999999965|0.9225162965046696|0.9225163534393745|0.9207890179858946|0.9242437903852115
0.8708125|0.247125|0.007874999999999993|0.001687500000000064|0.924309044596819|0.9234584182360612|0.9242437903852115|0.9252970852543663
0.8516874999999999|0.2025|0.036750000000000005|0.001687499999999953|0.9183868492064662|0.8994216052252737|0.9089040700572404|0.9089040700572404
0.8708125|0.2025|0.036750000000000005|0.001687500000000064|0.9234584182360612|0.9093386788502948|0.9180659114764094|0.9182190562218765
0.8516874999999999|0.15787500000000002|0.007874999999999993|0.001687499999999953|0.8994216052252737|0.892088954535977|0.8973896403014461|0.8980901064183342
0.86125|0.15787500000000002|0.007874999999999993|0.007874999999999965|0.9013589169031291|0.899596291059896|0.8980901064183342|0.90639037941931
0.8708125|0.15787500000000002|0.007874999999999993|0.001687500000000064|0.9093386788502948|0.9057187876862003|0.90639037941931|0.908520944285691
0.880375|0.247125|0.007874999999999993|0.007874999999999965|0.9284850307325437|0.9267995023072991|0.9252970852543663|0.9333585276486795
0.925|0.247125|0.007874999999999993|0.03674999999999995|0.9561015132573136|0.9561015132573136|0.9333585276486795|0.9788445390667041
0.9696250000000001|0.247125|0.007874999999999993|0.007875000000000076|0.983718044597288|0.983846307013711|0.9788445390667041|0.9884632942246345
0.880375|0.2025|0.036750000000000005|0.007874999999999965|0.9267995023072991|0.914402984713507|0.9182190562218765|0.9189336969176448
0.9696250000000001|0.2025|0.036750000000000005|0.007875000000000076|0.983846307013711|0.9810335892168363|0.9844448576620736|0.9853041077963066
0.880375|0.15787500000000002|0.007874999999999993|0.007875000000000076|0.914402984713507|0.9115444288057196|0.908520944285691|0.9192601372505758
0.925|0.15787500000000002|0.007874999999999993|0.03674999999999995|0.9464575612943676|0.9463129353816565|0.9192601372505758|0.9743299486813587
0.9696250000000001|0.15787500000000002|0.007874999999999993|0.007875000000000076|0.9810335892168363|0.9805513210637845|0.9743299486813587|0.9852955592454423
0.9791875000000001|0.247125|0.007874999999999993|0.001687500000000064|0.9906565521566936|0.9887756803824784|0.9884632942246345|0.9903958391861092
0.9887500000000001|0.247125|0.007874999999999993|0.007875000000000076|0.9951819368261496|0.9946691327123106|0.9903958391861092|0.9984296243569719
0.9983125000000002|0.247125|0.007874999999999993|0.001687499999999953|0.9993044053769445|0.9993590458392371|0.9984296243569719|1.0
0.9791875000000001|0.2025|0.036750000000000005|0.001687500000000064|0.9887756803824784|0.9862106703696143|0.9853041077963066|0.9854882328250708
0.9983125000000002|0.2025|0.036750000000000005|0.001687499999999953|0.9993590458392371|0.9991157327525906|0.9999358551622244|1.0
0.9791875000000001|0.15787500000000002|0.007874999999999993|0.001687500000000064|0.9862106703696143|0.9863329809394618|0.9852955592454423|0.9874755369196158
0.9887500000000001|0.15787500000000002|0.007874999999999993|0.007875000000000076|0.9926558099417454|0.9926608761840059|0.9874755369196158|0.997831018889283
0.9983125000000002|0.15787500000000002|0.007874999999999993|0.001687499999999953|0.9991157327525906|0.9989927585761602|0.997831018889283|1.0
0.8516874999999999|0.9983125000000002|0.001687499999999953|0.001687499999999953|0.8693106590642885|0.8690411925774469|0.868199020239286|0.8706918171587965
0.86125|0.9983125000000002|0.001687499999999953|0.007874999999999965|0.8771371863971315|0.8771371863971315|0.8706918171587965|0.8835826389569383
0.8708125|0.9983125000000002|0.001687499999999953|0.001687500000000064|0.8849638073626114|0.8851297119905821|0.8835826389569383|0.8861791066062217
0.8516874999999999|0.9887500000000001|0.007875000000000076|0.001687499999999953|0.8690411925774469|0.8689803210424847|0.8672577521363111|0.8677836395267989
0.8708125|0.9887500000000001|0.007875000000000076|0.001687500000000064|0.8851297119905821|0.8836351613400067|0.885903900482562|0.8865559735657041
0.8516874999999999|0.9791875000000001|0.001687500000000064|0.001687499999999953|0.8689803210424847|0.8693206572791284|0.8682448376975427|0.8704012253079763
0.86125|0.9791875000000001|0.001687500000000064|0.007874999999999965|0.875835422962473|0.8757092891183038|0.8704012253079763|0.8818583784016363
0.8708125|0.9791875000000001|0.001687500000000064|0.001687500000000064|0.8836351613400067|0.8825605303403901|0.8818583784016363|0.884541991926253
0.880375|0.9983125000000002|0.001687499999999953|0.007874999999999965|0.8918504963270835|0.8914531757018086|0.8861791066062217|0.8993761703994133
0.925|0.9983125000000002|0.001687499999999953|0.03674999999999995|0.9344959470159632|0.9344959470159632|0.8993761703994133|0.9696159223703792
0.9696250000000001|0.9983125000000002|0.001687499999999953|0.007875000000000076|0.9771416298404826|0.9775602164278188|0.9696159223703792|0.9827139608434826
0.880375|0.9887500000000001|0.007875000000000076|0.007874999999999965|0.8914531757018086|0.8907878220736208|0.8865559735657041|0.8895989812870339
0.9696250000000001|0.9887500000000001|0.007875000000000076|0.007875000000000076|0.9775602164278188|0.9784239593109695|0.9795136133414516|0.9825566698085214
0.880375|0.9791875000000001|0.001687500000000064|0.007875000000000076|0.8907878220736208|0.8910425668905898|0.884541991926253|0.8987320729891201
0.925|0.9791875000000001|0.001687500000000064|0.03674999999999995|0.9346163989386285|0.9346163989386285|0.8987320729891201|0.9705009226790428
0.9696250000000001|0.9791875000000001|0.001687500000000064|0.007875000000000076|0.9784239593109695|0.9781904620187232|0.9705009226790428|0.9847903658414896
0.9791875000000001|0.9983125000000002|0.001687499999999953|0.001687500000000064|0.9839080303487742|0.9837846294250618|0.9827139608434826|0.9852255084405085
0.9887500000000001|0.9983125000000002|0.001687499999999953|0.007875000000000076|0.9913737344247111|0.9913737344247111|0.9852255084405085|0.9975219670934928
0.9983125000000002|0.9983125000000002|0.001687499999999953|0.001687499999999953|0.9988394455225175|0.9989963697921906|0.9975219670934928|1.0
0.9791875000000001|0.9887500000000001|0.007875000000000076|0.001687500000000064|0.9837846294250618|0.9856759466623938|0.9825566698085214|0.9832087533371793
0.9983125000000002|0.9887500000000001|0.007875000000000076|0.001687499999999953|0.9989963697921906|0.9991948507570246|0.9997286830506659|1.0
0.9791875000000001|0.9791875000000001|0.001687500000000064|0.001687500000000064|0.9856759466623938|0.9869205801874367|0.9847903658414896|0.9874316357143874
0.9887500000000001|0.9791875000000001|0.001687500000000064|0.007875000000000076|0.993157653105441|0.9933394572717935|0.9874316357143874|0.9980352572372793
0.9983125000000002|0.9791875000000001|0.001687500000000064|0.001687499999999953|0.9991948507570246|0.9990917247496658|0.9980352572372793|1.0
0.8516874999999999|0.9696250000000001|0.007875000000000076|0.001687499999999953|0.8693206572791284|0.8703587926227428|0.8687031543676229|0.8706666383170139
0.86125|0.9696250000000001|0.007875000000000076|0.007874999999999965|0.8757092891183038|0.8751206225476995|0.8706666383170139|0.8789859921357858
0.8708125|0.9696250000000001|0.007875000000000076|0.001687500000000064|0.8825605303403901|0.8809334900666389|0.8789859921357858|0.87981428402867
0.8516874999999999|0.925|0.03674999999999995|0.001687499999999953|0.8703587926227428|0.8804419183649445|0.8731902920452446|0.8733761636190172
0.8708125|0.925|0.03674999999999995|0.001687500000000064|0.8809334900666389|0.8913797505034752|0.8861564515771603|0.8861564515771603
0.8516874999999999|0.880375|0.007874999999999965|0.001687499999999953|0.8804419183649445|0.883475619157122|0.8808583826384188|0.8830524651942732
0.86125|0.880375|0.007874999999999965|0.007874999999999965|0.8881692627451634|0.8897204125750837|0.8830524651942732|0.891734945511056
0.8708125|0.880375|0.007874999999999965|0.001687500000000064|0.8913797505034752|0.8971840582156122|0.891734945511056|0.8924990203894617
0.9791875000000001|0.9696250000000001|0.007875000000000076|0.001687500000000064|0.9869205801874367|0.9903694395029787|0.990261676645756|0.9909545354814648
0.9887500000000001|0.9696250000000001|0.007875000000000076|0.007875000000000076|0.9933394572717935|0.9941878767147715|0.9909545354814648|0.9982696389962646
0.9983125000000002|0.9696250000000001|0.007875000000000076|0.001687499999999953|0.9990917247496658|0.9992853871507132|0.9982696389962646|1.0
0.9791875000000001|0.925|0.03674999999999995|0.001687500000000064|0.9903694395029787|0.9913752564930108|0.9908723328366843|0.9908723328366843
0.9983125000000002|0.925|0.03674999999999995|0.001687499999999953|0.9992853871507132|0.9993778958759892|0.9999437829192844|1.0
0.9791875000000001|0.880375|0.007874999999999965|0.001687500000000064|0.9913752564930108|0.9887381589642898|0.991483025847938|0.9920943073407097
0.9887500000000001|0.880375|0.007874999999999965|0.007875000000000076|0.9949469513590822|0.9942504461662952|0.9920943073407097|0.9984961020705367
0.9983125000000002|0.880375|0.007874999999999965|0.001687499999999953|0.9993778958759892|0.9992154845089635|0.9984961020705367|1.0
0.8516874999999999|0.8708125|0.001687500000000064|0.001687499999999953|0.883475619157122|0.8840950728938267|0.8827298568301866|0.8849044594647454
0.86125|0.8708125|0.001687500000000064|0.007874999999999965|0.8897204125750837|0.8900528018243525|0.8849044594647454|0.8967523725864753
0.8708125|0.8708125|0.001687500000000064|0.001687500000000064|0.8971840582156122|0.8991339450951454|0.8967523725864753|0.8996816435862345
0.8516874999999999|0.86125|0.007874999999999965|0.001687499999999953|0.8840950728938267|0.8899847474971246|0.8847918882053181|0.88546627792248
0.8708125|0.86125|0.007874999999999965|0.001687500000000064|0.8991339450951454|0.9050269116979451|0.9035483417654897|0.9041774646594106
0.8516874999999999|0.8516874999999999|0.001687499999999953|0.001687499999999953|0.8899847474971246|0.8920888546672259|0.8893267818196539|0.8924116075320339
0.86125|0.8516874999999999|0.001687499999999953|0.007874999999999965|0.8992184847869651|0.8995961965275351|0.8924116075320339|0.9042628204677171
0.8708125|0.8516874999999999|0.001687499999999953|0.001687500000000064|0.9050269116979451|0.9057186977061368|0.9042628204677171|0.9063665882855528
0.880375|0.8708125|0.001687500000000064|0.007874999999999965|0.9066519730304194|0.906733402547135|0.8996816435862345|0.9132423981195392
0.925|0.8708125|0.001687500000000064|0.03674999999999995|0.9439977113204867|0.9439977113204867|0.9132423981195392|0.9747532089882253
0.9696250000000001|0.8708125|0.001687500000000064|0.007875000000000076|0.9813436705876503|0.9815548053283977|0.9747532089882253|0.9869488611047779
0.880375|0.86125|0.007874999999999965|0.007874999999999965|0.906733402547135|0.9104292848224573|0.9041774646594106|0.9071133714977079
0.9696250000000001|0.86125|0.007874999999999965|0.007875000000000076|0.9815548053283977|0.9809461570666326|0.9825400931828858|0.9851193261113156
0.880375|0.8516874999999999|0.001687499999999953|0.007875000000000076|0.9104292848224573|0.9115443417692907|0.9063665882855528|0.9173413805420744
0.925|0.8516874999999999|0.001687499999999953|0.03674999999999995|0.9462818879397241|0.9463128831994261|0.9173413805420744|0.9745476488626806
0.9696250000000001|0.8516874999999999|0.001687499999999953|0.007875000000000076|0.9809461570666326|0.9805513023158935|0.9745476488626806|0.9853163431226882
0.9791875000000001|0.8708125|0.001687500000000064|0.001687500000000064|0.9887381589642898|0.9877126869868317|0.9869488611047779|0.9892001887126296
0.9887500000000001|0.8708125|0.001687500000000064|0.007875000000000076|0.9942504461662952|0.9941011946158118|0.9892001887126296|0.9983057010334201
0.9983125000000002|0.8708125|0.001687500000000064|0.001687499999999953|0.9992154845089635|0.9993054814710012|0.9983057010334201|1.0
0.9791875000000001|0.86125|0.007874999999999965|0.001687500000000064|0.9877126869868317|0.9862105938830673|0.9851193261113156|0.9856720175471807
0.9983125000000002|0.86125|0.007874999999999965|0.001687499999999953|0.9993054814710012|0.9991386326961887|0.9997666170954375|1.0
0.9791875000000001|0.8516874999999999|0.001687499999999953|0.001687500000000064|0.9862105938830673|0.9863329666484784|0.9853163431226882|0.9874441118874149
0.9887500000000001|0.8516874999999999|0.001687499999999953|0.007875000000000076|0.9926619534174953|0.9926608683021859|0.9874441118874149|0.9978848685177283
0.9983125000000002|0.8516874999999999|0.001687499999999953|0.001687499999999953|0.9991386326961887|0.998992757526608|0.9978848685177283|1.0
0.15787500000000002|0.9983125000000002|0.001687499999999953|0.007874999999999993|0.13698800066829953|0.13667171002967515|0.13180032982284906|0.14365157112524285
0.2025|0.9983125000000002|0.001687499999999953|0.036750000000000005|0.1747482741553021|0.1747482741553021|0.14365157112524285|0.2058446435202247
0.247125|0.9983125000000002|0.001687499999999953|0.007874999999999993|0.2125081592493708|0.21258153232095348|0.2058446435202247|0.21882915030022404
0.15787500000000002|0.9887500000000001|0.007875000000000076|0.007874999999999993|0.13667171002967515|0.13617383876192762|0.132741584952849|0.13519572818947195
0.247125|0.9887500000000001|0.007875000000000076|0.007874999999999993|0.21258153232095348|0.2077036396656843|0.21292397033826832|0.21848671313208537
0.15787500000000002|0.9791875000000001|0.001687500000000064|0.007875000000000049|0.13617383876192762|0.13631667409105402|0.1317545031417322|0.1423019565712542
0.2025|0.9791875000000001|0.001687500000000064|0.036750000000000005|0.16992172884623202|0.1698035425996647|0.1423019565712542|0.2001150088141485
0.247125|0.9791875000000001|0.001687500000000064|0.007874999999999993|0.2077036396656843|0.2053123606844081|0.2001150088141485|0.21377352155641322
0.29175|0.9983125000000002|0.001687499999999953|0.036750000000000005|0.24832713888746824|0.24764226370201475|0.21882915030022404|0.2927399182497399
0.5|0.9983125000000002|0.001687499999999953|0.17149999999999999|0.49999958212795265|0.49999958212795265|0.2927399182497399|0.7072592869930802
0.70825|0.9983125000000002|0.001687499999999953|0.03675000000000006|0.7516720746811522|0.7523569503289463|0.7072592869930802|0.7811700856032089
0.29175|0.9887500000000001|0.007875000000000076|0.036750000000000005|0.24764226370201475|0.24681282383733025|0.21848671313208537|0.24444617950323158
0.70825|0.9887500000000001|0.007875000000000076|0.03675000000000006|0.7523569503289463|0.7531863972620269|0.7555530366853196|0.7815125232965828
0.29175|0.9791875000000001|0.001687500000000064|0.036750000000000005|0.24681282383733025|0.24731996771906525|0.21377352155641322|0.29191048916864376
0.5|0.9791875000000001|0.001687500000000064|0.17149999999999999|0.49999958907363956|0.49999958907363956|0.29191048916864376|0.7080887289687695
0.70825|0.9791875000000001|0.001687500000000064|0.03675000000000006|0.7531863972620269|0.7526792527270639|0.7080887289687695|0.7862257168507981
0.752875|0.9983125000000002|0.001687499999999953|0.007874999999999965|0.787491079759109|0.7874177072933055|0.7811700856032089|0.7941545952756669
0.7975|0.9983125000000002|0.001687499999999953|0.03674999999999995|0.825251001019604|0.825251001019604|0.7941545952756669|0.8563477497506665
0.842125|0.9983125000000002|0.001687499999999953|0.007875000000000076|0.8630113296105952|0.8633276207973003|0.8563477497506665|0.868199020239286
0.752875|0.9887500000000001|0.007875000000000076|0.007874999999999965|0.7874177072933055|0.7922956080214214|0.7815125232965828|0.7870752635905792
0.842125|0.9887500000000001|0.007875000000000076|0.007875000000000076|0.8633276207973003|0.8638254978633074|0.8648036109807006|0.8672577521363111
0.752875|0.9791875000000001|0.001687500000000064|0.007874999999999965|0.7922956080214214|0.7946868765843735|0.7862257168507981|0.7998842478182289
0.7975|0.9791875000000001|0.001687500000000064|0.03674999999999995|0.830077555269964|0.8301957418573932|0.7998842478182289|0.8576973628292305
0.842125|0.9791875000000001|0.001687500000000064|0.007875000000000076|0.8638254978633074|0.8636826629868899|0.8576973628292305|0.8682448376975427
0.15787500000000002|0.9696250000000001|0.007875000000000076|0.007874999999999993|0.13631667409105402|0.1345353664542831|0.13129619657733954|0.1418722185933713
0.2025|0.9696250000000001|0.007875000000000076|0.036750000000000005|0.1698035425996647|0.1692520067823507|0.1418722185933713|0.1940578752884118
0.247125|0.9696250000000001|0.007875000000000076|0.007874999999999993|0.2053123606844081|0.1987499976111843|0.1940578752884118|0.19937342667289631
0.15787500000000002|0.925|0.03674999999999995|0.007874999999999993|0.1345353664542831|0.12486559979939871|0.12680907760774368|0.1276765113275176
0.247125|0.925|0.03674999999999995|0.007874999999999993|0.1987499976111843|0.1929313140653583|0.19584069951451236|0.19584069951451236
0.15787500000000002|0.880375|0.007874999999999965|0.007875000000000049|0.12486559979939871|0.12262120794835005|0.11914101986341041|0.13042517099997913
0.2025|0.880375|0.007874999999999965|0.036750000000000005|0.1591807867455296|0.15949672872768858|0.13042517099997913|0.1864619241297597
0.247125|0.880375|0.007874999999999965|0.007874999999999993|0.1929313140653583|0.197530376152789|0.1864619241297597|0.1923078821406662
0.752875|0.9696250000000001|0.007875000000000076|0.007874999999999965|0.7946868765843735|0.8012492496480501|0.8006258245506588|0.8059413753826712
0.7975|0.9696250000000001|0.007875000000000076|0.03674999999999995|0.8301957418573932|0.8307472792653957|0.8059413753826712|0.8581271148635956
0.842125|0.9696250000000001|0.007875000000000076|0.007875000000000076|0.8636826629868899|0.8654639740028076|0.8581271148635956|0.8687031543676229
0.752875|0.925|0.03674999999999995|0.007874999999999965|0.8012492496480501|0.8070679689012137|0.8041585667692098|0.8041585667692098
0.842125|0.925|0.03674999999999995|0.007875000000000076|0.8654639740028076|0.8751337919881228|0.8723228493615579|0.8731902920452446
0.752875|0.880375|0.007874999999999965|0.007874999999999965|0.8070679689012137|0.8024689196256837|0.8076914107359756|0.8135373840952308
0.7975|0.880375|0.007874999999999965|0.03674999999999995|0.8408185546527239|0.8405026121970287|0.8135373840952308|0.8695742092631868
0.842125|0.880375|0.007874999999999965|0.007875000000000076|0.8751337919881228|0.8773781856246685|0.8695742092631868|0.8808583826384188
0.157875|0.8708125|0.001687500000000064|0.007874999999999993|0.12262120794835005|0.12157852268432764|0.11726954921451824|0.1288508260304582
0.2025|0.8708125|0.001687500000000064|0.036750000000000005|0.15949672872768858|0.15956443058100836|0.1288508260304582|0.19175211999520234
0.24712500000000004|0.8708125|0.001687500000000064|0.007875000000000021|0.197530376152789|0.19968211859281595|0.19175211999520234|0.20595028976848892
0.157875|0.86125|0.007874999999999965|0.007874999999999993|0.12157852268432764|0.11827803760133646|0.11520752745395613|0.11835471171626234
0.24712500000000004|0.86125|0.007874999999999965|0.007875000000000021|0.19968211859281595|0.20359408173254923|0.20450108930081837|0.21022704276883886
0.157875|0.8516874999999999|0.001687499999999953|0.007875000000000021|0.11827803760133646|0.11826161561227044|0.11067264663935006|0.12577382761363815
0.2025|0.8516874999999999|0.001687499999999953|0.036750000000000005|0.16083085494380855|0.16083085494380855|0.12577382761363815|0.19588757490200853
0.24712500000000004|0.8516874999999999|0.001687499999999953|0.007875000000000021|0.20359408173254923|0.2033997291787657|0.19588757490200853|0.21000479940620687
0.29175|0.8708125|0.001687500000000064|0.036750000000000005|0.2400207609305331|0.2394785380456403|0.20595028976848892|0.2858993771282055
0.5|0.8708125|0.001687500000000064|0.17149999999999999|0.49999961185993635|0.49999961185993635|0.2858993771282055|0.7140998795638582
0.70825|0.8708125|0.001687500000000064|0.03675000000000006|0.7599785083575559|0.7605207375364069|0.7140998795638582|0.7940489955301702
0.29175|0.86125|0.007874999999999965|0.036750000000000005|0.2394785380456403|0.24014372524590796|0.21022704276883886|0.23694816458280718
0.70825|0.86125|0.007874999999999965|0.03675000000000006|0.7605207375364069|0.7598555447889146|0.7630511067997388|0.7897722423401047
0.29175|0.8516874999999999|0.001687499999999953|0.036750000000000005|0.24014372524590796|0.24082848945154514|0.21000479940620687|0.28656456480471965
0.5|0.8516874999999999|0.001687499999999953|0.17149999999999999|0.4999996088367272|0.4999996088367272|0.28656456480471965|0.7134346862955218
0.70825|0.8516874999999999|0.001687499999999953|0.03675000000000006|0.7598555447889146|0.7591707743224063|0.7134346862955218|0.7899944871881077
0.752875|0.8708125|0.001687500000000064|0.007874999999999965|0.8024689196256837|0.8003171753568282|0.7940489955301702|0.8082471830544176
0.7975|0.8708125|0.001687500000000064|0.03674999999999995|0.8405026121970287|0.8404349102422367|0.8082471830544176|0.8711485576819201
0.842125|0.8708125|0.001687500000000064|0.007875000000000076|0.8773781856246685|0.8784208799639824|0.8711485576819201|0.8827298568301866
0.752875|0.86125|0.007874999999999965|0.007874999999999965|0.8003171753568282|0.7964052083177999|0.7897722423401047|0.7954981999558973
0.842125|0.86125|0.007874999999999965|0.007875000000000076|0.8784208799639824|0.8817213701532606|0.8816446963209622|0.8847918882053181
0.752875|0.8516874999999999|0.001687499999999953|0.007874999999999965|0.7964052083177999|0.7965995607070281|0.7899944871881077|0.8041117298082306
0.7975|0.8516874999999999|0.001687499999999953|0.03674999999999995|0.8391684884016716|0.8391684884016716|0.8041117298082306|0.874225568730117
0.842125|0.8516874999999999|0.001687499999999953|0.007875000000000076|0.8817213701532606|0.8817377987485588|0.874225568730117|0.8893267818196539
0.0016874999999999998|0.9983125000000002|0.001687499999999953|0.0016874999999999998|0.0011605479818370744|0.0010036245884024637|0.0|0.002478019051244623
0.011249999999999996|0.9983125000000002|0.001687499999999953|0.007874999999999997|0.008626217942616338|0.008626217942616338|0.002478019051244623|0.014774409272345641
0.02081249999999999|0.9983125000000002|0.001687499999999953|0.001687499999999998|0.016091878964602596|0.016215279237487425|0.014774409272345641|0.017285943115586955
0.0016874999999999998|0.9887500000000001|0.007875000000000076|0.0016874999999999998|0.0010036245884024637|0.000805144668640965|0.0|0.0002713154369858207
0.02081249999999999|0.9887500000000001|0.007875000000000076|0.001687499999999998|0.016215279237487425|0.014323972603129648|0.016791152087181828|0.01744323092727878
0.0016874999999999998|0.9791875000000001|0.001687500000000064|0.0016874999999999998|0.000805144668640965|0.0009082700830565971|0.0|0.001964731607753614
0.011249999999999996|0.9791875000000001|0.001687500000000064|0.007874999999999997|0.006842308525844373|0.006660505337469425|0.001964731607753614|0.012568295072387582
0.02081249999999999|0.9791875000000001|0.001687500000000064|0.001687499999999998|0.014323972603129648|0.013079346026221059|0.012568295072387582|0.015209548648316478
0.030375|0.9983125000000002|0.001687499999999953|0.007875|0.022858242486847265|0.02243965823931478|0.017285943115586955|0.03038391155352308
0.075|0.9983125000000002|0.001687499999999953|0.03675|0.06550370053134358|0.06550370053134358|0.03038391155352308|0.10062329860382817
0.119625|0.9983125000000002|0.001687499999999953|0.007875000000000007|0.10814893411209615|0.10854625297328181|0.10062329860382817|0.1138202983410859
0.030375|0.9887500000000001|0.007875000000000076|0.007875|0.02243965823931478|0.021575920275925354|0.01744323092727878|0.020486271961788153
0.119625|0.9887500000000001|0.007875000000000076|0.007875000000000007|0.10854625297328181|0.10921160431396056|0.11040044450084172|0.1134434367865406
0.030375|0.9791875000000001|0.001687500000000064|0.007875000000000007|0.021575920275925354|0.021809416343240455|0.015209548648316478|0.029498916439480497
0.075|0.9791875000000001|0.001687500000000064|0.03675|0.06538325022193406|0.06538325022193406|0.029498916439480497|0.10126739401116591
0.119625|0.9791875000000001|0.001687500000000064|0.007875000000000007|0.10921160431396056|0.10895686076962682|0.10126739401116591|0.11545741401434244
0.1291875|0.9983125000000002|0.001687499999999953|0.0016875000000000084|0.11503559206451866|0.11486969462290611|0.1138202983410859|0.11641675598746824
0.13874999999999998|0.9983125000000002|0.001687499999999953|0.007874999999999993|0.12286218762789984|0.12286218762789984|0.11641675598746824|0.1293075320833934
0.14831249999999996|0.9983125000000002|0.001687499999999953|0.0016874999999999807|0.1306886860702525|0.13095815292496557|0.1293075320833934|0.13180032982284906
0.1291875|0.9887500000000001|0.007875000000000076|0.0016875000000000084|0.11486969462290611|0.11636423386006375|0.1134434367865406|0.11409550656204752
0.14831249999999996|0.9887500000000001|0.007875000000000076|0.0016874999999999807|0.13095815292496557|0.13101902613614566|0.13221569867290492|0.132741584952849
0.1291875|0.9791875000000001|0.001687500000000064|0.0016875000000000084|0.11636423386006375|0.11743886051238595|0.11545741401434244|0.11814101600117984
0.13874999999999998|0.9791875000000001|0.001687500000000064|0.007874999999999993|0.12416393869503888|0.12429007875423813|0.11814101600117984|0.12959812731652226
0.14831249999999996|0.9791875000000001|0.001687500000000064|0.0016874999999999807|0.13101902613614566|0.13067868526128637|0.12959812731652226|0.1317545031417322
0.0016874999999999998|0.9696250000000001|0.007875000000000076|0.0016874999999999998|0.0009082700830565971|0.0007146088126667123|0.0|0.00173035123027116
0.011249999999999996|0.9696250000000001|0.007875000000000076|0.007874999999999997|0.006660505337469425|0.005812090458386367|0.00173035123027116|0.009045413264370044
0.02081249999999999|0.9696250000000001|0.007875000000000076|0.001687499999999998|0.013079346026221059|0.009630505746907143|0.009045413264370044|0.009738268151366546
0.0016874999999999998|0.925|0.03674999999999995|0.0016874999999999998|0.0007146088126667123|0.0006221006047212974|0.0|5.6216758627838864e-05
0.02081249999999999|0.925|0.03674999999999995|0.001687499999999998|0.009630505746907143|0.00862469411316042|0.009127614526096605|0.009127614526096605
0.0016874999999999998|0.880375|0.007874999999999965|0.0016874999999999998|0.0006221006047212974|0.0007845109631320023|0.0|0.001503889433318966
0.011249999999999996|0.880375|0.007874999999999965|0.007874999999999997|0.005053020120681289|0.0057495214398762375|0.001503889433318966|0.007905647476338163
0.02081249999999999|0.880375|0.007874999999999965|0.001687499999999998|0.00862469411316042|0.011261777011876714|0.007905647476338163|0.008516925453245524
0.1291875|0.9696250000000001|0.007875000000000076|0.0016875000000000084|0.11743886051238595|0.11906589356512148|0.12018509675227897|0.12101338664601527
0.13874999999999998|0.9696250000000001|0.007875000000000076|0.007874999999999993|0.12429007875423813|0.12487873948345148|0.12101338664601527|0.12933271027947893
0.14831249999999996|0.9696250000000001|0.007875000000000076|0.0016874999999999807|0.13067868526128637|0.12964056199762347|0.12933271027947893|0.13129619657733954
0.1291875|0.925|0.03674999999999995|0.0016875000000000084|0.11906589356512148|0.10861967967042695|0.11384295233249915|0.11384295233249915
0.14831249999999996|0.925|0.03674999999999995|0.0016874999999999807|0.12964056199762347|0.1195574806016407|0.12662319895350638|0.12680907760774368
0.1291875|0.880375|0.007874999999999965|0.0016875000000000084|0.10861967967042695|0.10281539124426595|0.10750041508697392|0.10826448742440124
0.13874999999999998|0.880375|0.007874999999999965|0.007874999999999993|0.11183015833239551|0.1102790100116401|0.10826448742440124|0.11694694402144468
0.14831249999999996|0.880375|0.007874999999999965|0.0016874999999999807|0.1195574806016407|0.11652379583009438|0.11694694402144468|0.11914101986341041
0.0016874999999999998|0.8708125|0.001687500000000064|0.0016874999999999998|0.0007845109631320023|0.0006945145155639505|0.0|0.0016942891757830809
0.011249999999999996|0.8708125|0.001687500000000064|0.007874999999999997|0.0057495214398762375|0.005898771722560876|0.0016942891757830809|0.010799749915913315
0.02081249999999999|0.8708125|0.001687500000000064|0.001687499999999998|0.011261777011876714|0.012287243246466913|0.010799749915913315|0.013051064932607914
0.0016874999999999998|0.86125|0.007874999999999965|0.0016874999999999998|0.0006945145155639505|0.0008613622940944372|0.0|0.00023338155933190735
0.02081249999999999|0.86125|0.007874999999999965|0.001687499999999998|0.012287243246466913|0.013789328030789859|0.014327900173710611|0.01488058963656262
0.0016874999999999998|0.8516874999999999|0.001687499999999953|0.0016874999999999998|0.0008613622940944372|0.0010072366394759966|0.0|0.002115119171383106
0.011249999999999996|0.8516874999999999|0.001687499999999953|0.007874999999999997|0.0073380038471635|0.007339088983973087|0.002115119171383106|0.012555816108447505
0.02081249999999999|0.8516874999999999|0.001687499999999953|0.001687499999999998|0.013789328030789859|0.013666955008652733|0.012555816108447505|0.014683572870202454
0.030375|0.8708125|0.001687500000000064|0.007875|0.018656223061843013|0.018445090838554|0.013051064932607914|0.025246650114238118
0.075|0.8708125|0.001687500000000064|0.03675|0.0560019763587486|0.0560019763587486|0.025246650114238118|0.08675713250987588
0.119625|0.8708125|0.001687500000000064|0.007875000000000007|0.09334752913252056|0.09326609932289529|0.08675713250987588|0.10031782958959923
0.030375|0.86125|0.007874999999999965|0.007875|0.018445090838554|0.01905373598132143|0.01488058963656262|0.017459807129871985
0.119625|0.86125|0.007874999999999965|0.007875000000000007|0.09326609932289529|0.08957023104535936|0.09288612768347845|0.09582201624651836
0.030375|0.8516874999999999|0.001687499999999953|0.007875000000000007|0.01905373598132143|0.019448590003118094|0.014683572870202454|0.0254522097274894
0.075|0.8516874999999999|0.001687499999999953|0.03675|0.053717818629285714|0.05368682371609269|0.0254522097274894|0.08265817586015207
0.119625|0.8516874999999999|0.001687499999999953|0.007875000000000007|0.08957023104535936|0.08845517799142642|0.08265817586015207|0.09363290263039531
0.1291875|0.8708125|0.001687500000000064|0.0016875000000000084|0.10281539124426595|0.10086551972709534|0.10031782958959923|0.10324708254100176
0.13874999999999998|0.8708125|0.001687500000000064|0.007874999999999993|0.1102790100116401|0.10994662919046833|0.10324708254100176|0.1150949518767654
0.14831249999999996|0.8708125|0.001687500000000064|0.0016874999999999807|0.11652379583009438|0.11590433714342849|0.1150949518767654|0.11726954921451824
0.1291875|0.86125|0.007874999999999965|0.0016875000000000084|0.10086551972709534|0.09497257724983311|0.09582201624651836|0.09645114276180831
0.14831249999999996|0.86125|0.007874999999999965|0.0016874999999999807|0.11590433714342849|0.11001468017919719|0.11453313903606405|0.11520752745395613
0.1291875|0.8516874999999999|0.001687499999999953|0.0016875000000000084|0.09497257724983311|0.09428079507551451|0.09363290263039531|0.09573666040551639
0.13874999999999998|0.8516874999999999|0.001687499999999953|0.007874999999999993|0.10078097637293221|0.10040326540685475|0.09573666040551639|0.10758783460374982
0.14831249999999996|0.8516874999999999|0.001687499999999953|0.0016874999999999807|0.11001468017919719|0.10791058041883807|0.10758783460374982|0.11067264663935006
0.0016874999999999998|0.842125|0.007875000000000076|0.0016874999999999998|0.0010072366394759966|0.0008842631958668146|0.0|0.0021689710294640913
0.011249999999999996|0.842125|0.007875000000000076|0.007874999999999997|0.007339088983973087|0.007344155946188191|0.0021689710294640913|0.012524404286130759
0.02081249999999999|0.842125|0.007875000000000076|0.001687499999999998|0.013666955008652733|0.013789264486078603|0.012524404286130759|0.014704371941250202
0.0016874999999999998|0.7975|0.03674999999999995|0.0016874999999999998|0.0008842631958668146|0.0006409510276649819|0.0|6.414453262920611e-05
0.02081249999999999|0.7975|0.03674999999999995|0.001687499999999998|0.013789264486078603|0.011224263588088463|0.014511697645496117|0.01469582071895563
0.0016874999999999998|0.752875|0.007874999999999965|0.0016874999999999998|0.0006409510276649819|0.0006955912643681754|0.0|0.0015703680957502555
0.011249999999999996|0.752875|0.007874999999999965|0.007874999999999997|0.005330841251779086|0.004818039974581063|0.0015703680957502555|0.009604113257316855
0.02081249999999999|0.752875|0.007874999999999965|0.001687499999999998|0.011224263588088463|0.009343400787162566|0.009604113257316855|0.011536648653750028
0.030375|0.842125|0.007875000000000076|0.007875|0.019448590003118094|0.018966323530573845|0.014704371941250202|0.02566993532842493
0.075|0.842125|0.007875000000000076|0.03675|0.05368682371609269|0.053542201524449155|0.02566993532842493|0.0807395003287062
0.119625|0.842125|0.007875000000000076|0.007875000000000007|0.08845517799142642|0.08559662590941482|0.0807395003287062|0.0914786474469139
0.030375|0.7975|0.03674999999999995|0.007875|0.018966323530573845|0.01615361473270555|0.01469582071895563|0.01555506800329304
0.119625|0.7975|0.03674999999999995|0.007875000000000007|0.08559662590941482|0.07320013046387805|0.08106590950112222|0.08178055143259938
0.030375|0.752875|0.007874999999999965|0.007875000000000007|0.01615361473270555|0.01628187474615109|0.011536648653750028|0.02115535410021796
0.075|0.752875|0.007874999999999965|0.03675|0.04389826369462933|0.04389826369462933|0.02115535410021796|0.06664113414508517
0.119625|0.752875|0.007874999999999965|0.007875000000000007|0.07320013046387805|0.07151460638446858|0.06664113414508517|0.07470252622943684
0.1291875|0.842125|0.007875000000000076|0.0016875000000000084|0.09428079507551451|0.09066091215581869|0.0914786474469139|0.09360919836818378
0.13874999999999998|0.842125|0.007875000000000076|0.007874999999999993|0.10040326540685475|0.09864065056256346|0.09360919836818378|0.10190944334224207
0.14831249999999996|0.842125|0.007875000000000076|0.0016874999999999807|0.10791058041883807|0.10057795181868225|0.10190944334224207|0.10260990684250783
0.1291875|0.7975|0.03674999999999995|0.0016875000000000084|0.09066091215581869|0.07654118885404385|0.08178055143259938|0.08193369497862565
0.14831249999999996|0.7975|0.03674999999999995|0.0016874999999999807|0.10057795181868225|0.08161273252946066|0.09109549504082966|0.09109549504082966
0.1291875|0.752875|0.007874999999999965|0.0016875000000000084|0.07654118885404385|0.07569055794675618|0.07470252622943684|0.07575581393602501
0.13874999999999998|0.752875|0.007874999999999965|0.007874999999999993|0.07748323731380517|0.07748329665712579|0.07575581393602501|0.07921057056077345
0.14831249999999996|0.752875|0.007874999999999965|0.0016874999999999807|0.08161273252946066|0.0792759556975809|0.07921057056077345|0.07958071974091135
0.0016874999999999998|0.70825|0.03675000000000006|0.0016874999999999998|0.0006955912643681754|0.0003088646094403396|0.0|0.0007357480947980175
0.011249999999999996|0.70825|0.03675000000000006|0.007874999999999997|0.004818039974581063|0.0024249673476569454|0.0007357480947980175|0.0036013848544291746
0.02081249999999999|0.70825|0.03675000000000006|0.001687499999999998|0.009343400787162566|0.003853481159828991|0.0036013848544291746|0.0038534743201660802
0.0016874999999999998|0.5|0.17149999999999999|0.0016874999999999998|0.0003088646094403396|0.00030886432685895326|0.0|5.960931103730714e-06
0.02081249999999999|0.5|0.17149999999999999|0.001687499999999998|0.003853481159828991|0.0038534788418046373|0.0038535148502595756|0.0038535148502595756
0.0016874999999999998|0.29175|0.036750000000000005|0.0016874999999999998|0.00030886432685895326|0.0006955906387030898|0.0|0.0007357474217947898
0.011249999999999996|0.29175|0.036750000000000005|0.007874999999999997|0.0024249653266852573|0.004818035268081499|0.0007357474217947898|0.0036013819264434457
0.02081249999999999|0.29175|0.036750000000000005|0.001687499999999998|0.0038534788418046373|0.009343393063389997|0.0036013819264434457|0.0038534711978202
0.1291875|0.70825|0.03675000000000006|0.0016875000000000084|0.07569055794675618|0.07711359731832948|0.07711345360667346|0.07717877003458852
0.13874999999999998|0.70825|0.03675000000000006|0.007874999999999993|0.07748329665712579|0.0774835800315255|0.07717877003458852|0.07778842729556056
0.14831249999999996|0.70825|0.03675000000000006|0.0016874999999999807|0.0792759556975809|0.07785390562493216|0.07778842729556056|0.07785375957961875
0.1291875|0.5|0.17149999999999999|0.0016875000000000084|0.07711359731832948|0.07711356244917349|0.0771143049908767|0.0771143049908767
0.14831249999999996|0.5|0.17149999999999999|0.0016874999999999807|0.07785390562493216|0.07785387126088628|0.07785461745906101|0.07785461745906101
0.1291875|0.29175|0.036750000000000005|0.0016875000000000084|0.07711356244917349|0.07569051104769191|0.07711340333309422|0.07717871928740536
0.13874999999999998|0.29175|0.036750000000000005|0.007874999999999993|0.07748353347412634|0.07748324669705249|0.07717871928740536|0.0777883794102406
0.14831249999999996|0.29175|0.036750000000000005|0.0016874999999999807|0.07785387126088628|0.07927590203667498|0.0777883794102406|0.07785371136127739
0.0016874999999999998|0.247125|0.007874999999999993|0.0016874999999999998|0.0006955906387030898|0.0006409504469701639|0.0|0.001570366673759806
0.011249999999999996|0.247125|0.007874999999999993|0.007874999999999997|0.004818035268081499|0.0053308364256509835|0.001570366673759806|0.009604104554810696
0.02081249999999999|0.247125|0.007874999999999993|0.001687499999999998|0.009343393063389997|0.011224254999720072|0.009604104554810696|0.011536638245334055
0.0016874999999999998|0.2025|0.036750000000000005|0.0016874999999999998|0.0006409504469701639|0.0008842623809429547|0.0|6.41444738430099e-05
0.02081249999999999|0.2025|0.036750000000000005|0.001687499999999998|0.011224254999720072|0.013789253301338079|0.014511685806232497|0.014695808731577824
0.0016874999999999998|0.15787500000000002|0.007874999999999993|0.0016874999999999998|0.0008842623809429547|0.001007235856555822|0.0|0.0021689690184082456
0.011249999999999996|0.15787500000000002|0.007874999999999993|0.007874999999999997|0.0073441496284556|0.007339082931035659|0.0021689690184082456|0.012524394167237742
0.02081249999999999|0.15787500000000002|0.007874999999999993|0.001687499999999998|0.013789253301338079|0.013666944172013305|0.012524394167237742|0.014704359973891419
0.030375|0.247125|0.007874999999999993|0.007875|0.016281861519546637|0.01615360034899549|0.011536638245334055|0.021155337130992644
0.075|0.247125|0.007874999999999993|0.03675|0.04389823263700611|0.04389823263700611|0.021155337130992644|0.06664108764809573
0.119625|0.247125|0.007874999999999993|0.007875000000000007|0.07151455657904351|0.07320007945620706|0.06664108764809573|0.07470248039410875
0.030375|0.2025|0.036750000000000005|0.007875|0.01615360034899549|0.018966307878014427|0.014695808731577824|0.015555055268394012
0.119625|0.2025|0.036750000000000005|0.007875000000000007|0.07320007945620706|0.08559655880273626|0.08106585288297034|0.0817804947406623
0.030375|0.15787500000000002|0.007874999999999993|0.007875000000000007|0.018966307878014427|0.019448573602643786|0.014704359973891419|0.025669914301607293
0.075|0.15787500000000002|0.007874999999999993|0.03675|0.05354215833542025|0.05368678030661299|0.025669914301607293|0.08073943663225236
0.119625|0.15787500000000002|0.007874999999999993|0.007875000000000007|0.08559655880273626|0.08845511303240383|0.08073943663225236|0.09147857684403635
0.1291875|0.247125|0.007874999999999993|0.0016875000000000084|0.07569051104769191|0.0765411408122063|0.07470248039410875|0.07575576804773115
0.13874999999999998|0.247125|0.007874999999999993|0.007874999999999993|0.07748324669705249|0.07748318661623715|0.07575576804773115|0.07921052050094594
0.14831249999999996|0.247125|0.007874999999999993|0.0016874999999999807|0.07927590203667498|0.08161267480186316|0.07921052050094594|0.0795806634762407
0.1291875|0.2025|0.036750000000000005|0.0016875000000000084|0.0765411408122063|0.09066084860914878|0.0817804947406623|0.08193363822317538
0.14831249999999996|0.2025|0.036750000000000005|0.0016874999999999807|0.08161267480186316|0.10057787592043062|0.09109543021434051|0.09109543021434051
0.1291875|0.15787500000000002|0.007874999999999993|0.0016875000000000084|0.09066084860914878|0.09428072398278352|0.09147857684403635|0.09360913267635176
0.13874999999999998|0.15787500000000002|0.007874999999999993|0.007874999999999993|0.09864058164101049|0.100403201166126|0.09360913267635176|0.10190937971795427
0.14831249999999996|0.15787500000000002|0.007874999999999993|0.0016874999999999807|0.10057787592043062|0.1079105151214474|0.10190937971795427|0.10260983644872793
