500runs
0.03200000000000001|0.368|0.03199999999999997|0.03200000000000001|0.017713952049394865|0.012741512571045907|0.0|0.042754152645259565
0.08000000000000002|0.368|0.03199999999999997|0.016|0.054352317160031964|0.05497897542119997|0.042754152645259565|0.06752320993546156
0.12800000000000003|0.368|0.03199999999999997|0.032000000000000015|0.09069474398394589|0.09740313624519356|0.06752320993546156|0.11482169506418897
0.03200000000000001|0.32|0.016000000000000014|0.03200000000000001|0.012741512571045907|0.012162907400970448|0.0|0.009961443194457058
0.12800000000000003|0.32|0.016000000000000014|0.032000000000000015|0.09740313624519356|0.09566855486694861|0.09980105981214822|0.11287317913711754
0.03200000000000001|0.272|0.03200000000000003|0.03200000000000001|0.012162907400970448|0.015661185579382418|0.0|0.03843875596597989
0.08000000000000002|0.272|0.03200000000000003|0.016|0.049374616999533466|0.04590069005780361|0.03843875596597989|0.06205145689250239
0.12800000000000003|0.272|0.03200000000000003|0.032000000000000015|0.09566855486694861|0.07441194261127328|0.06205145689250239|0.11748902047166475
0.17600000000000002|0.368|0.03199999999999997|0.015999999999999986|0.12308517601663697|0.12158359871071614|0.11482169506418897|0.14063528595396527
0.2|0.368|0.03199999999999997|0.008000000000000007|0.1453806290360917|0.1479889661403937|0.14063528595396527|0.15600189230327588
0.224|0.368|0.03199999999999997|0.015999999999999986|0.16704758643991152|0.18587455437723838|0.15600189230327588|0.18362626870871804
0.17600000000000002|0.32|0.016000000000000014|0.015999999999999986|0.12158359871071614|0.12378418943788264|0.11287317913711754|0.1194092387996022
0.224|0.32|0.016000000000000014|0.015999999999999986|0.18587455437723838|0.19213650251472053|0.1927979592513375|0.20039394196034674
0.17600000000000002|0.272|0.03200000000000003|0.015999999999999986|0.12378418943788264|0.13252969776260792|0.11748902047166475|0.15195336519473995
0.2|0.272|0.03200000000000003|0.008000000000000007|0.1616618919736084|0.1616618919736084|0.15195336519473995|0.17137831514950114
0.224|0.272|0.03200000000000003|0.015999999999999986|0.19213650251472053|0.1908111615012866|0.17137831514950114|0.20959233411055425
0.272|0.368|0.03199999999999997|0.03200000000000003|0.19856479621134399|0.2126652180950501|0.18362626870871804|0.23247398047740223
0.32|0.368|0.03199999999999997|0.016000000000000014|0.23501367223084116|0.24529627349260963|0.23247398047740223|0.2632741515516942
0.368|0.368|0.03199999999999997|0.03199999999999997|0.26635645450423845|0.3219215824710429|0.2632741515516942|0.34534837520476275
0.272|0.32|0.016000000000000014|0.03200000000000003|0.2126652180950501|0.22610536136228407|0.20039394196034674|0.21558312991908138
0.368|0.32|0.016000000000000014|0.03199999999999997|0.3219215824710429|0.3356194224466019|0.3332719541025498|0.3512962464624864
0.272|0.272|0.03200000000000003|0.03200000000000003|0.22610536136228407|0.2709771687135042|0.20959233411055425|0.28193352926195825
0.32|0.272|0.03200000000000003|0.016000000000000014|0.2993234139546681|0.30679464394676537|0.28193352926195825|0.31298565981041315
0.368|0.272|0.03200000000000003|0.03199999999999997|0.3356194224466019|0.34636888838523633|0.31298565981041315|0.3662736198867282
0.03200000000000001|0.224|0.015999999999999986|0.03200000000000001|0.015661185579382418|0.012710726212902645|0.0|0.03451217014815335
0.08000000000000002|0.224|0.015999999999999986|0.016|0.04590069005780361|0.04416306379820741|0.03451217014815335|0.05208096093913001
0.12800000000000003|0.224|0.015999999999999986|0.032000000000000015|0.07441194261127328|0.0693380987445268|0.05208096093913001|0.06791449044581915
0.03200000000000001|0.2|0.008000000000000007|0.03200000000000001|0.012710726212902645|0.013077878197823764|0.0|0.011461450595043715
0.12800000000000003|0.2|0.008000000000000007|0.032000000000000015|0.0693380987445268|0.0707637569437399|0.0700490801442302|0.0700490801442302
0.03200000000000001|0.17600000000000002|0.015999999999999986|0.03200000000000001|0.013077878197823764|0.01710490432455685|0.0|0.03750004273200542
0.08000000000000002|0.17600000000000002|0.015999999999999986|0.016|0.04809427927210761|0.0506587637813098|0.03750004273200542|0.05612644720307734
0.12800000000000003|0.17600000000000002|0.015999999999999986|0.032000000000000015|0.0707637569437399|0.08165279887850263|0.05612644720307734|0.0721907830650168
0.272|0.224|0.015999999999999986|0.03200000000000003|0.2709771687135042|0.2855970428176498|0.2828908409459115|0.3013171196105131
0.32|0.224|0.015999999999999986|0.016000000000000014|0.30679464394676537|0.31053025894281394|0.3013171196105131|0.32348796607474367
0.368|0.224|0.015999999999999986|0.03199999999999997|0.34636888838523633|0.35501395592294543|0.32348796607474367|0.3701507028244613
0.272|0.2|0.008000000000000007|0.03200000000000003|0.2855970428176498|0.2883091467001988|0.28695014375351896|0.28695014375351896
0.368|0.2|0.008000000000000007|0.03199999999999997|0.35501395592294543|0.35726967318243325|0.3578197263100318|0.37126822236335766
0.272|0.17600000000000002|0.015999999999999986|0.03200000000000003|0.2883091467001988|0.2837067666133669|0.29102373745469984|0.3110984963241884
0.32|0.17600000000000002|0.015999999999999986|0.016000000000000014|0.32113587575893277|0.31950308400454774|0.3110984963241884|0.33281248784710243
0.368|0.17600000000000002|0.015999999999999986|0.03199999999999997|0.35726967318243325|0.35694805296886317|0.33281248784710243|0.37575834818600923
0.03200000000000001|0.12800000000000003|0.032000000000000015|0.03200000000000001|0.01710490432455685|0.014244816212565133|0.0|0.04342219811574542
0.08000000000000002|0.12800000000000003|0.032000000000000015|0.016|0.0506587637813098|0.05578689655129699|0.04342219811574542|0.07071735921748017
0.12800000000000003|0.12800000000000003|0.032000000000000015|0.032000000000000015|0.08165279887850263|0.11377372468154613|0.07071735921748017|0.1361665049988332
0.03200000000000001|0.08000000000000002|0.016|0.03200000000000001|0.014244816212565133|0.0158075703011054|0.0|0.012020823696526555
0.12800000000000003|0.08000000000000002|0.016|0.032000000000000015|0.11377372468154613|0.11899782202295231|0.12037149763217189|0.1363218015611763
0.03200000000000001|0.03200000000000001|0.03200000000000001|0.03200000000000001|0.0158075703011054|0.02338090836688844|0.0|0.054335957338560566
0.08000000000000002|0.03200000000000001|0.03200000000000001|0.016|0.06981304765684704|0.06981304765684704|0.054335957338560566|0.08529153751257756
0.12800000000000003|0.03200000000000001|0.03200000000000001|0.032000000000000015|0.11899782202295231|0.11624851722403863|0.08529153751257756|0.14445997597376864
0.17600000000000002|0.12800000000000003|0.032000000000000015|0.015999999999999986|0.15396134224551267|0.14751819171981984|0.1361665049988332|0.17498019180273824
0.2|0.12800000000000003|0.032000000000000015|0.008000000000000007|0.185488698427425|0.185488698427425|0.17498019180273824|0.1960013316303199
0.224|0.12800000000000003|0.032000000000000015|0.015999999999999986|0.21702375492017667|0.22438091291410883|0.1960013316303199|0.23437312970025972
0.17600000000000002|0.08000000000000002|0.016|0.015999999999999986|0.14751819171981984|0.14905287853658444|0.1363218015611763|0.1442958592828186
0.224|0.08000000000000002|0.016|0.015999999999999986|0.22438091291410883|0.22376149760489486|0.22805898850703443|0.23603947836378822
0.17600000000000002|0.03200000000000001|0.03200000000000001|0.015999999999999986|0.14905287853658444|0.1585654026958065|0.14445997597376864|0.17742938045867923
0.2|0.03200000000000001|0.03200000000000001|0.008000000000000007|0.1868605283351443|0.1868605283351443|0.17742938045867923|0.1962954566714433
0.224|0.03200000000000001|0.03200000000000001|0.015999999999999986|0.22376149760489486|0.21516363133409866|0.1962954566714433|0.22973697605123608
0.272|0.12800000000000003|0.032000000000000015|0.03200000000000003|0.2837067666133669|0.2576902605996185|0.23437312970025972|0.30051283404896567
0.32|0.12800000000000003|0.032000000000000015|0.016000000000000014|0.31950308400454774|0.31623490697197987|0.30051283404896567|0.3303274944366848
0.368|0.12800000000000003|0.032000000000000015|0.03199999999999997|0.35694805296886317|0.3653870955287758|0.3303274944366848|0.38138268756028487
0.272|0.08000000000000002|0.016|0.03200000000000003|0.2576902605996185|0.2542932553818885|0.23603947836378822|0.25199941811285287
0.368|0.08000000000000002|0.016|0.03199999999999997|0.3653870955287758|0.36591573583148906|0.36882466173132966|0.3815242624965046
0.272|0.03200000000000001|0.03200000000000001|0.03200000000000003|0.2542932553818885|0.25888092991996003|0.22973697605123608|0.292618047318865
0.32|0.03200000000000001|0.03200000000000001|0.016000000000000014|0.30948531134512536|0.30948531134512536|0.292618047318865|0.3263567225210256
0.368|0.03200000000000001|0.03200000000000001|0.03199999999999997|0.36591573583148906|0.36009716655487223|0.3263567225210256|0.3880240578966657
0.41600000000000004|0.368|0.03199999999999997|0.016000000000000014|0.36841214320312954|0.3630095332996408|0.34534837520476275|0.39418487366425564
0.44|0.368|0.03199999999999997|0.008000000000000007|0.40706907614355137|0.40706907614355137|0.39418487366425564|0.4199579083135878
0.46399999999999997|0.368|0.03199999999999997|0.01599999999999996|0.4457348338531898|0.4518616931237097|0.4199579083135878|0.46845164606053374
0.41600000000000004|0.32|0.016000000000000014|0.016000000000000014|0.3630095332996408|0.3666233451825495|0.3512962464624864|0.3603073407392541
0.46399999999999997|0.32|0.016000000000000014|0.01599999999999996|0.4518616931237097|0.4499668752510699|0.4549251227589697|0.4629490874907696
0.41600000000000004|0.272|0.03200000000000003|0.016000000000000014|0.3666233451825495|0.38010127594392296|0.3662736198867282|0.3981324658590284
0.44|0.272|0.03200000000000003|0.008000000000000007|0.40757171523413027|0.4020334669010308|0.3981324658590284|0.41839816353476966
0.46399999999999997|0.272|0.03200000000000003|0.01599999999999996|0.4499668752510699|0.4225902539179328|0.41839816353476966|0.4654778027940494
0.488|0.368|0.03199999999999997|0.008000000000000007|0.47980978503795074|0.47124406395918156|0.46845164606053374|0.493310618730128
0.5|0.368|0.03199999999999997|0.0040000000000000036|0.5000609174133797|0.5000609174133797|0.493310618730128|0.5068111488630976
0.512|0.368|0.03199999999999997|0.008000000000000007|0.5203119458368473|0.5288836873676283|0.5068111488630976|0.5316683674670004
0.488|0.32|0.016000000000000014|0.008000000000000007|0.47124406395918156|0.47070455126225924|0.4629490874907696|0.4669606492046078
0.512|0.32|0.016000000000000014|0.008000000000000007|0.5288836873676283|0.5294293094814781|0.5331702002779415|0.5371814521906617
0.488|0.272|0.03200000000000003|0.008000000000000007|0.47070455126225924|0.47819151407343885|0.4654778027940494|0.49277752978835676
0.5|0.272|0.03200000000000003|0.0040000000000000036|0.5000705376458158|0.5000705376458158|0.49277752978835676|0.5073632709743798
0.512|0.272|0.03200000000000003|0.008000000000000007|0.5294293094814781|0.5219488482296113|0.5073632709743798|0.5346633518310876
0.536|0.368|0.03199999999999997|0.016000000000000014|0.5543826009102403|0.5482638971130674|0.5316683674670004|0.5801518823039431
0.5599999999999999|0.368|0.03199999999999997|0.008000000000000007|0.5930382356040728|0.5930382356040728|0.5801518823039431|0.6059186555571899
0.5839999999999999|0.368|0.03199999999999997|0.015999999999999903|0.6316821370345125|0.6370957019209473|0.6059186555571899|0.6547333721562614
0.536|0.32|0.016000000000000014|0.016000000000000014|0.5482638971130674|0.5501675697398624|0.5371814521906617|0.5452055889501454
0.5839999999999999|0.32|0.016000000000000014|0.015999999999999903|0.6370957019209473|0.6334931122177582|0.6398024843641646|0.6488073548775185
0.536|0.272|0.03200000000000003|0.016000000000000014|0.5501675697398624|0.5775660655776942|0.5346633518310876|0.5817440687278054
0.5599999999999999|0.272|0.03200000000000003|0.008000000000000007|0.5925711530354135|0.5981180973884672|0.5817440687278054|0.6020059926402147
0.5839999999999999|0.272|0.03200000000000003|0.015999999999999903|0.6334931122177582|0.6200455879914333|0.6020059926402147|0.6338551484651066
0.41600000000000004|0.224|0.015999999999999986|0.016000000000000014|0.38010127594392296|0.3788361808318917|0.3701507028244613|0.3930178719434781
0.44|0.224|0.015999999999999986|0.008000000000000007|0.4020334669010308|0.3992643427344811|0.3930178719434781|0.40412951209261233
0.46399999999999997|0.224|0.015999999999999986|0.01599999999999996|0.4225902539179328|0.4148625688431676|0.40412951209261233|0.41385893645658867
0.41600000000000004|0.2|0.008000000000000007|0.016000000000000014|0.3788361808318917|0.3805127594671653|0.37126822236335766|0.3779918060671014
0.46399999999999997|0.2|0.008000000000000007|0.01599999999999996|0.4148625688431676|0.4158695135182609|0.41536438503645706|0.41536438503645706
0.41600000000000004|0.17600000000000002|0.015999999999999986|0.016000000000000014|0.3805127594671653|0.38797606468575935|0.37575834818600923|0.3979755174270817
0.44|0.17600000000000002|0.015999999999999986|0.008000000000000007|0.40418594300697613|0.408150815572268|0.3979755174270817|0.40841641616012214
0.46399999999999997|0.17600000000000002|0.015999999999999986|0.01599999999999996|0.4158695135182609|0.4263504968201838|0.40841641616012214|0.41687736246641416
0.536|0.224|0.015999999999999986|0.016000000000000014|0.5775660655776942|0.5853093499131385|0.5863029188495212|0.5960286859931697
0.5599999999999999|0.224|0.015999999999999986|0.008000000000000007|0.5981180973884672|0.600891569564994|0.5960286859931697|0.6071372256985459
0.5839999999999999|0.224|0.015999999999999986|0.015999999999999903|0.6200455879914333|0.621325139477234|0.6071372256985459|0.6300002346459416
0.536|0.2|0.008000000000000007|0.016000000000000014|0.5853093499131385|0.5843123149636229|0.5848125654449472|0.5848125654449472
0.5839999999999999|0.2|0.008000000000000007|0.015999999999999903|0.621325139477234|0.6196567134130584|0.6221749241076341|0.6288946176485574
0.536|0.17600000000000002|0.015999999999999986|0.016000000000000014|0.5843123149636229|0.573847597774618|0.5833129355109699|0.5917732615765257
0.5599999999999999|0.17600000000000002|0.015999999999999986|0.008000000000000007|0.5960034246093036|0.5920422943087648|0.5917732615765257|0.6022104918176857
0.5839999999999999|0.17600000000000002|0.015999999999999986|0.015999999999999903|0.6196567134130584|0.6122079801481998|0.6022104918176857|0.6244164089766998
0.41600000000000004|0.12800000000000003|0.032000000000000015|0.016000000000000014|0.38797606468575935|0.38952232909362544|0.38138268756028487|0.4083270711423152
0.44|0.12800000000000003|0.032000000000000015|0.008000000000000007|0.408150815572268|0.41608056070285204|0.4083270711423152|0.4258186989675976
0.46399999999999997|0.12800000000000003|0.032000000000000015|0.01599999999999996|0.4263504968201838|0.4563315570420451|0.4258186989675976|0.46872660266468047
0.41600000000000004|0.08000000000000002|0.016|0.016000000000000014|0.38952232909362544|0.3925784235290929|0.3815242624965046|0.38787335469354295
0.46399999999999997|0.08000000000000002|0.016|0.01599999999999996|0.4563315570420451|0.4605651796347086|0.46184960001354014|0.46865267821619044
0.41600000000000004|0.03200000000000001|0.03200000000000001|0.016000000000000014|0.3925784235290929|0.4019866450685664|0.3880240578966657|0.4206560891929976
0.44|0.03200000000000001|0.03200000000000001|0.008000000000000007|0.4299905613749491|0.4299905613749491|0.4206560891929976|0.4393259505523428
0.46399999999999997|0.03200000000000001|0.03200000000000001|0.01599999999999996|0.4605651796347086|0.4579960984585428|0.4393259505523428|0.47538206418255896
0.488|0.12800000000000003|0.032000000000000015|0.008000000000000007|0.48044225617081626|0.4748502116497406|0.46872660266468047|0.4935557494055768
0.5|0.12800000000000003|0.032000000000000015|0.0040000000000000036|0.5001127709395936|0.5001127709395936|0.4935557494055768|0.5066689676078997
0.512|0.12800000000000003|0.032000000000000015|0.008000000000000007|0.5197813609445117|0.5253782491739488|0.5066689676078997|0.5314932147303126
0.488|0.08000000000000002|0.016|0.008000000000000007|0.4748502116497406|0.476061131112348|0.46865267821619044|0.47205418938920274
0.512|0.08000000000000002|0.016|0.008000000000000007|0.5253782491739488|0.5241716157666643|0.5281774962325837|0.531577234633335
0.488|0.03200000000000001|0.03200000000000001|0.008000000000000007|0.476061131112348|0.48407501455863855|0.47538206418255896|0.49477103173535003
0.5|0.03200000000000001|0.03200000000000001|0.0040000000000000036|0.5001193496319666|0.5001193496319666|0.49477103173535003|0.5054663559674277
0.512|0.03200000000000001|0.03200000000000001|0.008000000000000007|0.5241716157666643|0.5161614342951775|0.5054663559674277|0.5248518479359159
0.536|0.12800000000000003|0.032000000000000015|0.016000000000000014|0.573847597774618|0.5438905992616345|0.5314932147303126|0.5743856632390963
0.5599999999999999|0.12800000000000003|0.032000000000000015|0.008000000000000007|0.5920422943087648|0.5841200337076873|0.5743856632390963|0.591871179061373
0.5839999999999999|0.12800000000000003|0.032000000000000015|0.015999999999999903|0.6122079801481998|0.6106745258505263|0.591871179061373|0.6188049914053873
0.536|0.08000000000000002|0.016|0.016000000000000014|0.5438905992616345|0.5396630856692571|0.531577234633335|0.5383784989551148
0.5839999999999999|0.08000000000000002|0.016|0.015999999999999903|0.6106745258505263|0.6076241438104738|0.6123262294966061|0.6186718026056583
0.536|0.03200000000000001|0.03200000000000001|0.016000000000000014|0.5396630856692571|0.5422342198506032|0.5248518479359159|0.5608985870957026
0.5599999999999999|0.03200000000000001|0.03200000000000001|0.008000000000000007|0.5702319383670783|0.5702319383670783|0.5608985870957026|0.5795615052125637
0.5839999999999999|0.03200000000000001|0.03200000000000001|0.015999999999999903|0.6076241438104738|0.598223339089604|0.5795615052125637|0.6121791942646468
0.632|0.368|0.03199999999999997|0.03200000000000003|0.7336712398025251|0.6781606480912808|0.6547333721562614|0.7367672458834001
0.68|0.368|0.03199999999999997|0.016000000000000014|0.7650088396214264|0.7547361139004243|0.7367672458834001|0.7675561008005298
0.7280000000000001|0.368|0.03199999999999997|0.03200000000000003|0.8014467226410947|0.7873766870475197|0.7675561008005298|0.8163952181779909
0.632|0.32|0.016000000000000014|0.03200000000000003|0.6781606480912808|0.6644836337846273|0.6488073548775185|0.6668230509370418
0.7280000000000001|0.32|0.016000000000000014|0.03200000000000003|0.7873766870475197|0.7739559059477996|0.7844669932709092|0.7996500211588897
0.632|0.272|0.03200000000000003|0.03200000000000014|0.6644836337846273|0.6537654799552783|0.6338551484651066|0.6871269007199059
0.68|0.272|0.03200000000000003|0.016000000000000014|0.7007848028954741|0.6933235109483579|0.6871269007199059|0.7181669808864386
0.7280000000000001|0.272|0.03200000000000003|0.03200000000000003|0.7739559059477996|0.7291266584255239|0.7181669808864386|0.790468937761329
0.776|0.368|0.03199999999999997|0.016000000000000014|0.8329622465925163|0.8141596989926521|0.8163952181779909|0.8440143575497825
0.8|0.368|0.03199999999999997|0.008000000000000007|0.8546272458945298|0.8520249343987945|0.8440143575497825|0.8593778130063557
0.8240000000000001|0.368|0.03199999999999997|0.016000000000000014|0.8769212426109948|0.8784325630246439|0.8593778130063557|0.8851884500829196
0.776|0.32|0.016000000000000014|0.016000000000000014|0.8141596989926521|0.8079078771113358|0.7996500211588897|0.8072457676264689
0.8240000000000001|0.32|0.016000000000000014|0.016000000000000014|0.8784325630246439|0.876237827861134|0.8806092548087707|0.8871441278141282
0.776|0.272|0.03200000000000003|0.015999999999999903|0.8079078771113358|0.8092402204332352|0.790468937761329|0.828664049553936
0.8|0.272|0.03200000000000003|0.008000000000000007|0.8383772052269992|0.8383772052269992|0.828664049553936|0.8480845917283157
0.8240000000000001|0.272|0.03200000000000003|0.016000000000000014|0.876237827861134|0.8675014511350951|0.8480845917283157|0.8825386701583524
0.8720000000000001|0.368|0.03199999999999997|0.03200000000000003|0.909308879044982|0.9026086524851625|0.8851884500829196|0.9324826327941049
0.92|0.368|0.03199999999999997|0.016000000000000014|0.9456488979292398|0.9450238791256467|0.9324826327941049|0.9572480455836986
0.968|0.368|0.03199999999999997|0.03199999999999992|0.9822860115601555|0.9872595145766627|0.9572480455836986|1.0
0.8720000000000001|0.32|0.016000000000000014|0.03200000000000003|0.9026086524851625|0.9043483428876152|0.8871441278141282|0.900213873824843
0.968|0.32|0.016000000000000014|0.03199999999999992|0.9872595145766627|0.9878398028985469|0.9900400699786608|1.0
0.8720000000000001|0.272|0.03200000000000003|0.03200000000000003|0.9043483428876152|0.9256119793055053|0.8825386701583524|0.9379643598718719
0.92|0.272|0.03200000000000003|0.016000000000000014|0.9506387104692249|0.9541134587158431|0.9379643598718719|0.9615722298922563
0.968|0.272|0.03200000000000003|0.03199999999999992|0.9878398028985469|0.9843436926946036|0.9615722298922563|1.0
0.632|0.224|0.015999999999999986|0.03200000000000003|0.6537654799552783|0.6451391909885882|0.6300002346459416|0.6766417801897541
0.68|0.224|0.015999999999999986|0.016000000000000014|0.6933235109483579|0.6895928649747997|0.6766417801897541|0.6988033497179005
0.7280000000000001|0.224|0.015999999999999986|0.03200000000000003|0.7291266584255239|0.7145242162757323|0.6988033497179005|0.7172243192041023
0.632|0.2|0.008000000000000007|0.03200000000000003|0.6451391909885882|0.6428913064734795|0.6288946176485574|0.6423385916916178
0.7280000000000001|0.2|0.008000000000000007|0.03200000000000003|0.7145242162757323|0.7118213538812984|0.7131771517006765|0.7131771517006765
0.632|0.17600000000000002|0.015999999999999986|0.03200000000000014|0.6428913064734795|0.6432226612003573|0.6244164089766998|0.6673463478869646
0.68|0.17600000000000002|0.015999999999999986|0.016000000000000014|0.6790211530627532|0.6806558907666791|0.6673463478869646|0.6890514910722543
0.7280000000000001|0.17600000000000002|0.015999999999999986|0.03200000000000003|0.7118213538812984|0.7164342555209704|0.6890514910722543|0.7091154040170684
0.8720000000000001|0.224|0.015999999999999986|0.03200000000000003|0.9256119793055053|0.9306899091118523|0.932109328451678|0.9479369980433274
0.92|0.224|0.015999999999999986|0.016000000000000014|0.9541134587158431|0.9558508328391522|0.9479369980433274|0.9654993124250839
0.968|0.224|0.015999999999999986|0.03199999999999992|0.9843436926946036|0.987294534814358|0.9654993124250839|1.0
0.8720000000000001|0.2|0.008000000000000007|0.03200000000000003|0.9306899091118523|0.9292682952501019|0.9299810801474313|0.9299810801474313
0.968|0.2|0.008000000000000007|0.03199999999999992|0.987294534814358|0.9869283487456186|0.9885438132626494|1.0
0.8720000000000001|0.17600000000000002|0.015999999999999986|0.03200000000000003|0.9292682952501019|0.9183896454998914|0.9278452452348118|0.9439020164804542
0.92|0.17600000000000002|0.015999999999999986|0.016000000000000014|0.9519307812874681|0.949368677967735|0.9439020164804542|0.9625193868444609
0.968|0.17600000000000002|0.015999999999999986|0.03199999999999992|0.9869283487456186|0.9829042334705056|0.9625193868444609|1.0
0.632|0.12800000000000003|0.032000000000000015|0.03200000000000003|0.6432226612003573|0.6348003810010561|0.6188049914053873|0.6698385839631767
0.68|0.12800000000000003|0.032000000000000015|0.016000000000000014|0.6806558907666791|0.6839253661745307|0.6698385839631767|0.6996393976343387
0.7280000000000001|0.12800000000000003|0.032000000000000015|0.03200000000000003|0.7164342555209704|0.7424504735107813|0.6996393976343387|0.7657549263557533
0.632|0.08000000000000002|0.016|0.03200000000000003|0.6348003810010561|0.6342757398276664|0.6186718026056583|0.6313665541622475
0.7280000000000001|0.08000000000000002|0.016|0.03200000000000003|0.7424504735107813|0.7458479011479124|0.7481410924230169|0.7640937576256782
0.632|0.03200000000000001|0.03200000000000001|0.03200000000000014|0.6342757398276664|0.6400941111585042|0.6121791942646468|0.6738216278883206
0.68|0.03200000000000001|0.03200000000000001|0.016000000000000014|0.6906853862532287|0.6906853862532287|0.6738216278883206|0.707544178963062
0.7280000000000001|0.03200000000000001|0.03200000000000001|0.03200000000000003|0.7458479011479124|0.7412655145894779|0.707544178963062|0.7703955641050527
0.776|0.12800000000000003|0.032000000000000015|0.016000000000000014|0.7830984359020197|0.7757470935954505|0.7657549263557533|0.8041105629880818
0.8|0.12800000000000003|0.032000000000000015|0.008000000000000007|0.8146184329268826|0.8146184329268826|0.8041105629880818|0.825121070636309
0.8240000000000001|0.12800000000000003|0.032000000000000015|0.016000000000000014|0.846128674632232|0.8525687345725694|0.825121070636309|0.8639117568911553
0.776|0.08000000000000002|0.016|0.016000000000000014|0.7757470935954505|0.7763675891042482|0.7640937576256782|0.7720720645494006
0.8240000000000001|0.08000000000000002|0.016|0.016000000000000014|0.8525687345725694|0.8510360535541294|0.8557902351688855|0.86376012526569
0.776|0.03200000000000001|0.03200000000000001|0.015999999999999903|0.7763675891042482|0.7849624261963274|0.7703955641050527|0.8038201111385191
0.8|0.03200000000000001|0.03200000000000001|0.008000000000000007|0.8132506594084705|0.8132506594084705|0.8038201111385191|0.8226762396253549
0.8240000000000001|0.03200000000000001|0.03200000000000001|0.016000000000000014|0.8510360535541294|0.8415306019748184|0.8226762396253549|0.8556267944063125
0.8720000000000001|0.12800000000000003|0.032000000000000015|0.03200000000000003|0.9183896454998914|0.886293516963919|0.8639117568911553|0.9293232275432324
0.92|0.12800000000000003|0.032000000000000015|0.016000000000000014|0.949368677967735|0.9442449480593058|0.9293232275432324|0.9566021854640564
0.968|0.12800000000000003|0.032000000000000015|0.03199999999999992|0.9829042334705056|0.9857634946156045|0.9566021854640564|1.0
0.8720000000000001|0.08000000000000002|0.016|0.03200000000000003|0.886293516963919|0.8810736574471772|0.86376012526569|0.8796999054592992
0.968|0.08000000000000002|0.016|0.03199999999999992|0.9857634946156045|0.9842019860555677|0.9879863524032358|1.0
0.8720000000000001|0.03200000000000001|0.03200000000000001|0.03200000000000003|0.8810736574471772|0.8838219342220992|0.8556267944063125|0.9147605208923631
0.92|0.03200000000000001|0.03200000000000001|0.016000000000000014|0.9302298142274952|0.9302298142274952|0.9147605208923631|0.9456976901880623
0.968|0.03200000000000001|0.03200000000000001|0.03199999999999992|0.9842019860555677|0.976633605000645|0.9456976901880623|1.0
0.632|0.5839999999999999|0.015999999999999903|0.03200000000000003|0.7335776129865096|0.7597490469344713|0.7500115521840094|0.7633828616756264
0.68|0.5839999999999999|0.015999999999999903|0.016000000000000014|0.7649229351329172|0.7700685164214349|0.7633828616756264|0.781879041647448
0.7280000000000001|0.5839999999999999|0.015999999999999903|0.03200000000000003|0.8013792308548906|0.8114833087243444|0.781879041647448|0.8254345598971329
0.632|0.5599999999999999|0.008000000000000007|0.03200000000000003|0.7597490469344713|0.7694721425319|0.7646177943097021|0.7646177943097021
0.7280000000000001|0.5599999999999999|0.008000000000000007|0.03200000000000003|0.8114833087243444|0.8142601328474675|0.8144696829125593|0.8271993958697967
0.632|0.536|0.016000000000000014|0.03200000000000003|0.7694721425319|0.7830915101253965|0.7791889981140868|0.7907819651186846
0.68|0.536|0.016000000000000014|0.016000000000000014|0.7965829627990844|0.7966034095476|0.7907819651186846|0.8023365731957115
0.7280000000000001|0.536|0.016000000000000014|0.03200000000000003|0.8142601328474675|0.8100547592576363|0.8023365731957115|0.8321178966084338
0.776|0.5839999999999999|0.015999999999999903|0.016000000000000014|0.8329039860336184|0.8341739208611818|0.8254345598971329|0.8490538810566942
0.8|0.5839999999999999|0.015999999999999903|0.008000000000000007|0.8545781514103398|0.8558825417491703|0.8490538810566942|0.8633544356359084
0.8240000000000001|0.5839999999999999|0.015999999999999903|0.016000000000000014|0.8768773525898479|0.88400726601921|0.8633544356359084|0.8889407842280169
0.776|0.5599999999999999|0.008000000000000007|0.016000000000000014|0.8341739208611818|0.8361227398926119|0.8271993958697967|0.8335642523484157
0.8240000000000001|0.5599999999999999|0.008000000000000007|0.016000000000000014|0.88400726601921|0.8858869708032968|0.8868617873241227|0.8944967440046167
0.776|0.536|0.016000000000000014|0.015999999999999903|0.8361227398926119|0.8412504337400668|0.8321178966084338|0.8554893902228619
0.8|0.536|0.016000000000000014|0.008000000000000007|0.8626139053254278|0.8626139053254278|0.8554893902228619|0.8697222400671935
0.8240000000000001|0.536|0.016000000000000014|0.016000000000000014|0.8858869708032968|0.8839453973557719|0.8697222400671935|0.8962132019111015
0.8720000000000001|0.5839999999999999|0.015999999999999903|0.03200000000000003|0.9092748812766573|0.9099235891753069|0.8889407842280169|0.9340373510800586
0.92|0.5839999999999999|0.015999999999999903|0.016000000000000014|0.9456263160683487|0.9459404217640678|0.9340373510800586|0.9581514704198262
0.968|0.5839999999999999|0.015999999999999903|0.03199999999999992|0.982279546077929|0.986364205153031|0.9581514704198262|1.0
0.8720000000000001|0.5599999999999999|0.008000000000000007|0.03200000000000003|0.9099235891753069|0.9134315633831815|0.8944967440046167|0.9097719437711448
0.968|0.5599999999999999|0.008000000000000007|0.03199999999999992|0.986364205153031|0.9872189863011086|0.9882595238638748|1.0
0.8720000000000001|0.536|0.016000000000000014|0.03200000000000003|0.9134315633831815|0.9288791137923856|0.8962132019111015|0.9436557897182946
0.92|0.536|0.016000000000000014|0.016000000000000014|0.9551094784753772|0.9565474454890851|0.9436557897182946|0.9651189560421101
0.968|0.536|0.016000000000000014|0.03199999999999992|0.9872189863011086|0.9856340800798018|0.9651189560421101|1.0
0.632|0.512|0.008000000000000007|0.03200000000000003|0.7830915101253965|0.7850641924194898|0.7850496480898256|0.7927589713111804
0.68|0.512|0.008000000000000007|0.016000000000000014|0.7966034095476|0.7966136329218578|0.7927589713111804|0.8004609978525288
0.7280000000000001|0.512|0.008000000000000007|0.03200000000000003|0.8100547592576363|0.8081692068910626|0.8004609978525288|0.8081557277138707
0.632|0.5|0.0040000000000000036|0.03200000000000003|0.7850641924194898|0.7850680817539691|0.7850714645843219|0.7850714645843219
0.7280000000000001|0.5|0.0040000000000000036|0.03200000000000003|0.8081692068910626|0.8081724942919319|0.8081804940864693|0.8081804940864693
0.632|0.488|0.008000000000000007|0.03200000000000003|0.7850680817539691|0.783114971546805|0.7850660102739426|0.7927728733582685
0.68|0.488|0.008000000000000007|0.016000000000000014|0.7966332913759|0.7966244556854876|0.7927728733582685|0.8004788868132678
0.7280000000000001|0.488|0.008000000000000007|0.03200000000000003|0.8081724942919319|0.8100747117122308|0.8004788868132678|0.8081700776880038
0.8720000000000001|0.512|0.008000000000000007|0.03200000000000003|0.9288791137923856|0.9329490997155403|0.9329432693849509|0.9491587091256097
0.92|0.512|0.008000000000000007|0.016000000000000014|0.9565474454890851|0.9572664289959391|0.9491587091256097|0.966804232134282
0.968|0.512|0.008000000000000007|0.03199999999999992|0.9856340800798018|0.987369302142055|0.966804232134282|1.0
0.8720000000000001|0.5|0.0040000000000000036|0.03200000000000003|0.9329490997155403|0.9329526645450064|0.9329538341766697|0.9329538341766697
0.968|0.5|0.0040000000000000036|0.03199999999999992|0.987369302142055|0.9873698023252516|0.9881132039971886|1.0
0.8720000000000001|0.488|0.008000000000000007|0.03200000000000003|0.9329526645450064|0.9288898403188511|0.9329503252816799|0.9491649565470119
0.92|0.488|0.008000000000000007|0.016000000000000014|0.9572722721796779|0.9565538628971574|0.9491649565470119|0.9668094031469535
0.968|0.488|0.008000000000000007|0.03199999999999992|0.9873698023252516|0.9856360341715992|0.9668094031469535|1.0
0.632|0.46399999999999997|0.01599999999999996|0.03200000000000003|0.783114971546805|0.769521419689697|0.7792267463564158|0.7908119503544041
0.68|0.46399999999999997|0.01599999999999996|0.016000000000000014|0.7966244556854876|0.7966067843046626|0.7908119503544041|0.802361446554462
0.7280000000000001|0.46399999999999997|0.01599999999999996|0.03200000000000003|0.8100747117122308|0.814304259675323|0.802361446554462|0.8321551263448632
0.632|0.44|0.008000000000000007|0.03200000000000003|0.769521419689697|0.759810305039704|0.764670988307602|0.764670988307602
0.7280000000000001|0.44|0.008000000000000007|0.03200000000000003|0.814304259675323|0.811532424948695|0.8145182642951507|0.8272443616738165
0.632|0.41600000000000004|0.016000000000000014|0.03200000000000003|0.759810305039704|0.7336712398025251|0.7500925892512746|0.7634597811559208
0.68|0.41600000000000004|0.016000000000000014|0.016000000000000014|0.7701487224281799|0.7650088396214264|0.7634597811559208|0.7819564971725438
0.7280000000000001|0.41600000000000004|0.016000000000000014|0.03200000000000003|0.811532424948695|0.8014467226410947|0.7819564971725438|0.825485122247156
0.776|0.46399999999999997|0.01599999999999996|0.016000000000000014|0.8412906996369527|0.8361685902140805|0.8321551263448632|0.855526934552004
0.8|0.46399999999999997|0.01599999999999996|0.008000000000000007|0.8626501268786153|0.8626501268786153|0.855526934552004|0.8697570194244901
0.8240000000000001|0.46399999999999997|0.01599999999999996|0.016000000000000014|0.8839801450243395|0.8859233093061593|0.8697570194244901|0.8962405146126058
0.776|0.44|0.008000000000000007|0.016000000000000014|0.8361685902140805|0.8342218177839008|0.8272443616738165|0.8336129460323137
0.8240000000000001|0.44|0.008000000000000007|0.016000000000000014|0.8859233093061593|0.8840415519063456|0.8868962940237927|0.8945279118121552
0.776|0.41600000000000004|0.016000000000000014|0.015999999999999903|0.8342218177839008|0.8329622465925163|0.825485122247156|0.8491011904158966
0.8|0.41600000000000004|0.016000000000000014|0.008000000000000007|0.8559314180151943|0.8546272458945298|0.8491011904158966|0.8634000778962884
0.8240000000000001|0.41600000000000004|0.016000000000000014|0.016000000000000014|0.8840415519063456|0.8769212426109948|0.8634000778962884|0.8889811353711562
0.8720000000000001|0.46399999999999997|0.01599999999999996|0.03200000000000003|0.9288898403188511|0.9134553987193627|0.8962405146126058|0.9436661848341743
0.92|0.46399999999999997|0.01599999999999996|0.016000000000000014|0.9565538628971574|0.9551170443321163|0.9436661848341743|0.9651248205645659
0.968|0.46399999999999997|0.01599999999999996|0.03199999999999992|0.9856360341715992|0.9872218747316961|0.9651248205645659|1.0
0.8720000000000001|0.44|0.008000000000000007|0.03200000000000003|0.9134553987193627|0.9099513810809298|0.8945279118121552|0.9097986628824472
0.968|0.44|0.008000000000000007|0.03199999999999992|0.9872218747316961|0.9863682898991674|0.9882629239487504|1.0
0.8720000000000001|0.41600000000000004|0.016000000000000014|0.03200000000000003|0.9099513810809298|0.909308879044982|0.8889811353711562|0.9340611879735164
0.92|0.41600000000000004|0.016000000000000014|0.016000000000000014|0.9459614073310365|0.9456488979292398|0.9340611879735164|0.9581666446501554
0.968|0.41600000000000004|0.016000000000000014|0.03199999999999992|0.9863682898991674|0.9822860115601555|0.9581666446501554|1.0
0.632|0.968|0.03199999999999992|0.03200000000000003|0.6398511813538696|0.6340315681179336|0.6119212703864567|0.6735976044152844
0.68|0.968|0.03199999999999992|0.016000000000000014|0.6904717097120467|0.6904717097120467|0.6735976044152844|0.7073413531078382
0.7280000000000001|0.968|0.03199999999999992|0.03200000000000003|0.741082427431531|0.7456702077197398|0.7073413531078382|0.7702317742627026
0.632|0.92|0.016000000000000014|0.03200000000000003|0.6340315681179336|0.6345600057044145|0.6184196589934706|0.6311217614999656
0.7280000000000001|0.92|0.016000000000000014|0.03200000000000003|0.7456702077197398|0.7422728051226937|0.7479640978638441|0.7639278903565565
0.632|0.8720000000000001|0.03200000000000003|0.03200000000000014|0.6345600057044145|0.6429964188951597|0.6185599517421906|0.6696233540993769
0.68|0.8720000000000001|0.03200000000000003|0.016000000000000014|0.6837180008675652|0.6804474090622163|0.6696233540993769|0.6994412626084038
0.7280000000000001|0.8720000000000001|0.03200000000000003|0.03200000000000003|0.7422728051226937|0.7162504518583211|0.6994412626084038|0.7655939962582703
0.776|0.968|0.03199999999999992|0.016000000000000014|0.7848074084740239|0.776208993893283|0.7702317742627026|0.8036774820312517
0.8|0.968|0.03199999999999992|0.008000000000000007|0.8131129992077333|0.8131129992077333|0.8036774820312517|0.8225462901149307
0.8240000000000001|0.968|0.03199999999999992|0.016000000000000014|0.8414136811583361|0.8509265433688107|0.8225462901149307|0.855520195725833
0.776|0.92|0.016000000000000014|0.016000000000000014|0.776208993893283|0.7755882811129147|0.7639278903565565|0.7719097866029127
0.8240000000000001|0.92|0.016000000000000014|0.016000000000000014|0.8509265433688107|0.8524612383562458|0.8556841765021764|0.8636599403412805
0.776|0.8720000000000001|0.03200000000000003|0.015999999999999903|0.7755882811129147|0.7829452701329193|0.7655939962582703|0.8039718638855352
0.8|0.8720000000000001|0.03200000000000003|0.008000000000000007|0.8144851607618431|0.8144851607618431|0.8039718638855352|0.8249951159139467
0.8240000000000001|0.8720000000000001|0.03200000000000003|0.016000000000000014|0.8524612383562458|0.8460178113652251|0.8249951159139467|0.8638148933010473
0.8720000000000001|0.968|0.03199999999999992|0.03200000000000003|0.883735481642573|0.8809861392271834|0.855520195725833|0.9146963312689615
0.92|0.968|0.03199999999999992|0.016000000000000014|0.9301774658075408|0.9301774658075408|0.9146963312689615|0.9456566500616675
0.968|0.968|0.03199999999999992|0.03199999999999992|0.9766159349008112|0.9841902093993078|0.9456566500616675|1.0
0.8720000000000001|0.92|0.016000000000000014|0.03200000000000003|0.8809861392271834|0.8862104407297927|0.8636599403412805|0.879612176313941
0.968|0.92|0.016000000000000014|0.03199999999999992|0.9841902093993078|0.9857530842104164|0.9879774142504791|1.0
0.8720000000000001|0.8720000000000001|0.03200000000000003|0.03200000000000003|0.8862104407297927|0.9183338114210213|0.8638148933010473|0.9292725154456289
0.92|0.8720000000000001|0.03200000000000003|0.016000000000000014|0.9442049978031521|0.9493330777518346|0.9292725154456289|0.9565711462236901
0.968|0.8720000000000001|0.03200000000000003|0.03199999999999992|0.9857530842104164|0.9828925564823878|0.9565711462236901|1.0
0.632|0.8240000000000001|0.016000000000000014|0.03200000000000003|0.6429964188951597|0.6426725943119548|0.6241818902768973|0.6671341152410141
0.68|0.8240000000000001|0.016000000000000014|0.016000000000000014|0.6804474090622163|0.6788127215471199|0.6671341152410141|0.6888512920567428
0.7280000000000001|0.8240000000000001|0.016000000000000014|0.03200000000000003|0.7162504518583211|0.7116435240254688|0.6888512920567428|0.7089299535329957
0.632|0.8|0.008000000000000007|0.03200000000000003|0.6426725943119548|0.6449272685029107|0.628671002681634|0.6421217956935865
0.7280000000000001|0.8|0.008000000000000007|0.03200000000000003|0.7116435240254688|0.714352761274352|0.7130003092717053|0.7130003092717053
0.632|0.776|0.016000000000000014|0.03200000000000014|0.6449272685029107|0.6535693197550444|0.629787174907287|0.6764561397451784
0.68|0.776|0.016000000000000014|0.016000000000000014|0.6894137470169325|0.6931475718197032|0.6764561397451784|0.6986283864378368
0.7280000000000001|0.776|0.016000000000000014|0.03200000000000003|0.714352761274352|0.7289715046724008|0.6986283864378368|0.7170595734872159
0.8720000000000001|0.8240000000000001|0.016000000000000014|0.03200000000000003|0.9183338114210213|0.9292226415664301|0.9277965240563318|0.9438634954606926
0.92|0.8240000000000001|0.016000000000000014|0.016000000000000014|0.9493330777518346|0.9518977527172935|0.9438634954606926|0.9624940426976745
0.968|0.8240000000000001|0.016000000000000014|0.03199999999999992|0.9828925564823878|0.9869198263681431|0.9624940426976745|1.0
0.8720000000000001|0.8|0.008000000000000007|0.03200000000000003|0.9292226415664301|0.9306473965259902|0.9299368699145026|0.9299368699145026
0.968|0.8|0.008000000000000007|0.03199999999999992|0.9869198263681431|0.9872867944001238|0.9885364282229966|1.0
0.8720000000000001|0.776|0.016000000000000014|0.03200000000000003|0.9306473965259902|0.9255713098378915|0.932071034461925|0.947907480014734
0.92|0.776|0.016000000000000014|0.016000000000000014|0.9558261709728519|0.9540884535807813|0.947907480014734|0.9654799562333607
0.968|0.776|0.016000000000000014|0.03199999999999992|0.9872867944001238|0.9843351510322829|0.9654799562333607|1.0
0.632|0.7280000000000001|0.03200000000000003|0.03200000000000003|0.6535693197550444|0.6643149051561082|0.6336599866778838|0.686955187922775
0.68|0.7280000000000001|0.03200000000000003|0.016000000000000014|0.6931475718197032|0.700618859132376|0.686955187922775|0.7180123005742214
0.7280000000000001|0.7280000000000001|0.03200000000000003|0.03200000000000003|0.7289715046724008|0.7738424447352705|0.7180123005742214|0.7903614504844476
0.632|0.68|0.016000000000000014|0.03200000000000003|0.6643149051561082|0.678009447066014|0.6486354708334333|0.6666613683144201
0.7280000000000001|0.68|0.016000000000000014|0.03200000000000003|0.7738424447352705|0.7872805373211414|0.7843668174072412|0.7995580247630448
0.632|0.632|0.03200000000000003|0.03200000000000014|0.678009447066014|0.7335776129865096|0.6545789718242657|0.7366623840702418
0.68|0.632|0.03200000000000003|0.016000000000000014|0.7546387088096075|0.7649229351329172|0.7366623840702418|0.7674636262782466
0.7280000000000001|0.632|0.03200000000000003|0.03200000000000003|0.7872805373211414|0.8013792308548906|0.7674636262782466|0.8163214486234602
0.776|0.7280000000000001|0.03200000000000003|0.016000000000000014|0.8091449847059504|0.8078175276376334|0.7903614504844476|0.8285790714935521
0.8|0.7280000000000001|0.03200000000000003|0.008000000000000007|0.8382995651982159|0.8382995651982159|0.8285790714935521|0.8480099559791529
0.8240000000000001|0.7280000000000001|0.03200000000000003|0.016000000000000014|0.8674372710148913|0.8761813160952775|0.8480099559791529|0.8824814027419047
0.776|0.68|0.016000000000000014|0.016000000000000014|0.8078175276376334|0.8140784804142042|0.7995580247630448|0.8071577516430708
0.8240000000000001|0.68|0.016000000000000014|0.016000000000000014|0.8761813160952775|0.878380612615678|0.8805543554156573|0.8870925530580843
0.776|0.632|0.03200000000000003|0.015999999999999903|0.8140784804142042|0.8329039860336184|0.8163214486234602|0.8439547279309284
0.8|0.632|0.03200000000000003|0.008000000000000007|0.8519693707326788|0.8545781514103398|0.8439547279309284|0.8593247841387109
0.8240000000000001|0.632|0.03200000000000003|0.016000000000000014|0.878380612615678|0.8768773525898479|0.8593247841387109|0.8851444821024806
0.8720000000000001|0.7280000000000001|0.03200000000000003|0.03200000000000003|0.9255713098378915|0.9043038766675183|0.8824814027419047|0.9379327327889628
0.92|0.7280000000000001|0.03200000000000003|0.016000000000000014|0.9540884535807813|0.9506130187966405|0.9379327327889628|0.9615516215461009
0.968|0.7280000000000001|0.03200000000000003|0.03199999999999992|0.9843351510322829|0.9878337585563248|0.9615516215461009|1.0
0.8720000000000001|0.68|0.016000000000000014|0.03200000000000003|0.9043038766675183|0.9025667070305894|0.8870925530580843|0.9001707925025557
0.968|0.68|0.016000000000000014|0.03199999999999992|0.9878337585563248|0.9872539980495231|0.990035438040441|1.0
0.8720000000000001|0.632|0.03200000000000003|0.03200000000000003|0.9025667070305894|0.9092748812766573|0.8851444821024806|0.9324538166442844
0.92|0.632|0.03200000000000003|0.016000000000000014|0.9450017500409839|0.9456263160683487|0.9324538166442844|0.957230874909178
0.968|0.632|0.03200000000000003|0.03199999999999992|0.9872539980495231|0.982279546077929|0.957230874909178|1.0
0.41600000000000004|0.968|0.03199999999999992|0.016000000000000014|0.4017008873267518|0.39229828792478494|0.3877453214775863|0.4203637373043507
0.44|0.968|0.03199999999999992|0.008000000000000007|0.4296937269456495|0.4296937269456495|0.4203637373043507|0.4390277179061047
0.46399999999999997|0.968|0.03199999999999992|0.01599999999999996|0.45769324532769834|0.4602636176035388|0.4390277179061047|0.4750772855612197
0.41600000000000004|0.92|0.016000000000000014|0.016000000000000014|0.39229828792478494|0.3892463970559628|0.3812497180138344|0.3875951716533243
0.46399999999999997|0.92|0.016000000000000014|0.01599999999999996|0.4602636176035388|0.45603387795467676|0.4615477869517856|0.4683492633239979
0.41600000000000004|0.8720000000000001|0.03200000000000003|0.016000000000000014|0.3892463970559628|0.387710480748082|0.3811150664685092|0.40804935463965347
0.44|0.8720000000000001|0.03200000000000003|0.008000000000000007|0.4157997316234802|0.40787577046752327|0.40804935463965347|0.4255351744024732
0.46399999999999997|0.8720000000000001|0.03200000000000003|0.01599999999999996|0.45603387795467676|0.4260721376809892|0.4255351744024732|0.4684325936232044
0.488|0.968|0.03199999999999992|0.008000000000000007|0.48376852362884776|0.4757567107063728|0.4750772855612197|0.4944648273027554
0.5|0.968|0.03199999999999992|0.0040000000000000036|0.49981246318871236|0.49981246318871236|0.4944648273027554|0.505161344021463
0.512|0.968|0.03199999999999992|0.008000000000000007|0.5158583825261615|0.5238726288792536|0.505161344021463|0.5245524509610168
0.488|0.92|0.016000000000000014|0.008000000000000007|0.4757567107063728|0.47454878434923997|0.4683492633239979|0.471750001510104
0.512|0.92|0.016000000000000014|0.008000000000000007|0.5238726288792536|0.5250829238479643|0.5278796837757812|0.5312815501720528
0.488|0.8720000000000001|0.03200000000000003|0.008000000000000007|0.47454878434923997|0.48014586045457697|0.4684325936232044|0.4932601039747624
0.5|0.8720000000000001|0.03200000000000003|0.0040000000000000036|0.49981670672730694|0.49981670672730694|0.4932601039747624|0.5063742724823148
0.512|0.8720000000000001|0.03200000000000003|0.008000000000000007|0.5250829238479643|0.5194894039923303|0.5063742724823148|0.531206293295822
0.536|0.968|0.03199999999999992|0.016000000000000014|0.5419405878307276|0.5393703845866398|0.5245524509610168|0.560613258592583
0.5599999999999999|0.968|0.03199999999999992|0.008000000000000007|0.5699499791429078|0.5699499791429078|0.560613258592583|0.5792852021666242
0.5839999999999999|0.968|0.03199999999999992|0.015999999999999903|0.5979568703724866|0.6073653063884403|0.5792852021666242|0.6119212703864567
0.536|0.92|0.016000000000000014|0.016000000000000014|0.5393703845866398|0.5436034299262804|0.5312815501720528|0.5380854045569942
0.5839999999999999|0.92|0.016000000000000014|0.015999999999999903|0.6073653063884403|0.6104206020539732|0.6120698021312854|0.6184196589934706
0.536|0.8720000000000001|0.03200000000000003|0.016000000000000014|0.5436034299262804|0.5735846700526949|0.531206293295822|0.5741184184252831
0.5599999999999999|0.8720000000000001|0.03200000000000003|0.008000000000000007|0.5838582464623474|0.59178716544553|0.5741184184252831|0.5916127402184143
0.5839999999999999|0.8720000000000001|0.03200000000000003|0.015999999999999903|0.6104206020539732|0.6119636567004128|0.5916127402184143|0.6185599517421906
0.41600000000000004|0.8240000000000001|0.016000000000000014|0.016000000000000014|0.387710480748082|0.3802581177497538|0.3755024406838399|0.3977067162317741
0.44|0.8240000000000001|0.016000000000000014|0.008000000000000007|0.40787577046752327|0.4039137898895448|0.3977067162317741|0.4081451348826003
0.46399999999999997|0.8240000000000001|0.016000000000000014|0.01599999999999996|0.4260721376809892|0.4156031200149542|0.4081451348826003|0.4166039574694463
0.41600000000000004|0.8|0.008000000000000007|0.016000000000000014|0.3802581177497538|0.37859032286013067|0.37102050231777445|0.3777408921665143
0.46399999999999997|0.8|0.008000000000000007|0.01599999999999996|0.4156031200149542|0.41460613493227577|0.4151020917518042|0.4151020917518042
0.41600000000000004|0.776|0.016000000000000014|0.016000000000000014|0.37859032286013067|0.37986886050113683|0.3699142742957498|0.3927783832770934
0.44|0.776|0.016000000000000014|0.008000000000000007|0.3990223332304959|0.4017971349584826|0.3927783832770934|0.4038854517561156
0.46399999999999997|0.776|0.016000000000000014|0.01599999999999996|0.41460613493227577|0.42234860823697307|0.4038854517561156|0.4136116888073549
0.536|0.8240000000000001|0.016000000000000014|0.016000000000000014|0.5735846700526949|0.5840647743851219|0.5830579030237287|0.5915197747038308
0.5599999999999999|0.8240000000000001|0.016000000000000014|0.008000000000000007|0.59178716544553|0.595751952325034|0.5915197747038308|0.6019631099926976
0.5839999999999999|0.8240000000000001|0.016000000000000014|0.015999999999999903|0.6119636567004128|0.6194256506641053|0.6019631099926976|0.6241818902768973
0.536|0.8|0.008000000000000007|0.016000000000000014|0.5840647743851219|0.5850691042178809|0.5845690604464606|0.5845690604464606
0.5839999999999999|0.8|0.008000000000000007|0.015999999999999903|0.6194256506641053|0.6211009558838222|0.6219474889224387|0.628671002681634
0.536|0.776|0.016000000000000014|0.016000000000000014|0.5850691042178809|0.577338248979433|0.5860718017976776|0.5958027276253396
0.5599999999999999|0.776|0.016000000000000014|0.008000000000000007|0.6006681905391706|0.5978978696900965|0.5958027276253396|0.6069155602794789
0.5839999999999999|0.776|0.016000000000000014|0.015999999999999903|0.6211009558838222|0.6198325083687065|0.6069155602794789|0.629787174907287
0.41600000000000004|0.7280000000000001|0.03200000000000003|0.016000000000000014|0.37986886050113683|0.3664209199039153|0.3660604388110831|0.39790801362405215
0.44|0.7280000000000001|0.03200000000000003|0.008000000000000007|0.4017971349584826|0.40734247897424986|0.39790801362405215|0.4181697261462664
0.46399999999999997|0.7280000000000001|0.03200000000000003|0.01599999999999996|0.42234860823697307|0.4497454988935819|0.4181697261462664|0.4652511475851573
0.41600000000000004|0.68|0.016000000000000014|0.016000000000000014|0.3664209199039153|0.36281987914407793|0.3511047549300829|0.36011116613411304
0.46399999999999997|0.68|0.016000000000000014|0.01599999999999996|0.4497454988935819|0.4516489306716813|0.45470672660277167|0.4627304771250144
0.41600000000000004|0.632|0.03200000000000003|0.016000000000000014|0.36281987914407793|0.36823127320941135|0.34518128343063537|0.3939938732749141
0.44|0.632|0.03200000000000003|0.008000000000000007|0.4068751733076655|0.4068751733076655|0.3939938732749141|0.4197613832350567
0.46399999999999997|0.632|0.03200000000000003|0.01599999999999996|0.4516489306716813|0.44553089305167964|0.4197613832350567|0.46824508400014253
0.488|0.7280000000000001|0.03200000000000003|0.008000000000000007|0.4779655285184151|0.4704839614371235|0.4652511475851573|0.4925523976749301
0.5|0.7280000000000001|0.03200000000000003|0.0040000000000000036|0.49984546547459296|0.49984546547459296|0.4925523976749301|0.5071391061587319
0.512|0.7280000000000001|0.03200000000000003|0.008000000000000007|0.5217265359503171|0.5292127847219983|0.5071391061587319|0.5344420112649739
0.488|0.68|0.016000000000000014|0.008000000000000007|0.4704839614371235|0.47102867222920364|0.4627304771250144|0.46674235238613576
0.512|0.68|0.016000000000000014|0.008000000000000007|0.5292127847219983|0.5286726524484905|0.5329563217134281|0.5369687721246078
0.488|0.632|0.03200000000000003|0.008000000000000007|0.47102867222920364|0.47960131191533933|0.46824508400014253|0.49310253548526845
0.5|0.632|0.03200000000000003|0.0040000000000000036|0.49985281836157003|0.49985281836157003|0.49310253548526845|0.5066035934151754
0.512|0.632|0.03200000000000003|0.008000000000000007|0.5286726524484905|0.5201053139186151|0.5066035934151754|0.5314644650238148
0.536|0.7280000000000001|0.03200000000000003|0.016000000000000014|0.577338248979433|0.5499534359294073|0.5344420112649739|0.5815282428754932
0.5599999999999999|0.7280000000000001|0.03200000000000003|0.008000000000000007|0.5978978696900965|0.5923572279919485|0.5815282428754932|0.601797583314809
0.5839999999999999|0.7280000000000001|0.03200000000000003|0.015999999999999903|0.6198325083687065|0.633308011594321|0.601797583314809|0.6336599866778838
0.536|0.68|0.016000000000000014|0.016000000000000014|0.5499534359294073|0.5480568179735354|0.5369687721246078|0.544993672946967
0.5839999999999999|0.68|0.016000000000000014|0.015999999999999903|0.633308011594321|0.6369202332125592|0.6396252986032728|0.6486354708334333
0.536|0.632|0.03200000000000003|0.016000000000000014|0.5480568179735354|0.554183764586029|0.5314644650238148|0.5799629363392864
0.5599999999999999|0.632|0.03200000000000003|0.008000000000000007|0.5928540561187495|0.5928540561187495|0.5799629363392864|0.6057397638106101
0.5839999999999999|0.632|0.03200000000000003|0.015999999999999903|0.6369202332125592|0.6315153054777982|0.6057397638106101|0.6545789718242657
0.03200000000000001|0.968|0.03199999999999992|0.03200000000000001|0.023358989481287368|0.015792832172714943|0.0|0.05428529659985253
0.08000000000000002|0.968|0.03199999999999992|0.016|0.0697478195230987|0.0697478195230987|0.05428529659985253|0.08521302859922159
0.12800000000000003|0.968|0.03199999999999992|0.032000000000000015|0.11614237045556486|0.11888883356925427|0.08521302859922159|0.1443287494260404
0.03200000000000001|0.92|0.016000000000000014|0.03200000000000001|0.015792832172714943|0.014231869895705664|0.0|0.012009753518428716
0.12800000000000003|0.92|0.016000000000000014|0.032000000000000015|0.11888883356925427|0.11367143898415301|0.12026206512609898|0.13619838030485848
0.03200000000000001|0.8720000000000001|0.03200000000000003|0.03200000000000001|0.014231869895705664|0.017089807113313874|0.0|0.043383467491781944
0.08000000000000002|0.8720000000000001|0.03200000000000003|0.016|0.055737149912543145|0.05061470483137267|0.043383467491781944|0.07065390502527022
0.12800000000000003|0.8720000000000001|0.03200000000000003|0.032000000000000015|0.11367143898415301|0.08158283062459133|0.07065390502527022|0.13604588238065438
0.17600000000000002|0.968|0.03199999999999992|0.015999999999999986|0.15842193891127818|0.14891839495564863|0.1443287494260404|0.17727202154633132
0.2|0.968|0.03199999999999992|0.008000000000000007|0.18669525351113056|0.18669525351113056|0.17727202154633132|0.196124094607284
0.224|0.968|0.03199999999999992|0.015999999999999986|0.21497793125311734|0.22357077587297347|0.196124094607284|0.2295427521167419
0.17600000000000002|0.92|0.016000000000000014|0.015999999999999986|0.14891839495564863|0.1473846385548404|0.13619838030485848|0.14416497497525638
0.224|0.92|0.016000000000000014|0.015999999999999986|0.22357077587297347|0.22419070584440462|0.22786507707655343|0.23584095059143131
0.17600000000000002|0.8720000000000001|0.03200000000000003|0.015999999999999986|0.1473846385548404|0.15382396571400841|0.13604588238065438|0.17482747481577846
0.2|0.8720000000000001|0.03200000000000003|0.008000000000000007|0.18532734770584916|0.18532734770584916|0.17482747481577846|0.1958330906272744
0.224|0.8720000000000001|0.03200000000000003|0.015999999999999986|0.22419070584440462|0.21684196338010706|0.1958330906272744|0.23418075626617946
0.272|0.968|0.03199999999999992|0.03200000000000003|0.25866827929079433|0.25408603837434185|0.2295427521167419|0.292385951404051
0.32|0.968|0.03199999999999992|0.016000000000000014|0.309244078892652|0.309244078892652|0.292385951404051|0.3261076315884775
0.368|0.968|0.03199999999999992|0.03199999999999997|0.3598307309858354|0.3656481816556852|0.3261076315884775|0.3877453214775863
0.272|0.92|0.016000000000000014|0.03200000000000003|0.25408603837434185|0.25748124576023285|0.23584095059143131|0.2517926976211871
0.368|0.92|0.016000000000000014|0.03199999999999997|0.3656481816556852|0.3651217083842523|0.36855626728539476|0.3812497180138344
0.272|0.8720000000000001|0.03200000000000003|0.03200000000000003|0.25748124576023285|0.28349228030262075|0.23418075626617946|0.3002856151493434
0.32|0.8720000000000001|0.03200000000000003|0.016000000000000014|0.31599925170485293|0.3192675110470909|0.3002856151493434|0.33008529648781626
0.368|0.8720000000000001|0.03200000000000003|0.03199999999999997|0.3651217083842523|0.35669750838983544|0.33008529648781626|0.3811150664685092
0.03200000000000001|0.8240000000000001|0.016000000000000014|0.03200000000000001|0.017089807113313874|0.013067223566991762|0.0|0.0374673504352898
0.08000000000000002|0.8240000000000001|0.016000000000000014|0.016|0.05061470483137267|0.04805269598051419|0.0374673504352898|0.05607864342418439
0.12800000000000003|0.8240000000000001|0.016000000000000014|0.032000000000000015|0.08158283062459133|0.07070667865646198|0.05607864342418439|0.07213053831152481
0.03200000000000001|0.8|0.008000000000000007|0.03200000000000001|0.013067223566991762|0.012700911360195691|0.0|0.01145225415698055
0.12800000000000003|0.8|0.008000000000000007|0.032000000000000015|0.07070667865646198|0.06928519276672251|0.0699937959850747|0.0699937959850747
0.03200000000000001|0.776|0.016000000000000014|0.03200000000000001|0.012700911360195691|0.015650419323391274|0.0|0.03448815749943673
0.08000000000000002|0.776|0.016000000000000014|0.016|0.0441331233658421|0.04587000803682743|0.03448815749943673|0.05204410912466354
0.12800000000000003|0.776|0.016000000000000014|0.032000000000000015|0.06928519276672251|0.07436109127203888|0.05204410912466354|0.06786608064230641
0.272|0.8240000000000001|0.016000000000000014|0.03200000000000003|0.28349228030262075|0.28810115678872356|0.2908073317303416|0.3108708436237296
0.32|0.8240000000000001|0.016000000000000014|0.016000000000000014|0.3192675110470909|0.32090164071820987|0.3108708436237296|0.3325753398828519
0.368|0.8240000000000001|0.016000000000000014|0.03199999999999997|0.35669750838983544|0.35702622042259935|0.3325753398828519|0.3755024406838399
0.272|0.8|0.008000000000000007|0.03200000000000003|0.28810115678872356|0.285396161487585|0.28674500351418847|0.28674500351418847
0.368|0.8|0.008000000000000007|0.03199999999999997|0.35702622042259935|0.3547774138176583|0.35757972262029464|0.37102050231777445
0.272|0.776|0.016000000000000014|0.03200000000000003|0.285396161487585|0.27079790655773345|0.28269847743437804|0.3011177246111507
0.32|0.776|0.016000000000000014|0.016000000000000014|0.31032517884031463|0.30659713827049273|0.3011177246111507|0.32327583087048656
0.368|0.776|0.016000000000000014|0.03199999999999997|0.3547774138176583|0.34615070695967154|0.32327583087048656|0.3699142742957498
0.03200000000000001|0.7280000000000001|0.03200000000000003|0.03200000000000001|0.015650419323391274|0.012155617828637387|0.0|0.03841412039817267
0.08000000000000002|0.7280000000000001|0.03200000000000003|0.016|0.04587000803682743|0.049343777378798075|0.03841412039817267|0.06201288909636663
0.12800000000000003|0.7280000000000001|0.03200000000000003|0.032000000000000015|0.07436109127203888|0.09561683767010037|0.06201288909636663|0.11741972560544152
0.03200000000000001|0.68|0.016000000000000014|0.03200000000000001|0.012155617828637387|0.01273542655063129|0.0|0.009956169957670553
0.12800000000000003|0.68|0.016000000000000014|0.032000000000000015|0.09561683767010037|0.09735540640172066|0.09974970023939866|0.11281580098018079
0.03200000000000001|0.632|0.03200000000000003|0.03200000000000001|0.01273542655063129|0.017707154944134905|0.0|0.04273584897347108
0.08000000000000002|0.632|0.03200000000000003|0.016|0.054955332644420304|0.0543321223982078|0.04273584897347108|0.06749333439587894
0.12800000000000003|0.632|0.03200000000000003|0.032000000000000015|0.09735540640172066|0.09065738108304462|0.06749333439587894|0.11476918329910324
0.17600000000000002|0.7280000000000001|0.03200000000000003|0.015999999999999986|0.1324540321424104|0.12371724494785137|0.11741972560544152|0.1518633089033103
0.2|0.7280000000000001|0.03200000000000003|0.008000000000000007|0.16156794728376028|0.16156794728376028|0.1518633089033103|0.17127868086604053
0.224|0.7280000000000001|0.03200000000000003|0.015999999999999986|0.1907001480306011|0.19202770119151977|0.17127868086604053|0.2094656869552155
0.17600000000000002|0.68|0.016000000000000014|0.015999999999999986|0.12371724494785137|0.12152268942887208|0.11281580098018079|0.11934885135057186
0.224|0.68|0.016000000000000014|0.015999999999999986|0.19202770119151977|0.18577930095131462|0.1926914777719791|0.2002852773135885
0.17600000000000002|0.632|0.03200000000000003|0.015999999999999986|0.12152268942887208|0.12303335851050708|0.11476918329910324|0.14056889559592883
0.2|0.632|0.03200000000000003|0.008000000000000007|0.14791947762006197|0.1453164402939915|0.14056889559592883|0.1559282718893143
0.224|0.632|0.03200000000000003|0.015999999999999986|0.18577930095131462|0.16697930969044977|0.1559282718893143|0.18354268728261902
0.272|0.7280000000000001|0.03200000000000003|0.03200000000000003|0.27079790655773345|0.2259768892178295|0.2094656869552155|0.28175436182998154
0.32|0.7280000000000001|0.03200000000000003|0.016000000000000014|0.30659713827049273|0.29913443450602495|0.28175436182998154|0.312793321759684
0.368|0.7280000000000001|0.03200000000000003|0.03199999999999997|0.34615070695967154|0.3354316967807931|0.312793321759684|0.3660604388110831
0.272|0.68|0.016000000000000014|0.03200000000000003|0.2259768892178295|0.21255674794708765|0.2002852773135885|0.21546397469122938
0.368|0.68|0.016000000000000014|0.03199999999999997|0.3354316967807931|0.32175505630570955|0.3330919325220227|0.3511047549300829
0.272|0.632|0.03200000000000003|0.03200000000000003|0.21255674794708765|0.19849122735756444|0.18354268728261902|0.23237150846642893
0.32|0.632|0.03200000000000003|0.016000000000000014|0.24518575849624916|0.23491604623751197|0.23237150846642893|0.26314997785133676
0.368|0.632|0.03200000000000003|0.03199999999999997|0.32175505630570955|0.2662472205913088|0.26314997785133676|0.34518128343063537
0.03200000000000001|0.5839999999999999|0.015999999999999903|0.03200000000000001|0.017707154944134905|0.013626488528848102|0.0|0.041817845837304406
0.08000000000000002|0.5839999999999999|0.015999999999999903|0.016|0.0543321223982078|0.05401859114097825|0.041817845837304406|0.06591328151444704
0.12800000000000003|0.5839999999999999|0.015999999999999903|0.032000000000000015|0.09065738108304462|0.09001165727387546|0.06591328151444704|0.11097745740247776
0.03200000000000001|0.5599999999999999|0.008000000000000007|0.03200000000000001|0.013626488528848102|0.012772853163935057|0.0|0.01173254265225418
0.12800000000000003|0.5599999999999999|0.008000000000000007|0.032000000000000015|0.09001165727387546|0.08651070788465269|0.09016387758373356|0.10542861418340982
0.03200000000000001|0.536|0.016000000000000014|0.03200000000000001|0.012772853163935057|0.014358275185169633|0.0|0.03486202624008182
0.08000000000000002|0.536|0.016000000000000014|0.016|0.0448648552824731|0.04342984413583201|0.03486202624008182|0.05630984155288753
0.12800000000000003|0.536|0.016000000000000014|0.032000000000000015|0.08651070788465269|0.07108218829812837|0.05630984155288753|0.10371572271747975
0.17600000000000002|0.5839999999999999|0.015999999999999903|0.015999999999999986|0.12303335851050708|0.115911514247711|0.11097745740247776|0.13654823274497893
0.2|0.5839999999999999|0.015999999999999903|0.008000000000000007|0.1453164402939915|0.14401492163095625|0.13654823274497893|0.15084027619520568
0.224|0.5839999999999999|0.015999999999999903|0.015999999999999986|0.16697930969044977|0.16571440819056846|0.15084027619520568|0.17445073829896116
0.17600000000000002|0.5599999999999999|0.008000000000000007|0.015999999999999986|0.115911514247711|0.1140320929621805|0.10542861418340982|0.1130598438850543
0.224|0.5599999999999999|0.008000000000000007|0.015999999999999986|0.16571440819056846|0.16376743807513466|0.1663261196240004|0.17268934371014502
0.17600000000000002|0.536|0.016000000000000014|0.015999999999999986|0.1140320929621805|0.11597367702936144|0.10371572271747975|0.13018769587796905
0.2|0.536|0.016000000000000014|0.008000000000000007|0.13729470530227286|0.13729470530227286|0.13018769587796905|0.1444119080782594
0.224|0.536|0.016000000000000014|0.015999999999999986|0.16376743807513466|0.15864631363023246|0.1444119080782594|0.1677823464128703
0.272|0.5839999999999999|0.015999999999999903|0.03200000000000003|0.19849122735756444|0.1884009688570703|0.17445073829896116|0.21797411822407883
0.32|0.5839999999999999|0.015999999999999903|0.016000000000000014|0.23491604623751197|0.2297758418693502|0.21797411822407883|0.23646307515314122
0.368|0.5839999999999999|0.015999999999999903|0.03199999999999997|0.2662472205913088|0.24010810819749703|0.23646307515314122|0.24982635821167598
0.272|0.5599999999999999|0.008000000000000007|0.03200000000000003|0.1884009688570703|0.18562615768289104|0.17268934371014502|0.18541579188243423
0.368|0.5599999999999999|0.008000000000000007|0.03199999999999997|0.24010810819749703|0.2303967271544753|0.235242780532276|0.235242780532276
0.272|0.536|0.016000000000000014|0.03200000000000003|0.18562615768289104|0.18985629715040714|0.1677823464128703|0.19755993598224528
0.32|0.536|0.016000000000000014|0.016000000000000014|0.20331645933146558|0.20330331679025618|0.19755993598224528|0.20910965149476252
0.368|0.536|0.016000000000000014|0.03199999999999997|0.2303967271544753|0.2168071835322777|0.20910965149476252|0.22069603582135638
0.03200000000000001|0.512|0.008000000000000007|0.03200000000000001|0.014358275185169633|0.01262474895377515|0.0|0.03317723306083015
0.08000000000000002|0.512|0.008000000000000007|0.016|0.04342984413583201|0.0427105117491922|0.03317723306083015|0.05081479963290626
0.12800000000000003|0.512|0.008000000000000007|0.032000000000000015|0.07108218829812837|0.06702133911778496|0.05081479963290626|0.06702337540033437
0.03200000000000001|0.5|0.0040000000000000036|0.03200000000000001|0.01262474895377515|0.012625248324764662|0.0|0.01188198782961371
0.12800000000000003|0.5|0.0040000000000000036|0.032000000000000015|0.06702133911778496|0.06702351908786072|0.06701843945390715|0.06701843945390715
0.03200000000000001|0.488|0.008000000000000007|0.03200000000000001|0.012625248324764662|0.014360306711987068|0.0|0.03318204716577897
0.08000000000000002|0.488|0.008000000000000007|0.016|0.042715783162038036|0.04343588974610692|0.03318204716577897|0.050821295112780655
0.12800000000000003|0.488|0.008000000000000007|0.032000000000000015|0.06702351908786072|0.07109307515726737|0.050821295112780655|0.06702806436879294
0.272|0.512|0.008000000000000007|0.03200000000000003|0.18985629715040714|0.19175503930099955|0.19175635591084483|0.19944993404375924
0.32|0.512|0.008000000000000007|0.016000000000000014|0.20330331679025618|0.20328959606075203|0.19944993404375924|0.20714974899928051
0.368|0.512|0.008000000000000007|0.03199999999999997|0.2168071835322777|0.2148534752857925|0.20714974899928051|0.21485559000381965
0.272|0.5|0.0040000000000000036|0.03200000000000003|0.19175503930099955|0.19175960367761555|0.1917473617075221|0.1917473617075221
0.368|0.5|0.0040000000000000036|0.03199999999999997|0.2148534752857925|0.21486239129790746|0.21484998995355267|0.21484998995355267
0.272|0.488|0.008000000000000007|0.03200000000000003|0.19175960367761555|0.18987763983879133|0.19177007024352966|0.19946460970587201
0.32|0.488|0.008000000000000007|0.016000000000000014|0.20331187943704318|0.20332304562393808|0.19946460970587201|0.2071654456535131
0.368|0.488|0.008000000000000007|0.03199999999999997|0.21486239129790746|0.21683122252947468|0.2071654456535131|0.21487257808645288
0.03200000000000001|0.46399999999999997|0.01599999999999996|0.03200000000000001|0.014360306711987068|0.012776240671118945|0.0|0.03486785564284746
0.08000000000000002|0.46399999999999997|0.01599999999999996|0.016|0.04343588974610692|0.0448724661488156|0.03486785564284746|0.05632226442391987
0.12800000000000003|0.46399999999999997|0.01599999999999996|0.032000000000000015|0.07109307515726737|0.0865370331129819|0.05632226442391987|0.10374618615195798
0.03200000000000001|0.44|0.008000000000000007|0.03200000000000001|0.012776240671118945|0.013630680603576348|0.0|0.01173576783115247
0.12800000000000003|0.44|0.008000000000000007|0.032000000000000015|0.0865370331129819|0.09004088208643753|0.09019362025108556|0.10546449650523934
0.03200000000000001|0.41600000000000004|0.016000000000000014|0.03200000000000001|0.013630680603576348|0.017713952049394865|0.0|0.04183262435103871
0.08000000000000002|0.41600000000000004|0.016000000000000014|0.016|0.054038988029447954|0.054352317160031964|0.04183262435103871|0.06593863907482393
0.12800000000000003|0.41600000000000004|0.016000000000000014|0.032000000000000015|0.09004088208643753|0.09069474398394589|0.06593863907482393|0.11102170047651541
0.17600000000000002|0.46399999999999997|0.01599999999999996|0.015999999999999986|0.11600958180259756|0.1140700272215519|0.10374618615195798|0.13022993259332774
0.2|0.46399999999999997|0.01599999999999996|0.008000000000000007|0.13733867669345606|0.13733867669345606|0.13022993259332774|0.1444574006674124
0.224|0.46399999999999997|0.01599999999999996|0.015999999999999986|0.15869484861532498|0.16382113723296662|0.1444574006674124|0.16782440943997043
0.17600000000000002|0.44|0.008000000000000007|0.015999999999999986|0.1140700272215519|0.1159529065141974|0.10546449650523934|0.1130988186357923
0.224|0.44|0.008000000000000007|0.015999999999999986|0.16382113723296662|0.1657730053557498|0.1663824402891219|0.17274582476190042
0.17600000000000002|0.41600000000000004|0.016000000000000014|0.015999999999999986|0.1159529065141974|0.12308517601663697|0.11102170047651541|0.13660354016419335
0.2|0.41600000000000004|0.016000000000000014|0.008000000000000007|0.14407340962908943|0.1453806290360917|0.13660354016419335|0.15090347610440955
0.224|0.41600000000000004|0.016000000000000014|0.015999999999999986|0.1657730053557498|0.16704758643991152|0.15090347610440955|0.17451583726140552
0.272|0.46399999999999997|0.01599999999999996|0.03200000000000003|0.18987763983879133|0.18567623950139206|0.16782440943997043|0.19759452907858333
0.32|0.46399999999999997|0.01599999999999996|0.016000000000000014|0.20332304562393808|0.20334537799772792|0.19759452907858333|0.20914630582270663
0.368|0.46399999999999997|0.01599999999999996|0.03199999999999997|0.21683122252947468|0.23046073594590402|0.20914630582270663|0.22073886132163115
0.272|0.44|0.008000000000000007|0.03200000000000003|0.18567623950139206|0.18846043259265888|0.17274582476190042|0.1854686612104629
0.368|0.44|0.008000000000000007|0.03199999999999997|0.23046073594590402|0.24018444975867342|0.2353152197575465|0.2353152197575465
0.272|0.41600000000000004|0.016000000000000014|0.03200000000000003|0.18846043259265888|0.19856479621134399|0.17451583726140552|0.21806158613815485
0.32|0.41600000000000004|0.016000000000000014|0.016000000000000014|0.2298707806802062|0.23501367223084116|0.21806158613815485|0.23655482370711328
0.368|0.41600000000000004|0.016000000000000014|0.03199999999999997|0.24018444975867342|0.26635645450423845|0.23655482370711328|0.24992290976092735
