500runs
0.0004999999999999996|0.09949999999999999|0.0005000000000000004|0.0004999999999999996|0.00032323301711210305|0.0002911461160350677|0.0|0.0006699902540357518
0.0049999999999999975|0.09949999999999999|0.0005000000000000004|0.003999999999999998|0.003462682083688018|0.003461008131439779|0.0006699902540357518|0.006256464846056801
0.009499999999999995|0.09949999999999999|0.0005000000000000004|0.0004999999999999987|0.006605569823830673|0.00663813995745252|0.006256464846056801|0.006925479559237107
0.0004999999999999996|0.095|0.00399999999999999|0.0004999999999999996|0.0002911461160350677|0.00022948848160820546|0.0|5.203811717947839e-05
0.009499999999999995|0.095|0.00399999999999999|0.0004999999999999987|0.00663813995745252|0.005786916029615491|0.006895469003213198|0.007070461768500662
0.0004999999999999996|0.09050000000000001|0.0005000000000000004|0.0004999999999999996|0.00022948848160820546|0.0002494123272174034|0.0|0.0005278517165732138
0.0049999999999999975|0.09050000000000001|0.0005000000000000004|0.003999999999999998|0.0027376445953527133|0.0026914747761541836|0.0005278517165732138|0.0053249355398532145
0.009499999999999995|0.09050000000000001|0.0005000000000000004|0.0004999999999999987|0.005786916029615491|0.005465015870005352|0.0053249355398532145|0.006020443651437483
0.013999999999999992|0.09949999999999999|0.0005000000000000004|0.003999999999999997|0.00951999417829519|0.009377701724535815|0.006925479559237107|0.012794339296969614
0.05|0.09949999999999999|0.0005000000000000004|0.03200000000000001|0.03919309588812238|0.03918590346880823|0.012794339296969614|0.06670190209815706
0.08600000000000002|0.09949999999999999|0.0005000000000000004|0.0040000000000000036|0.06998345916726775|0.07040054872296678|0.06670190209815706|0.07298616182135371
0.013999999999999992|0.095|0.00399999999999999|0.003999999999999997|0.009377701724535815|0.008937570390301994|0.007070461768500662|0.00845880683248364
0.08600000000000002|0.095|0.00399999999999999|0.0040000000000000036|0.07040054872296678|0.07288570353634587|0.07246866894450106|0.07419841900480095
0.013999999999999992|0.09050000000000001|0.0005000000000000004|0.003999999999999997|0.008937570390301994|0.008995524383249425|0.006020443651437483|0.012481666160852549
0.05|0.09050000000000001|0.0005000000000000004|0.03200000000000001|0.04034881649421931|0.04034881649421931|0.012481666160852549|0.06931536983515393
0.08600000000000002|0.09050000000000001|0.0005000000000000004|0.0040000000000000036|0.07288570353634587|0.07292314664017657|0.06931536983515393|0.07719493710676849
0.09050000000000001|0.09949999999999999|0.0005000000000000004|0.0005000000000000004|0.07320269485232898|0.07344948093487313|0.07298616182135371|0.07375524843432908
0.095|0.09949999999999999|0.0005000000000000004|0.00399999999999999|0.07701741613459635|0.07716654525744182|0.07375524843432908|0.08198289637929018
0.09949999999999999|0.09949999999999999|0.0005000000000000004|0.0005000000000000004|0.082118156767428|0.08299634597154794|0.08198289637929018|0.08330837238052925
0.09050000000000001|0.095|0.00399999999999999|0.0005000000000000004|0.07344948093487313|0.07734791981556151|0.07419841900480095|0.07441463776233842
0.09949999999999999|0.095|0.00399999999999999|0.0005000000000000004|0.08299634597154794|0.08712392099969057|0.08620347622929414|0.08651791092754006
0.09050000000000001|0.09050000000000001|0.0005000000000000004|0.0005000000000000004|0.07734791981556151|0.07809668682959729|0.07719493710676849|0.07830745150967712
0.095|0.09050000000000001|0.0005000000000000004|0.00399999999999999|0.0829381024241807|0.08307734518580748|0.07830745150967712|0.08675410480092667
0.09949999999999999|0.09050000000000001|0.0005000000000000004|0.0005000000000000004|0.08712392099969057|0.08735561129205688|0.08675410480092667|0.08772635824426639
0.0004999999999999996|0.08600000000000002|0.0040000000000000036|0.0004999999999999996|0.0002494123272174034|0.00020640251856441199|0.0|0.0004636678167293572
0.0049999999999999975|0.08600000000000002|0.0040000000000000036|0.003999999999999998|0.0026914747761541836|0.0023221162225659435|0.0004636678167293572|0.0038126475932416287
0.009499999999999995|0.08600000000000002|0.0040000000000000036|0.0004999999999999987|0.005465015870005352|0.004033284392356627|0.0038126475932416287|0.003998367566721951
0.0004999999999999996|0.05|0.03200000000000001|0.0004999999999999996|0.00020640251856441199|0.00023777591113127578|0.0|6.728539081436103e-06
0.009499999999999995|0.05|0.03200000000000001|0.0004999999999999987|0.004033284392356627|0.004558431983038004|0.004308040790287401|0.004308040790287401
0.0004999999999999996|0.013999999999999992|0.003999999999999997|0.0004999999999999996|0.00023777591113127578|0.00028854636394114717|0.0|0.000534230568429511
0.0049999999999999975|0.013999999999999992|0.003999999999999997|0.003999999999999998|0.002674820454765554|0.003114318247879749|0.000534230568429511|0.004377006364292514
0.009499999999999995|0.013999999999999992|0.003999999999999997|0.0004999999999999987|0.004558431983038004|0.006328376477421689|0.004377006364292514|0.0045894328197069465
0.09050000000000001|0.08600000000000002|0.0040000000000000036|0.0005000000000000004|0.07809668682959729|0.08151318557944648|0.08105193650823003|0.08139122774516894
0.095|0.08600000000000002|0.0040000000000000036|0.00399999999999999|0.08307734518580748|0.08410555764068008|0.08139122774516894|0.08788939711484911
0.09949999999999999|0.08600000000000002|0.0040000000000000036|0.0005000000000000004|0.08735561129205688|0.08913493517828329|0.08788939711484911|0.0888908021007858
0.09050000000000001|0.05|0.03200000000000001|0.0005000000000000004|0.08151318557944648|0.09114276514144956|0.08518583024744535|0.08518583024744535
0.09949999999999999|0.05|0.03200000000000001|0.0005000000000000004|0.08913493517828329|0.09857054746804292|0.09524235701358615|0.0953063710127973
0.09050000000000001|0.013999999999999992|0.003999999999999997|0.0005000000000000004|0.09114276514144956|0.09005048638850047|0.0918852135154835|0.09226132399931115
0.095|0.013999999999999992|0.003999999999999997|0.00399999999999999|0.09512787948613823|0.09466152056014993|0.09226132399931115|0.09855939589965934
0.09949999999999999|0.013999999999999992|0.003999999999999997|0.0005000000000000004|0.09857054746804292|0.0991108700074225|0.09855939589965934|0.09947592617251542
0.0004999999999999996|0.009499999999999995|0.0004999999999999987|0.0004999999999999996|0.00028854636394114717|0.00026558999656699933|0.0|0.0006110370429010896
0.0049999999999999975|0.009499999999999995|0.0004999999999999987|0.003999999999999998|0.003114318247879749|0.0031689958293349783|0.0006110370429010896|0.006171115412983483
0.009499999999999995|0.009499999999999995|0.0004999999999999987|0.0004999999999999987|0.006328376477421689|0.00670651612945352|0.006171115412983483|0.006980827573998237
0.0004999999999999996|0.0049999999999999975|0.003999999999999998|0.0004999999999999996|0.00026558999656699933|0.0003349936874073707|0.0|6.004469067154529e-05
0.009499999999999995|0.0049999999999999975|0.003999999999999998|0.0004999999999999987|0.00670651612945352|0.007684060728296089|0.007992689687993432|0.008194767414614819
0.0004999999999999996|0.0004999999999999996|0.0004999999999999996|0.0004999999999999996|0.0003349936874073707|0.0003693297789979077|0.0|0.0007731522820163054
0.0049999999999999975|0.0004999999999999996|0.0004999999999999996|0.003999999999999998|0.004003732306163489|0.004003732306163489|0.0007731522820163054|0.007241586228643917
0.009499999999999995|0.0004999999999999996|0.0004999999999999996|0.0004999999999999987|0.007684060728296089|0.007645482108333921|0.007241586228643917|0.008015570846056953
0.013999999999999992|0.009499999999999995|0.0004999999999999987|0.003999999999999997|0.010456405278467761|0.010384002856698752|0.006980827573998237|0.014536478360603136
0.05|0.009499999999999995|0.0004999999999999987|0.03200000000000001|0.04717706301768611|0.04717706301768611|0.014536478360603136|0.08112814642386122
0.08600000000000002|0.009499999999999995|0.0004999999999999987|0.0040000000000000036|0.08535488881684958|0.08542782024097187|0.08112814642386122|0.0893231139918217
0.013999999999999992|0.0049999999999999975|0.003999999999999998|0.003999999999999997|0.010384002856698752|0.010839047110693611|0.008194767414614819|0.0098035633131408
0.08600000000000002|0.0049999999999999975|0.003999999999999998|0.0040000000000000036|0.08542782024097187|0.08491064793699585|0.08601127163395027|0.08780043232821183
0.013999999999999992|0.0004999999999999996|0.0004999999999999996|0.003999999999999997|0.010839047110693611|0.010968482585387712|0.008015570846056953|0.014986728825157948
0.05|0.0004999999999999996|0.0004999999999999996|0.03200000000000001|0.04712090589621261|0.04712090589621261|0.014986728825157948|0.08058755246020935
0.08600000000000002|0.0004999999999999996|0.0004999999999999996|0.0040000000000000036|0.08491064793699585|0.08475335764744124|0.08058755246020935|0.08815072853155384
0.09050000000000001|0.009499999999999995|0.0004999999999999987|0.0005000000000000004|0.09005048638850047|0.08961944753670807|0.0893231139918217|0.09035051095860532
0.095|0.009499999999999995|0.0004999999999999987|0.00399999999999999|0.09466152056014993|0.09458683842257387|0.09035051095860532|0.09862201080161404
0.09949999999999999|0.009499999999999995|0.0004999999999999987|0.0005000000000000004|0.0991108700074225|0.09922359085655735|0.09862201080161404|0.09959704466465688
0.09050000000000001|0.0049999999999999975|0.003999999999999998|0.0005000000000000004|0.08961944753670807|0.08851195158045583|0.08780043232821183|0.0880218907208269
0.09949999999999999|0.0049999999999999975|0.003999999999999998|0.0005000000000000004|0.09922359085655735|0.09898329358274435|0.09998916950441168|0.1002521025734511
0.09050000000000001|0.0004999999999999996|0.0004999999999999996|0.0005000000000000004|0.08851195158045583|0.08855567672381877|0.08815072853155384|0.08912688006324439
0.095|0.0004999999999999996|0.0004999999999999996|0.00399999999999999|0.09355624706592391|0.09355624706592391|0.08912688006324439|0.09826720337706213
0.09949999999999999|0.0004999999999999996|0.0004999999999999996|0.0005000000000000004|0.09898329358274435|0.0988560729159544|0.09826720337706213|0.09936878488711556
0.10399999999999998|0.09949999999999999|0.0005000000000000004|0.0040000000000000036|0.08901457991935523|0.08900870627260747|0.08330837238052925|0.09487306714820898
0.13999999999999996|0.09949999999999999|0.0005000000000000004|0.03199999999999999|0.1417382602102451|0.1417382602102451|0.09487306714820898|0.18341088641549827
0.17599999999999993|0.09949999999999999|0.0005000000000000004|0.0040000000000000036|0.1886199646911549|0.188636800014575|0.18341088641549827|0.1922524999314976
0.10399999999999998|0.095|0.00399999999999999|0.0040000000000000036|0.08900870627260747|0.0913956230543537|0.08651791092754006|0.08896171709862542
0.17599999999999993|0.095|0.00399999999999999|0.0040000000000000036|0.188636800014575|0.18509772007056247|0.1887714826019357|0.1921022266960951
0.10399999999999998|0.09050000000000001|0.0005000000000000004|0.00399999999999999|0.0913956230543537|0.0918493332847002|0.08772635824426639|0.09697968354872502
0.13999999999999996|0.09050000000000001|0.0005000000000000004|0.03199999999999999|0.13922435498647925|0.13917651407735887|0.09697968354872502|0.17960134785242168
0.17599999999999993|0.09050000000000001|0.0005000000000000004|0.0040000000000000036|0.18509772007056247|0.18422979834554082|0.17960134785242168|0.18868308056014954
0.2119999999999999|0.09949999999999999|0.0005000000000000004|0.03199999999999997|0.22140882125350933|0.22118410785499573|0.1922524999314976|0.25229431323382284
0.5|0.09949999999999999|0.0005000000000000004|0.25600000000000006|0.5001465642704945|0.5001465642704945|0.25229431323382284|0.7482400866722451
0.788|0.09949999999999999|0.0005000000000000004|0.03200000000000003|0.779251776972464|0.7795703465328672|0.7482400866722451|0.8084542157264623
0.2119999999999999|0.095|0.00399999999999999|0.03199999999999997|0.22118410785499573|0.2206895376858003|0.1921022266960951|0.21938640066688686
0.788|0.095|0.00399999999999999|0.03200000000000003|0.7795703465328672|0.7799550633150752|0.781261324755278|0.8085434493713696
0.2119999999999999|0.09050000000000001|0.0005000000000000004|0.03199999999999997|0.2206895376858003|0.22095994935602978|0.18868308056014954|0.25191027696990126
0.5|0.09050000000000001|0.0005000000000000004|0.25600000000000006|0.5002778192734255|0.5002778192734255|0.25191027696990126|0.7486397261659042
0.788|0.09050000000000001|0.0005000000000000004|0.03200000000000003|0.7799550633150752|0.779684964527464|0.7486397261659042|0.8119488199620352
0.8240000000000001|0.09949999999999999|0.0005000000000000004|0.0040000000000000036|0.8120925978777037|0.8120758535812752|0.8084542157264623|0.8172929658220252
0.8600000000000001|0.09949999999999999|0.0005000000000000004|0.03200000000000003|0.8588959093765965|0.8588959093765965|0.8172929658220252|0.9056293604053729
0.8960000000000001|0.09949999999999999|0.0005000000000000004|0.0040000000000000036|0.911476579245339|0.911476401777416|0.9056293604053729|0.9171708240612597
0.8240000000000001|0.095|0.00399999999999999|0.0040000000000000036|0.8120758535812752|0.815522368219072|0.8085434493713696|0.811862738482953
0.8960000000000001|0.095|0.00399999999999999|0.0040000000000000036|0.911476401777416|0.9090914797781036|0.9115255800873814|0.9139698615122862
0.8240000000000001|0.09050000000000001|0.0005000000000000004|0.0040000000000000036|0.815522368219072|0.8164605351548947|0.8119488199620352|0.8210144146056283
0.8600000000000001|0.09050000000000001|0.0005000000000000004|0.03200000000000003|0.8613328277768164|0.8614183445815283|0.8210144146056283|0.9035186727338227
0.8960000000000001|0.09050000000000001|0.0005000000000000004|0.0040000000000000036|0.9090914797781036|0.9086352875749965|0.9035186727338227|0.912751182552861
0.10399999999999998|0.08600000000000002|0.0040000000000000036|0.0040000000000000036|0.0918493332847002|0.09336329468079875|0.0888908021007858|0.09812956190772956
0.13999999999999996|0.08600000000000002|0.0040000000000000036|0.03199999999999999|0.13917651407735887|0.13879378680439564|0.09812956190772956|0.17565425994948233
0.17599999999999993|0.08600000000000002|0.0040000000000000036|0.0040000000000000036|0.18422979834554082|0.180623798333649|0.17565425994948233|0.18026648790722727
0.10399999999999998|0.05|0.03200000000000001|0.0040000000000000036|0.09336329468079875|0.10255043475770184|0.0953063710127973|0.09581848300648665
0.17599999999999993|0.05|0.03200000000000001|0.0040000000000000036|0.180623798333649|0.18503762302089136|0.18355482802158327|0.18355482802158327
0.10399999999999998|0.013999999999999992|0.003999999999999997|0.00399999999999999|0.10255043475770184|0.10337267903875562|0.09947592617251542|0.10819397623104543
0.13999999999999996|0.013999999999999992|0.003999999999999997|0.03199999999999999|0.14665287000762214|0.14706566067499055|0.10819397623104543|0.18094546616118015
0.17599999999999993|0.013999999999999992|0.003999999999999997|0.0040000000000000036|0.18503762302089136|0.18950957366871563|0.18094546616118015|0.18530105384760903
0.8240000000000001|0.08600000000000002|0.0040000000000000036|0.0040000000000000036|0.8164605351548947|0.8199972955357461|0.8203130190572743|0.8249873089756575
0.8600000000000001|0.08600000000000002|0.0040000000000000036|0.03200000000000003|0.8614183445815283|0.8618025677229163|0.8249873089756575|0.9023553586243347
0.8960000000000001|0.08600000000000002|0.0040000000000000036|0.0040000000000000036|0.9086352875749965|0.907094949560946|0.9023553586243347|0.9115768835649665
0.8240000000000001|0.05|0.03200000000000001|0.0040000000000000036|0.8199972955357461|0.8150876721230768|0.8168200712186091|0.8168200712186091
0.8960000000000001|0.05|0.03200000000000001|0.0040000000000000036|0.907094949560946|0.8976216761092042|0.9044957439731821|0.9050090452968406
0.8240000000000001|0.013999999999999992|0.003999999999999997|0.0040000000000000036|0.8150876721230768|0.8105519548179195|0.8147927281682898|0.8191509941322531
0.8600000000000001|0.013999999999999992|0.003999999999999997|0.03200000000000003|0.8534288417607742|0.852981456877533|0.8191509941322531|0.8919512984284396
0.8960000000000001|0.013999999999999992|0.003999999999999997|0.0040000000000000036|0.8976216761092042|0.8967679317217053|0.8919512984284396|0.9006791627759019
0.10400000000000001|0.009499999999999995|0.0004999999999999987|0.0040000000000000036|0.10337267903875562|0.10324081971901082|0.09959704466465688|0.10823163959424874
0.13999999999999996|0.009499999999999995|0.0004999999999999987|0.03199999999999997|0.14706566067499055|0.1471551230992253|0.10823163959424874|0.18520304198813836
0.1759999999999999|0.009499999999999995|0.0004999999999999987|0.003999999999999976|0.18950957366871563|0.19050054873294955|0.18520304198813836|0.1939118610687255
0.10400000000000001|0.0049999999999999975|0.003999999999999998|0.0040000000000000036|0.10324081971901082|0.10334509914446677|0.1002521025734511|0.1022604518245479
0.1759999999999999|0.0049999999999999975|0.003999999999999998|0.003999999999999976|0.19050054873294955|0.19432988546755206|0.19421982942571472|0.19752835821301196
0.10400000000000001|0.0004999999999999996|0.0004999999999999996|0.004000000000000017|0.10334509914446677|0.10347048065640495|0.09936878488711556|0.10881340777672284
0.13999999999999996|0.0004999999999999996|0.0004999999999999996|0.03199999999999997|0.15152022896004202|0.15152022896004202|0.10881340777672284|0.18958157215822008
0.1759999999999999|0.0004999999999999996|0.0004999999999999996|0.003999999999999976|0.19432988546755206|0.194419151960032|0.18958157215822008|0.1978594791303401
0.2119999999999999|0.009499999999999995|0.0004999999999999987|0.03199999999999997|0.2255916883235806|0.22533364945998613|0.1939118610687255|0.2560791476075033
0.5|0.009499999999999995|0.0004999999999999987|0.25600000000000006|0.4999788218788847|0.4999788218788847|0.2560791476075033|0.7439678764998704
0.788|0.009499999999999995|0.0004999999999999987|0.03200000000000003|0.7743750163868385|0.7746345936862438|0.7439678764998704|0.8060712636154687
0.2119999999999999|0.0049999999999999975|0.003999999999999998|0.03199999999999997|0.22533364945998613|0.22576510751531614|0.19752835821301196|0.2240870157796636
0.788|0.0049999999999999975|0.003999999999999998|0.03200000000000003|0.7746345936862438|0.7742056486205635|0.7758882897903038|0.802559670896872
0.2119999999999999|0.0004999999999999996|0.0004999999999999996|0.032|0.22576510751531614|0.22607743051045956|0.1978594791303401|0.25642751409464326
0.5|0.0004999999999999996|0.0004999999999999996|0.25600000000000006|0.4999582477253334|0.4999582477253334|0.25642751409464326|0.743536644544898
0.788|0.0004999999999999996|0.0004999999999999996|0.03200000000000003|0.7742056486205635|0.7739839441473435|0.743536644544898|0.8021506394127551
0.8240000000000001|0.009499999999999995|0.0004999999999999987|0.0040000000000000036|0.8105519548179195|0.8095534933602971|0.8060712636154687|0.8147889332177903
0.8600000000000001|0.009499999999999995|0.0004999999999999987|0.03200000000000003|0.852981456877533|0.8529255337671278|0.8147889332177903|0.8919044316872643
0.8960000000000001|0.009499999999999995|0.0004999999999999987|0.0040000000000000036|0.8967679317217053|0.8968983975166854|0.8919044316872643|0.9005353808158515
0.8240000000000001|0.0049999999999999975|0.003999999999999998|0.0040000000000000036|0.8095534933602971|0.8056864872907936|0.802559670896872|0.8058065750496904
0.8960000000000001|0.0049999999999999975|0.003999999999999998|0.0040000000000000036|0.8968983975166854|0.8967889020117561|0.8978712262319181|0.8998761679117905
0.8240000000000001|0.0004999999999999996|0.0004999999999999996|0.0040000000000000036|0.8056864872907936|0.8055954753917189|0.8021506394127551|0.8104373363463697
0.8600000000000001|0.0004999999999999996|0.0004999999999999996|0.03200000000000003|0.8485642165498758|0.8485642165498758|0.8104373363463697|0.891310345380418
0.8960000000000001|0.0004999999999999996|0.0004999999999999996|0.0040000000000000036|0.8967889020117561|0.8966625093392684|0.891310345380418|0.9007552203872075
0.9005000000000001|0.09949999999999999|0.0005000000000000004|0.000500000000000056|0.9183686661592165|0.917491101357607|0.9171708240612597|0.9184933857026274
0.905|0.09949999999999999|0.0005000000000000004|0.0040000000000000036|0.923445227560451|0.9232967430908844|0.9184933857026274|0.9266841851175794
0.9095|0.09949999999999999|0.0005000000000000004|0.0004999999999999449|0.9272364854556524|0.9269874945088665|0.9266841851175794|0.9274624624073495
0.9005000000000001|0.095|0.00399999999999999|0.000500000000000056|0.917491101357607|0.9133610677468893|0.9139698615122862|0.9142761839856995
0.9095|0.095|0.00399999999999999|0.0004999999999999449|0.9269874945088665|0.9230800474309732|0.9260279648887614|0.9262297745476892
0.9005000000000001|0.09050000000000001|0.0005000000000000004|0.0004999999999999449|0.9133610677468893|0.9131197787692583|0.912751182552861|0.9137125031768274
0.905|0.09050000000000001|0.0005000000000000004|0.0040000000000000036|0.9175170080593357|0.9173774615208502|0.9137125031768274|0.9221346660048274
0.9095|0.09050000000000001|0.0005000000000000004|0.0004999999999999449|0.9230800474309732|0.922355828313565|0.9221346660048274|0.9232440277213099
0.914|0.09949999999999999|0.0005000000000000004|0.0040000000000000036|0.9304456425732051|0.9300295177355539|0.9274624624073495|0.933707975235173
0.95|0.09949999999999999|0.0005000000000000004|0.03199999999999992|0.9610501657685955|0.961057411085883|0.933707975235173|0.9872875359785586
0.9859999999999999|0.09949999999999999|0.0005000000000000004|0.0040000000000000036|0.9905402342711163|0.9906831827348083|0.9872875359785586|0.9931184845693658
0.914|0.095|0.00399999999999999|0.0040000000000000036|0.9300295177355539|0.9275416168703836|0.9262297745476892|0.9279645760324622
0.9859999999999999|0.095|0.00399999999999999|0.0040000000000000036|0.9906831827348083|0.9911210468486452|0.9915955238790014|0.9929760036950273
0.914|0.09050000000000001|0.0005000000000000004|0.0040000000000000036|0.9275416168703836|0.9275035694848286|0.9232440277213099|0.931103546762676
0.95|0.09050000000000001|0.0005000000000000004|0.03199999999999992|0.9599033649854547|0.9599033649854547|0.931103546762676|0.9875996958604734
0.9859999999999999|0.09050000000000001|0.0005000000000000004|0.0040000000000000036|0.9911210468486452|0.9910617372198507|0.9875996958604734|0.9940188470376561
0.9904999999999999|0.09949999999999999|0.0005000000000000004|0.000500000000000056|0.9934364402698334|0.9934052893594967|0.9931184845693658|0.993784418162355
0.9949999999999999|0.09949999999999999|0.0005000000000000004|0.0040000000000000036|0.9965602644107346|0.9965613576255409|0.993784418162355|0.9993344623018097
0.9994999999999998|0.09949999999999999|0.0005000000000000004|0.0004999999999999449|0.9996789162749679|0.9997107885048651|0.9993344623018097|1.0
0.9904999999999999|0.095|0.00399999999999999|0.000500000000000056|0.9934052893594967|0.9942498498103285|0.9929760036950273|0.9931498099086764
0.9994999999999998|0.095|0.00399999999999999|0.0004999999999999449|0.9997107885048651|0.9997719839931613|0.9999482934530386|1.0
0.9904999999999999|0.09050000000000001|0.0005000000000000004|0.000500000000000056|0.9942498498103285|0.9945696056808406|0.9940188470376561|0.9947088852068547
0.9949999999999999|0.09050000000000001|0.0005000000000000004|0.0040000000000000036|0.997279882240769|0.9973253523895015|0.9947088852068547|0.9994754439847285
0.9994999999999998|0.09050000000000001|0.0005000000000000004|0.0004999999999999449|0.9997719839931613|0.9997521899536589|0.9994754439847285|1.0
0.9005000000000001|0.08600000000000002|0.0040000000000000036|0.000500000000000056|0.9131197787692583|0.9113150200726955|0.9115768835649665|0.912568893428391
0.905|0.08600000000000002|0.0040000000000000036|0.0040000000000000036|0.9173774615208502|0.9163584534986801|0.912568893428391|0.9190555700464831
0.9095|0.08600000000000002|0.0040000000000000036|0.0004999999999999449|0.922355828313565|0.9189168729590985|0.9190555700464831|0.9193940239235141
0.9005000000000001|0.05|0.03200000000000001|0.000500000000000056|0.9113150200726955|0.9016014584650983|0.9050090452968406|0.9050732079622981
0.9095|0.05|0.03200000000000001|0.0004999999999999449|0.9189168729590985|0.9090290980978513|0.9150996652437731|0.9150996652437731
0.9005000000000001|0.013999999999999992|0.003999999999999997|0.0004999999999999449|0.9016014584650983|0.9010339498493001|0.9006791627759019|0.9015955586414691
0.905|0.013999999999999992|0.003999999999999997|0.0040000000000000036|0.9050240364879735|0.9054845359719171|0.9015955586414691|0.9079095837916513
0.9095|0.013999999999999992|0.003999999999999997|0.0004999999999999449|0.9090290980978513|0.9101092963591781|0.9079095837916513|0.9082702772046111
0.9904999999999999|0.08600000000000002|0.0040000000000000036|0.000500000000000056|0.9945696056808406|0.9959915371369273|0.9960269594713717|0.9962120422510357
0.9949999999999999|0.08600000000000002|0.0040000000000000036|0.0040000000000000036|0.9973253523895015|0.9976930606514712|0.9962120422510357|0.9995392886402855
0.9994999999999998|0.08600000000000002|0.0040000000000000036|0.0004999999999999449|0.9997521899536589|0.9997949106132825|0.9995392886402855|1.0
0.9904999999999999|0.05|0.03200000000000001|0.000500000000000056|0.9959915371369273|0.9954559646339664|0.9957127287009689|0.9957127287009689
0.9994999999999998|0.05|0.03200000000000001|0.0004999999999999449|0.9997949106132825|0.9997629217148902|0.9999933022453216|1.0
0.9904999999999999|0.013999999999999992|0.003999999999999997|0.000500000000000056|0.9954559646339664|0.9936883251760252|0.9954238691255911|0.9956359898055639
0.9949999999999999|0.013999999999999992|0.003999999999999997|0.0040000000000000036|0.9973331688169403|0.9968949538147222|0.9956359898055639|0.9994673698911055
0.9994999999999998|0.013999999999999992|0.003999999999999997|0.0004999999999999449|0.9997629217148902|0.9997123369578172|0.9994673698911055|1.0
0.9005000000000001|0.009499999999999995|0.0004999999999999987|0.000500000000000056|0.9010339498493001|0.9009183096497658|0.9005353808158515|0.9015094987590833
0.905|0.009499999999999995|0.0004999999999999987|0.0040000000000000036|0.9054845359719171|0.9055584210347509|0.9015094987590833|0.9097914653807484
0.9095|0.009499999999999995|0.0004999999999999987|0.0004999999999999449|0.9101092963591781|0.9105218972726388|0.9097914653807484|0.910833645013119
0.9005000000000001|0.0049999999999999975|0.003999999999999998|0.000500000000000056|0.9009183096497658|0.9011412629027155|0.8998761679117905|0.9001397672110314
0.9095|0.0049999999999999975|0.003999999999999998|0.0004999999999999449|0.9105218972726388|0.9116286807252472|0.9121353251052463|0.9123564756453751
0.9005000000000001|0.0004999999999999996|0.0004999999999999996|0.0004999999999999449|0.9011412629027155|0.9012806284786109|0.9007552203872075|0.9018696872763632
0.905|0.0004999999999999996|0.0004999999999999996|0.0040000000000000036|0.9065821576583832|0.9065821576583832|0.9018696872763632|0.9110136157491363
0.9095|0.0004999999999999996|0.0004999999999999996|0.0004999999999999449|0.9116286807252472|0.9115850726930662|0.9110136157491363|0.9119904469178874
0.914|0.009499999999999995|0.0004999999999999987|0.0040000000000000036|0.9147894150900792|0.9147156667430043|0.910833645013119|0.9190101404252907
0.95|0.009499999999999995|0.0004999999999999987|0.03199999999999992|0.9529232884540754|0.9529232884540754|0.9190101404252907|0.9854964263078806
0.9859999999999999|0.009499999999999995|0.0004999999999999987|0.0040000000000000036|0.9895707926586401|0.9896430403893877|0.9854964263078806|0.9930378218221367
0.914|0.0049999999999999975|0.003999999999999998|0.0040000000000000036|0.9147156667430043|0.9152349761537283|0.9123564756453751|0.9141256799664054
0.9859999999999999|0.0049999999999999975|0.003999999999999998|0.0040000000000000036|0.9896430403893877|0.9891872078978389|0.9902210222353691|0.9918277041631871
0.914|0.0004999999999999996|0.0004999999999999996|0.0040000000000000036|0.9152349761537283|0.9153736381771437|0.9119904469178874|0.9195511460729382
0.95|0.0004999999999999996|0.0004999999999999996|0.03199999999999992|0.9529712092392925|0.9529712092392925|0.9195511460729382|0.9850483397871639
0.9859999999999999|0.0004999999999999996|0.0004999999999999996|0.0040000000000000036|0.9891872078978389|0.989059508890797|0.9850483397871639|0.9920070848414355
0.9904999999999999|0.009499999999999995|0.0004999999999999987|0.000500000000000056|0.9936883251760252|0.9933116717712345|0.9930378218221367|0.9938456615024758
0.9949999999999999|0.009499999999999995|0.0004999999999999987|0.0040000000000000036|0.9968949538147222|0.9968401769394448|0.9938456615024758|0.9993907849482692
0.9994999999999998|0.009499999999999995|0.0004999999999999987|0.0004999999999999449|0.9997123369578172|0.9997352239165687|0.9993907849482692|1.0
0.9904999999999999|0.0049999999999999975|0.003999999999999998|0.000500000000000056|0.9933116717712345|0.9923362336258257|0.9918277041631871|0.9920285394041647
0.9994999999999998|0.0049999999999999975|0.003999999999999998|0.0004999999999999449|0.9997352239165687|0.999665958023909|0.9999401328351502|1.0
0.9904999999999999|0.0004999999999999996|0.0004999999999999996|0.000500000000000056|0.9923362336258257|0.9923755318352656|0.9920070848414355|0.9927783041472756
0.9949999999999999|0.0004999999999999996|0.0004999999999999996|0.0040000000000000036|0.9960071740972137|0.9960071740972137|0.9927783041472756|0.9992288885302802
0.9994999999999998|0.0004999999999999996|0.0004999999999999996|0.0004999999999999449|0.999665958023909|0.9996316868201301|0.9992288885302802|1.0
0.9005000000000001|0.8960000000000001|0.0040000000000000036|0.000500000000000056|0.9183116619995105|0.9235356482015318|0.9221256592385265|0.9223991417203222
0.905|0.8960000000000001|0.0040000000000000036|0.0040000000000000036|0.9233973500318804|0.9245870015746894|0.9223991417203222|0.927915914764588
0.9095|0.8960000000000001|0.0040000000000000036|0.0004999999999999449|0.9272088441386971|0.9295879913026289|0.927915914764588|0.9287154020286967
0.9005000000000001|0.8600000000000001|0.03200000000000003|0.000500000000000056|0.9235356482015318|0.9446956192790528|0.9349187206278046|0.9349187206278046
0.9095|0.8600000000000001|0.03200000000000003|0.0004999999999999449|0.9295879913026289|0.9467689708079237|0.9396478204856581|0.93965662751629
0.9005000000000001|0.8240000000000001|0.0040000000000000036|0.000500000000000056|0.9446956192790528|0.9461181863038154|0.9459291241372013|0.9460251414341094
0.905|0.8240000000000001|0.0040000000000000036|0.0040000000000000036|0.946872230909605|0.9469709822612908|0.9460251414341094|0.9475719504232745
0.9095|0.8240000000000001|0.0040000000000000036|0.0004999999999999449|0.9467689708079237|0.9476874300115952|0.9475719504232745|0.9478355479658798
0.914|0.8960000000000001|0.0040000000000000036|0.0040000000000000036|0.930421701309181|0.9325836895799612|0.9287154020286967|0.9349302768342945
0.95|0.8960000000000001|0.0040000000000000036|0.03199999999999992|0.9610395683166796|0.9610458081905398|0.9349302768342945|0.9870666883758265
0.9859999999999999|0.8960000000000001|0.0040000000000000036|0.0040000000000000036|0.9905350153376663|0.9905829535573798|0.9870666883758265|0.9930801772211025
0.914|0.8600000000000001|0.03200000000000003|0.0040000000000000036|0.9325836895799612|0.9481794453733714|0.93965662751629|0.9398241243101336
0.9859999999999999|0.8600000000000001|0.03200000000000003|0.0040000000000000036|0.9905829535573798|0.9924746128510809|0.9927071021141615|0.9929989201678874
0.914|0.8240000000000001|0.0040000000000000036|0.0040000000000000036|0.9481794453733714|0.9492348848386648|0.9478355479658798|0.9516326698862841
0.95|0.8240000000000001|0.0040000000000000036|0.03199999999999992|0.9708966234090401|0.9708966234090401|0.9516326698862841|0.9900518098658364
0.9859999999999999|0.8240000000000001|0.0040000000000000036|0.0040000000000000036|0.9924746128510809|0.9924468880430718|0.9900518098658364|0.9948075720873946
0.9904999999999999|0.8960000000000001|0.0040000000000000036|0.000500000000000056|0.9934329046869111|0.993383262404928|0.9930801772211025|0.9937737739886144
0.9949999999999999|0.8960000000000001|0.0040000000000000036|0.0040000000000000036|0.9965581374320657|0.9965500016777803|0.9937737739886144|0.9993155420708906
0.9994999999999998|0.8960000000000001|0.0040000000000000036|0.0004999999999999449|0.9996786996556645|0.9996980050168056|0.9993155420708906|1.0
0.9904999999999999|0.8600000000000001|0.03200000000000003|0.000500000000000056|0.993383262404928|0.9948737107632991|0.9929989201678874|0.9930365354089074
0.9994999999999998|0.8600000000000001|0.03200000000000003|0.0004999999999999449|0.9996980050168056|0.9997848777699627|0.9999921681910172|1.0
0.9904999999999999|0.8240000000000001|0.0040000000000000036|0.000500000000000056|0.9948737107632991|0.9955133433001115|0.9948075720873946|0.99537412866368
0.9949999999999999|0.8240000000000001|0.0040000000000000036|0.0040000000000000036|0.9975391585280311|0.9977293409576885|0.99537412866368|0.9995123212955995
0.9994999999999998|0.8240000000000001|0.0040000000000000036|0.0004999999999999449|0.9997848777699627|0.9997772113584253|0.9995123212955995|1.0
0.9005000000000001|0.788|0.03200000000000003|0.000500000000000056|0.9461181863038154|0.9478327807090811|0.9477096347369591|0.9477153412189389
0.905|0.788|0.03200000000000003|0.0040000000000000036|0.9469709822612908|0.9477695290131084|0.9477153412189389|0.9478861754528451
0.9095|0.788|0.03200000000000003|0.0004999999999999449|0.9476874300115952|0.948016723036609|0.9478861754528451|0.9479102851196305
0.9005000000000001|0.5|0.25600000000000006|0.000500000000000056|0.9478327807090811|0.9477911311959374|0.9488179484860564|0.9488179484860564
0.9095|0.5|0.25600000000000006|0.0004999999999999449|0.948016723036609|0.9479759368927558|0.9489359213286525|0.9489359213286525
0.9005000000000001|0.2119999999999999|0.03199999999999997|0.000500000000000056|0.9477911311959374|0.9460733330765962|0.9476627790346724|0.9476685324890138
0.905|0.2119999999999999|0.03199999999999997|0.0040000000000000036|0.9477229442051023|0.9469358377542747|0.9476685324890138|0.9478485479032013
0.9095|0.2119999999999999|0.03199999999999997|0.0004999999999999449|0.9479759368927558|0.9476601135379534|0.9478485479032013|0.9478642483654637
0.9904999999999999|0.788|0.03200000000000003|0.000500000000000056|0.9955133433001115|0.9987848253047752|0.9987922749075252|0.9988430580491409
0.9949999999999999|0.788|0.03200000000000003|0.0040000000000000036|0.9977293409576885|0.99925091729061|0.9988430580491409|0.9998484850937402
0.9994999999999998|0.788|0.03200000000000003|0.0004999999999999449|0.9997772113584253|0.9999316869793664|0.9998484850937402|1.0
0.9904999999999999|0.5|0.25600000000000006|0.000500000000000056|0.9987848253047752|0.9987848761732807|0.9987265918326469|0.9987265918326469
0.9994999999999998|0.5|0.25600000000000006|0.0004999999999999449|0.9999316869793664|0.9999316806444442|0.9999997342612447|1.0
0.9904999999999999|0.2119999999999999|0.03199999999999997|0.000500000000000056|0.9987848761732807|0.9955138654405252|0.9987923351350094|0.9988431142197997
0.9949999999999999|0.2119999999999999|0.03199999999999997|0.0040000000000000036|0.9992508481143262|0.997729596887569|0.9988431142197997|0.9998484710725642
0.9994999999999998|0.2119999999999999|0.03199999999999997|0.0004999999999999449|0.9999316806444442|0.9997772382706613|0.9998484710725642|1.0
0.9005000000000001|0.17599999999999993|0.0040000000000000036|0.000500000000000056|0.9460733330765962|0.9446564931564696|0.945885427998804|0.9459814902823532
0.905|0.17599999999999993|0.0040000000000000036|0.0040000000000000036|0.9469358377542747|0.9468374494479211|0.9459814902823532|0.947546948050137
0.9095|0.17599999999999993|0.0040000000000000036|0.0004999999999999449|0.9476601135379534|0.946746205509728|0.947546948050137|0.9478108657357981
0.9005000000000001|0.13999999999999996|0.03199999999999999|0.000500000000000056|0.9446564931564696|0.9235784677428033|0.9349149912486183|0.9349149912486183
0.9095|0.13999999999999996|0.03199999999999999|0.0004999999999999449|0.946746205509728|0.9296130536297157|0.9396427854861519|0.9396517393891272
0.9005000000000001|0.10399999999999998|0.0040000000000000036|0.000500000000000056|0.9235784677428033|0.9183686661592165|0.9221742672001864|0.9224474712131637
0.905|0.10399999999999998|0.0040000000000000036|0.0040000000000000036|0.9246331033169842|0.923445227560451|0.9224474712131637|0.927958112760241
0.9095|0.10399999999999998|0.0040000000000000036|0.0004999999999999449|0.9296130536297157|0.9272364854556524|0.927958112760241|0.9287314592457084
0.914|0.17599999999999993|0.0040000000000000036|0.0040000000000000036|0.9492221184156309|0.9481690211976913|0.9478108657357981|0.9516295749967248
0.95|0.17599999999999993|0.0040000000000000036|0.03199999999999992|0.9708946072613767|0.9708946072613767|0.9516295749967248|0.9900520578871069
0.9859999999999999|0.17599999999999993|0.0040000000000000036|0.0040000000000000036|0.992448745813217|0.9924767132385001|0.9900520578871069|0.9948090221825481
0.914|0.13999999999999996|0.03199999999999999|0.0040000000000000036|0.9481690211976913|0.9325989843170682|0.9396517393891272|0.9398313906079646
0.9859999999999999|0.13999999999999996|0.03199999999999999|0.0040000000000000036|0.9924767132385001|0.9905888308259706|0.9927111258080129|0.993001743640084
0.914|0.10399999999999998|0.0040000000000000036|0.0040000000000000036|0.9325989843170682|0.9304456425732051|0.9287314592457084|0.9349587504867974
0.95|0.10399999999999998|0.0040000000000000036|0.03199999999999992|0.9610654349101782|0.9610501657685955|0.9349587504867974|0.9870726429484336
0.9859999999999999|0.10399999999999998|0.0040000000000000036|0.0040000000000000036|0.9905888308259706|0.9905402342711163|0.9870726429484336|0.9930849777533174
0.9904999999999999|0.17599999999999993|0.0040000000000000036|0.000500000000000056|0.9955138654405252|0.9948745200297403|0.9948090221825481|0.9953746549237711
0.9949999999999999|0.17599999999999993|0.0040000000000000036|0.0040000000000000036|0.997729596887569|0.9975394404842243|0.9953746549237711|0.999512377647652
0.9994999999999998|0.17599999999999993|0.0040000000000000036|0.0004999999999999449|0.9997772382706613|0.9997849032449379|0.999512377647652|1.0
0.9904999999999999|0.13999999999999996|0.03199999999999999|0.000500000000000056|0.9948745200297403|0.9933855112620491|0.993001743640084|0.9930382264379443
0.9994999999999998|0.13999999999999996|0.03199999999999999|0.0004999999999999449|0.9997849032449379|0.9996981908812785|0.9999921708597962|1.0
0.9904999999999999|0.10399999999999998|0.0040000000000000036|0.000500000000000056|0.9933855112620491|0.9934364402698334|0.9930849777533174|0.993775877068087
0.9949999999999999|0.10399999999999998|0.0040000000000000036|0.0040000000000000036|0.9965521615577632|0.9965602644107346|0.993775877068087|0.9993158402576724
0.9994999999999998|0.10399999999999998|0.0040000000000000036|0.0004999999999999449|0.9996981908812785|0.9996789162749679|0.9993158402576724|1.0
0.9005000000000001|0.9994999999999998|0.0004999999999999449|0.000500000000000056|0.9012880903153514|0.9011484531423412|0.90077390269896|0.9018649085706792
0.905|0.9994999999999998|0.0004999999999999449|0.0040000000000000036|0.9065975549673682|0.9065975549673682|0.9018649085706792|0.9110341257069793
0.9095|0.9994999999999998|0.0004999999999999449|0.0004999999999999449|0.9116063422310241|0.9116503242308452|0.9110341257069793|0.9120112595710795
0.9005000000000001|0.9949999999999999|0.0040000000000000036|0.000500000000000056|0.9011484531423412|0.900932042570612|0.8998936574087267|0.9001456009664418
0.9095|0.9949999999999999|0.0040000000000000036|0.0004999999999999449|0.9116503242308452|0.9105622089686172|0.9121610581827311|0.9123826873139632
0.9005000000000001|0.9904999999999999|0.000500000000000056|0.0004999999999999449|0.900932042570612|0.9010473388173529|0.9005469679183847|0.901523063700745
0.905|0.9904999999999999|0.000500000000000056|0.0040000000000000036|0.9055756078008586|0.9055157248742552|0.901523063700745|0.9098304922595203
0.9095|0.9904999999999999|0.000500000000000056|0.0004999999999999449|0.9105622089686172|0.9101317970547133|0.9098304922595203|0.9108573558108631
0.914|0.9994999999999998|0.0004999999999999449|0.0040000000000000036|0.9153917597442719|0.915252463824071|0.9120112595710795|0.9195696610375698
0.95|0.9994999999999998|0.0004999999999999449|0.03199999999999992|0.9529928713839503|0.9529928713839503|0.9195696610375698|0.985059582148082
0.9859999999999999|0.9994999999999998|0.0004999999999999449|0.0040000000000000036|0.9890679209935982|0.9891970638478903|0.985059582148082|0.9920145204602528
0.914|0.9949999999999999|0.0040000000000000036|0.0040000000000000036|0.915252463824071|0.9147265381197789|0.9123826873139632|0.9141557203638208
0.9859999999999999|0.9949999999999999|0.0040000000000000036|0.0040000000000000036|0.9891970638478903|0.9896520746570813|0.9902315279798611|0.9918361666463409
0.914|0.9904999999999999|0.000500000000000056|0.0040000000000000036|0.9147265381197789|0.9148173797629452|0.9108573558108631|0.9190543895551008
0.95|0.9904999999999999|0.000500000000000056|0.03199999999999992|0.9529504678923449|0.9529504678923449|0.9190543895551008|0.9855087401468623
0.9859999999999999|0.9904999999999999|0.000500000000000056|0.0040000000000000036|0.9896520746570813|0.9895813049662076|0.9855087401468623|0.9930456794872942
0.9904999999999999|0.9994999999999998|0.0004999999999999449|0.000500000000000056|0.9923828453935848|0.9923444083100592|0.9920145204602528|0.9927860529873022
0.9949999999999999|0.9994999999999998|0.0004999999999999449|0.0040000000000000036|0.9960117137370412|0.9960117137370412|0.9927860529873022|0.9992298471899114
0.9994999999999998|0.9994999999999998|0.0004999999999999449|0.0004999999999999449|0.9996321138715201|0.9996663122281888|0.9992298471899114|1.0
0.9904999999999999|0.9949999999999999|0.0040000000000000036|0.000500000000000056|0.9923444083100592|0.9933186909859518|0.9918361666463409|0.9920369116418551
0.9994999999999998|0.9949999999999999|0.0040000000000000036|0.0004999999999999449|0.9996663122281888|0.999735524431673|0.9999401962074218|1.0
0.9904999999999999|0.9904999999999999|0.000500000000000056|0.000500000000000056|0.9933186909859518|0.993695626275946|0.9930456794872942|0.9938527792750079
0.9949999999999999|0.9904999999999999|0.000500000000000056|0.0040000000000000036|0.9968440032943051|0.9968984248712468|0.9938527792750079|0.9993915267468575
0.9994999999999998|0.9904999999999999|0.000500000000000056|0.0004999999999999449|0.999735524431673|0.9997126641480625|0.9993915267468575|1.0
0.9005000000000001|0.9859999999999999|0.0040000000000000036|0.000500000000000056|0.9010473388173529|0.9016115608405634|0.9006927077298783|0.9016114221064784
0.905|0.9859999999999999|0.0040000000000000036|0.0040000000000000036|0.9055157248742552|0.90503666146143|0.9016114221064784|0.9079261632358012
0.9095|0.9859999999999999|0.0040000000000000036|0.0004999999999999449|0.9101317970547133|0.9090424938625168|0.9079261632358012|0.9083035062381111
0.9005000000000001|0.95|0.03199999999999992|0.000500000000000056|0.9016115608405634|0.9112508104450612|0.9049737110343754|0.9050379100681942
0.9095|0.95|0.03199999999999992|0.0004999999999999449|0.9090424938625168|0.9188737858715483|0.9151010956517237|0.9151010956517237
0.9005000000000001|0.914|0.0040000000000000036|0.0004999999999999449|0.9112508104450612|0.9130430489685654|0.9115065225847845|0.9125003992163091
0.905|0.914|0.0040000000000000036|0.0040000000000000036|0.9162947230452964|0.9173161430927405|0.9125003992163091|0.9190064111375006
0.9095|0.914|0.0040000000000000036|0.0004999999999999449|0.9188737858715483|0.9223049275189847|0.9190064111375006|0.9193578438005444
0.9904999999999999|0.9859999999999999|0.0040000000000000036|0.000500000000000056|0.993695626275946|0.9954611538486408|0.9954297071218813|0.9956412008787516
0.9949999999999999|0.9859999999999999|0.0040000000000000036|0.0040000000000000036|0.9968984248712468|0.9973364012845453|0.9956412008787516|0.999467973105509
0.9994999999999998|0.9859999999999999|0.0040000000000000036|0.0004999999999999449|0.9997126641480625|0.9997632099403084|0.999467973105509|1.0
0.9904999999999999|0.95|0.03199999999999992|0.000500000000000056|0.9954611538486408|0.9959905041648929|0.9957155867365177|0.9957155867365177
0.9994999999999998|0.95|0.03199999999999992|0.0004999999999999449|0.9997632099403084|0.9997948474630165|0.999993305407526|1.0
0.9904999999999999|0.914|0.0040000000000000036|0.000500000000000056|0.9959905041648929|0.9945670121271257|0.9960248483575878|0.9962100455454429
0.9949999999999999|0.914|0.0040000000000000036|0.0040000000000000036|0.9976919759203982|0.997324766052386|0.9962100455454429|0.9995391441866687
0.9994999999999998|0.914|0.0040000000000000036|0.0004999999999999449|0.9997948474630165|0.9997520913973867|0.9995391441866687|1.0
0.9005000000000001|0.9095|0.0004999999999999449|0.000500000000000056|0.9130430489685654|0.9132932342912953|0.912673733279164|0.9136450169531193
0.905|0.9095|0.0004999999999999449|0.0040000000000000036|0.9173161430927405|0.9174560002509871|0.9136450169531193|0.9220949973080919
0.9095|0.9095|0.0004999999999999449|0.0004999999999999449|0.9223049275189847|0.9230419106168904|0.9220949973080919|0.923206254099828
0.9005000000000001|0.905|0.0040000000000000036|0.000500000000000056|0.9132932342912953|0.9174323728542333|0.9139055030525208|0.9142120569310306
0.9095|0.905|0.0040000000000000036|0.0004999999999999449|0.9230419106168904|0.9269473098183473|0.9259916603506553|0.9261939740817322
0.9005000000000001|0.9005000000000001|0.000500000000000056|0.0004999999999999449|0.9174323728542333|0.9183116619995105|0.9171204802864359|0.9184364380384552
0.905|0.9005000000000001|0.000500000000000056|0.0040000000000000036|0.9232486435890294|0.9233973500318804|0.9184364380384552|0.9266557984855074
0.9095|0.9005000000000001|0.000500000000000056|0.0004999999999999449|0.9269473098183473|0.9272088441386971|0.9266557984855074|0.92742210947946
0.914|0.9095|0.0004999999999999449|0.0040000000000000036|0.927470541568543|0.9275087219452329|0.923206254099828|0.9310596574231361
0.95|0.9095|0.0004999999999999449|0.03199999999999992|0.9598869418552534|0.9598869418552534|0.9310596574231361|0.9875944320958149
0.9859999999999999|0.9095|0.0004999999999999449|0.0040000000000000036|0.9910578683758849|0.9911172465017652|0.9875944320958149|0.9940159847241381
0.914|0.905|0.0040000000000000036|0.0040000000000000036|0.9275087219452329|0.9300040758931253|0.9261939740817322|0.9279200064941879
0.9859999999999999|0.905|0.0040000000000000036|0.0040000000000000036|0.9911172465017652|0.9906780985259667|0.991592271508808|0.9929733892622259
0.914|0.9005000000000001|0.000500000000000056|0.0040000000000000036|0.9300040758931253|0.930421701309181|0.92742210947946|0.9336839405418209
0.95|0.9005000000000001|0.000500000000000056|0.03199999999999992|0.961038788332447|0.9610395683166796|0.9336839405418209|0.9872818323759625
0.9859999999999999|0.9005000000000001|0.000500000000000056|0.0040000000000000036|0.9906780985259667|0.9905350153376663|0.9872818323759625|0.9931160364896631
0.9904999999999999|0.9095|0.0004999999999999449|0.000500000000000056|0.9945670121271257|0.9942480025691958|0.9940159847241381|0.9947072065511381
0.9949999999999999|0.9095|0.0004999999999999449|0.0040000000000000036|0.997324766052386|0.9972793068752679|0.9947072065511381|0.9994753298559121
0.9994999999999998|0.9095|0.0004999999999999449|0.0004999999999999449|0.9997520913973867|0.9997719303171776|0.9994753298559121|1.0
0.9904999999999999|0.905|0.0040000000000000036|0.000500000000000056|0.9942480025691958|0.9934017128010015|0.9929733892622259|0.9931460289814034
0.9994999999999998|0.905|0.0040000000000000036|0.0004999999999999449|0.9997719303171776|0.9997105992960268|0.9999482689702747|1.0
0.9904999999999999|0.9005000000000001|0.000500000000000056|0.000500000000000056|0.9934017128010015|0.9934329046869111|0.9931160364896631|0.9937810862870318
0.9949999999999999|0.9005000000000001|0.000500000000000056|0.0040000000000000036|0.9965597826785839|0.9965581374320657|0.9937810862870318|0.9993340310105909
0.9994999999999998|0.9005000000000001|0.000500000000000056|0.0004999999999999449|0.9997105992960268|0.9996786996556645|0.9993340310105909|1.0
0.10399999999999998|0.9994999999999998|0.0004999999999999449|0.0040000000000000036|0.10339269164250574|0.10326719947784603|0.09928156987857395|0.10874342562202599
0.13999999999999996|0.9994999999999998|0.0004999999999999449|0.03199999999999999|0.1515492974581882|0.1515492974581882|0.10874342562202599|0.18974334659831352
0.17599999999999993|0.9994999999999998|0.0004999999999999449|0.0040000000000000036|0.19459365878437968|0.19450340945504493|0.18974334659831352|0.1981171209482725
0.10399999999999998|0.9949999999999999|0.0040000000000000036|0.0040000000000000036|0.10326719947784603|0.10316562235573336|0.10017928290274257|0.10218112204569965
0.17599999999999993|0.9949999999999999|0.0040000000000000036|0.0040000000000000036|0.19450340945504493|0.19065905006284997|0.1944657362417503|0.19778185313603103
0.10399999999999998|0.9904999999999999|0.000500000000000056|0.00399999999999999|0.10316562235573336|0.10328995435588886|0.0995122275936146|0.10816361673746794
0.13999999999999996|0.9904999999999999|0.000500000000000056|0.03199999999999999|0.14723989369574814|0.1471837656553773|0.10816361673746794|0.18541638399922578
0.17599999999999993|0.9904999999999999|0.000500000000000056|0.0040000000000000036|0.19065905006284997|0.18966458258780686|0.18541638399922578|0.19415093922546606
0.2119999999999999|0.9994999999999998|0.0004999999999999449|0.03199999999999997|0.22630481825941476|0.22599144318691916|0.1981171209482725|0.2566423727437373
0.5|0.9994999999999998|0.0004999999999999449|0.25600000000000006|0.5000781316033316|0.5000781316033316|0.2566423727437373|0.7434641500810917
0.788|0.9994999999999998|0.0004999999999999449|0.03200000000000003|0.7737953616007544|0.7741087840622681|0.7434641500810917|0.8020004900765593
0.2119999999999999|0.9949999999999999|0.0040000000000000036|0.03199999999999997|0.22599144318691916|0.2255580246810187|0.19778185313603103|0.22431078829027676
0.788|0.9949999999999999|0.0040000000000000036|0.03200000000000003|0.7741087840622681|0.7745375955272953|0.7757885788532417|0.8024230162929326
0.2119999999999999|0.9904999999999999|0.000500000000000056|0.03199999999999997|0.2255580246810187|0.22581686563231484|0.19415093922546606|0.256290851453022
0.5|0.9904999999999999|0.000500000000000056|0.25600000000000006|0.5000827380186793|0.5000827380186793|0.256290851453022|0.7438934719832545
0.788|0.9904999999999999|0.000500000000000056|0.03200000000000003|0.7745375955272953|0.7742781207191144|0.7438934719832545|0.8059243223769935
0.8240000000000001|0.9994999999999998|0.0004999999999999449|0.0040000000000000036|0.8054498274581886|0.8055415592638691|0.8020004900765593|0.8102988944444047
0.8600000000000001|0.9994999999999998|0.0004999999999999449|0.03200000000000003|0.8484453112933166|0.8484453112933166|0.8102988944444047|0.8913031694928839
0.8960000000000001|0.9994999999999998|0.0004999999999999449|0.0040000000000000036|0.8966604017678299|0.8967866499392732|0.8913031694928839|0.90077390269896
0.8240000000000001|0.9949999999999999|0.0040000000000000036|0.0040000000000000036|0.8055415592638691|0.8094117516622634|0.8024230162929326|0.805664984286542
0.8960000000000001|0.9949999999999999|0.0040000000000000036|0.0040000000000000036|0.8967866499392732|0.8969058722550506|0.897878108947007|0.8998936574087267
0.8240000000000001|0.9904999999999999|0.000500000000000056|0.0040000000000000036|0.8094117516622634|0.8104105116406464|0.8059243223769935|0.8147235800800026
0.8600000000000001|0.9904999999999999|0.000500000000000056|0.03200000000000003|0.8528526663187793|0.852942676359798|0.8147235800800026|0.8919030452963586
0.8960000000000001|0.9904999999999999|0.000500000000000056|0.0040000000000000036|0.8969058722550506|0.8967825526022752|0.8919030452963586|0.9005469679183847
0.10399999999999998|0.9859999999999999|0.0040000000000000036|0.0040000000000000036|0.10328995435588886|0.10247229521891368|0.09939186075863861|0.1081349323066852
0.13999999999999996|0.9859999999999999|0.0040000000000000036|0.03199999999999999|0.1471837656553773|0.1467683061943183|0.1081349323066852|0.18113910983105286
0.17599999999999993|0.9859999999999999|0.0040000000000000036|0.0040000000000000036|0.18966458258780686|0.1851675189026537|0.18113910983105286|0.1854396558933831
0.10399999999999998|0.95|0.03199999999999992|0.0040000000000000036|0.10247229521891368|0.0932309106039849|0.09519619972622911|0.09570093455382754
0.17599999999999993|0.95|0.03199999999999992|0.0040000000000000036|0.1851675189026537|0.18061673191050756|0.18361906636433262|0.18361906636433262
0.10399999999999998|0.914|0.0040000000000000036|0.00399999999999999|0.0932309106039849|0.09171623905683178|0.08874397918803463|0.09800932663262868
0.13999999999999996|0.914|0.0040000000000000036|0.03199999999999999|0.13875351042079537|0.13910552485758373|0.09800932663262868|0.17563560751235033
0.17599999999999993|0.914|0.0040000000000000036|0.0040000000000000036|0.18061673191050756|0.1842073264812512|0.17563560751235033|0.18032368551906092
0.8240000000000001|0.9859999999999999|0.0040000000000000036|0.0040000000000000036|0.8104105116406464|0.8148753421728049|0.8145840580040458|0.8189540991687662
0.8600000000000001|0.9859999999999999|0.0040000000000000036|0.03200000000000003|0.852942676359798|0.8533562997829813|0.8189540991687662|0.891944684039913
0.8960000000000001|0.9859999999999999|0.0040000000000000036|0.0040000000000000036|0.8967825526022752|0.897622886148896|0.891944684039913|0.9006927077298783
0.8240000000000001|0.95|0.03199999999999992|0.0040000000000000036|0.8148753421728049|0.8197280794006077|0.8166474868193282|0.8166474868193282
0.8960000000000001|0.95|0.03199999999999992|0.0040000000000000036|0.897622886148896|0.9070242083560834|0.9044695649480999|0.9049737110343754
0.8240000000000001|0.914|0.0040000000000000036|0.0040000000000000036|0.8197280794006077|0.8161781867749341|0.8201131534732675|0.8247928779769687
0.8600000000000001|0.914|0.0040000000000000036|0.03200000000000003|0.8616117061589132|0.861224926505304|0.8247928779769687|0.9022626010619335
0.8960000000000001|0.914|0.0040000000000000036|0.0040000000000000036|0.9070242083560834|0.9085519970695738|0.9022626010619335|0.9115065225847845
0.10400000000000001|0.9095|0.0004999999999999449|0.0040000000000000036|0.09171623905683178|0.09126150281435158|0.08759018291030861|0.09685331750686378
0.13999999999999996|0.9095|0.0004999999999999449|0.03199999999999997|0.13910552485758373|0.13919217557240676|0.09685331750686378|0.17964106614940548
0.1759999999999999|0.9095|0.0004999999999999449|0.003999999999999976|0.1842073264812512|0.18515249056239722|0.17964106614940548|0.18873242865724207
0.10400000000000001|0.905|0.0040000000000000036|0.0040000000000000036|0.09126150281435158|0.08886960862335501|0.08636500388159113|0.08882214624134631
0.1759999999999999|0.905|0.0040000000000000036|0.003999999999999976|0.18515249056239722|0.18863760691623596|0.18875702048419338|0.1921614877993992
0.10400000000000001|0.9005000000000001|0.000500000000000056|0.004000000000000017|0.08886960862335501|0.08887007262595084|0.08315932941417908|0.09473657163874849
0.13999999999999996|0.9005000000000001|0.000500000000000056|0.03199999999999997|0.14166856374112985|0.14166856374112985|0.09473657163874849|0.18332979161928395
0.1759999999999999|0.9005000000000001|0.000500000000000056|0.003999999999999976|0.18863760691623596|0.1886226802202413|0.18332979161928395|0.1921940395984765
0.2119999999999999|0.9095|0.0004999999999999449|0.03199999999999997|0.2209764633377966|0.2207052848878535|0.18873242865724207|0.25200170370519
0.5|0.9095|0.0004999999999999449|0.25600000000000006|0.5002036266443366|0.5002036266443366|0.25200170370519|0.7484305175170569
0.788|0.9095|0.0004999999999999449|0.03200000000000003|0.779458878876147|0.779729667543039|0.7484305175170569|0.8117396504511856
0.2119999999999999|0.905|0.0040000000000000036|0.03199999999999997|0.2207052848878535|0.221183544273796|0.1921614877993992|0.21939722632104564
0.788|0.905|0.0040000000000000036|0.03200000000000003|0.779729667543039|0.7792535113766927|0.7810378510060758|0.8083306618551689
0.2119999999999999|0.9005000000000001|0.000500000000000056|0.032|0.221183544273796|0.22140683401788977|0.1921940395984765|0.2524128062634282
0.5|0.9005000000000001|0.000500000000000056|0.25600000000000006|0.5004608373984558|0.5004608373984558|0.2524128062634282|0.748163422488497
0.788|0.9005000000000001|0.000500000000000056|0.03200000000000003|0.7792535113766927|0.7790304689230199|0.748163422488497|0.8081588762954026
0.8240000000000001|0.9095|0.0004999999999999449|0.0040000000000000036|0.8161781867749341|0.8153147747402019|0.8117396504511856|0.8207407896166382
0.8600000000000001|0.9095|0.0004999999999999449|0.03200000000000003|0.861224926505304|0.861176579048603|0.8207407896166382|0.9034228037054512
0.8960000000000001|0.9095|0.0004999999999999449|0.0040000000000000036|0.9085519970695738|0.9090083828242422|0.9034228037054512|0.912673733279164
0.8240000000000001|0.905|0.0040000000000000036|0.0040000000000000036|0.8153147747402019|0.8118631965794139|0.8083306618551689|0.8116508698479628
0.8960000000000001|0.905|0.0040000000000000036|0.0040000000000000036|0.9090083828242422|0.9114096646316172|0.9114530720244438|0.9139055030525208
0.8240000000000001|0.9005000000000001|0.000500000000000056|0.0040000000000000036|0.8118631965794139|0.8117999272169506|0.8081588762954026|0.8170111191959876
0.8600000000000001|0.9005000000000001|0.000500000000000056|0.03200000000000003|0.8586608996057066|0.8586608996057066|0.8170111191959876|0.9055539063977219
0.8960000000000001|0.9005000000000001|0.000500000000000056|0.0040000000000000036|0.9114096646316172|0.9114105628189018|0.9055539063977219|0.9171204802864359
0.0004999999999999996|0.9994999999999998|0.0004999999999999449|0.0004999999999999996|0.0003683107258347623|0.00033407195344340715|0.0|0.0007711053679649751
0.0049999999999999975|0.9994999999999998|0.0004999999999999449|0.003999999999999998|0.003992791198505797|0.003992791198505797|0.0007711053679649751|0.007222424062363163
0.009499999999999995|0.9994999999999998|0.0004999999999999449|0.0004999999999999987|0.007626079023761742|0.00766546102956084|0.007222424062363163|0.00799555433131504
0.0004999999999999996|0.9949999999999999|0.0040000000000000036|0.0004999999999999996|0.00033407195344340715|0.0002648603479735349|0.0|5.987838792124013e-05
0.009499999999999995|0.9949999999999999|0.0040000000000000036|0.0004999999999999987|0.00766546102956084|0.0066903883224125795|0.007972798408625406|0.008173628951257558
0.0004999999999999996|0.9904999999999999|0.000500000000000056|0.0004999999999999996|0.0002648603479735349|0.00028775636146118034|0.0|0.0006094126214833467
0.0049999999999999975|0.9904999999999999|0.000500000000000056|0.003999999999999998|0.003160572490130815|0.003105793398880004|0.0006094126214833467|0.006155087199027673
0.009499999999999995|0.9904999999999999|0.000500000000000056|0.0004999999999999987|0.0066903883224125795|0.006312522263556613|0.006155087199027673|0.006963830519189266
0.013999999999999992|0.9994999999999998|0.0004999999999999449|0.003999999999999997|0.01094297848294337|0.010815310733409673|0.00799555433131504|0.014952762075307156
0.05|0.9994999999999998|0.0004999999999999449|0.03200000000000001|0.04703103081421743|0.04703103081421743|0.014952762075307156|0.08048335429536083
0.08600000000000002|0.9994999999999998|0.0004999999999999449|0.0040000000000000036|0.08466358976453285|0.08480329201254624|0.08048335429536083|0.08804390388844466
0.013999999999999992|0.9949999999999999|0.0040000000000000036|0.003999999999999997|0.010815310733409673|0.010360003898210682|0.008173628951257558|0.009780273292314763
0.08600000000000002|0.9949999999999999|0.0040000000000000036|0.0040000000000000036|0.08480329201254624|0.08535504125818705|0.08592090999665357|0.08769215982503627
0.013999999999999992|0.9904999999999999|0.000500000000000056|0.003999999999999997|0.010360003898210682|0.010432309004040762|0.006963830519189266|0.014508890157091564
0.05|0.9904999999999999|0.000500000000000056|0.03200000000000001|0.04709954279811042|0.04709954279811042|0.014508890157091564|0.08104073692714278
0.08600000000000002|0.9904999999999999|0.000500000000000056|0.0040000000000000036|0.08535504125818705|0.0852648414902486|0.08104073692714278|0.08923301573026604
0.09050000000000001|0.9994999999999998|0.0004999999999999449|0.0005000000000000004|0.08844874953868737|0.0884050123650059|0.08804390388844466|0.08902098855969538
0.095|0.9994999999999998|0.0004999999999999449|0.00399999999999999|0.09344152628404598|0.09344152628404598|0.08902098855969538|0.09817764323004992
0.09949999999999999|0.9994999999999998|0.0004999999999999449|0.0005000000000000004|0.0987676796580825|0.09890801412910184|0.09817764323004992|0.09928156987857395
0.09050000000000001|0.9949999999999999|0.0040000000000000036|0.0005000000000000004|0.0884050123650059|0.08951229240729303|0.08769215982503627|0.0879135660535841
0.09949999999999999|0.9949999999999999|0.0040000000000000036|0.0005000000000000004|0.09890801412910184|0.09913761046472674|0.09991589996807575|0.10017928290274257
0.09050000000000001|0.9904999999999999|0.000500000000000056|0.0005000000000000004|0.08951229240729303|0.08994304919051606|0.08923301573026604|0.09024474215962758
0.095|0.9904999999999999|0.000500000000000056|0.00399999999999999|0.09449087273265121|0.09456608329857426|0.09024474215962758|0.0985348296607907
0.09949999999999999|0.9904999999999999|0.000500000000000056|0.0005000000000000004|0.09913761046472674|0.09902486062621499|0.0985348296607907|0.0995122275936146
0.0004999999999999996|0.9859999999999999|0.0040000000000000036|0.0004999999999999996|0.00028775636146118034|0.00023714372403463107|0.0|0.0005328172321092325
0.0049999999999999975|0.9859999999999999|0.0040000000000000036|0.003999999999999998|0.003105793398880004|0.002667560668873569|0.0005328172321092325|0.00436529750679568
0.009499999999999995|0.9859999999999999|0.0040000000000000036|0.0004999999999999987|0.006312522263556613|0.004546389687505558|0.00436529750679568|0.0045774880708914795
0.0004999999999999996|0.95|0.03199999999999992|0.0004999999999999996|0.00023714372403463107|0.00020593730597524216|0.0|6.7114213578696785e-06
0.009499999999999995|0.95|0.03199999999999992|0.0004999999999999987|0.004546389687505558|0.00402363108393141|0.0042976026204181875|0.0042976026204181875
0.0004999999999999996|0.914|0.0040000000000000036|0.0004999999999999996|0.00020593730597524216|0.00024882786260636407|0.0|0.00046255415355865706
0.0049999999999999975|0.914|0.0040000000000000036|0.003999999999999998|0.0023165418902663707|0.0026854718151316475|0.00046255415355865706|0.003803552080952393
0.009499999999999995|0.914|0.0040000000000000036|0.0004999999999999987|0.00402363108393141|0.005452269463820749|0.003803552080952393|0.003989384641870562
0.09050000000000001|0.9859999999999999|0.0040000000000000036|0.0005000000000000004|0.08994304919051606|0.09104354800610774|0.09179037710259158|0.09215095976045526
0.095|0.9859999999999999|0.0040000000000000036|0.00399999999999999|0.09456608329857426|0.09503562102336469|0.09215095976045526|0.09847322782912968
0.09949999999999999|0.9859999999999999|0.0040000000000000036|0.0005000000000000004|0.09902486062621499|0.09848234882205306|0.09847322782912968|0.09939186075863861
0.09050000000000001|0.95|0.03199999999999992|0.0005000000000000004|0.09104354800610774|0.0813634602364795|0.08506891523423699|0.08506891523423699
0.09949999999999999|0.95|0.03199999999999992|0.0005000000000000004|0.09848234882205306|0.08898964032831516|0.09512171441699196|0.09519619972622911
0.09050000000000001|0.914|0.0040000000000000036|0.0005000000000000004|0.0813634602364795|0.0779422689752701|0.08088784213150899|0.08124001643925119
0.095|0.914|0.0040000000000000036|0.00399999999999999|0.08395792105918223|0.08292753561590119|0.08124001643925119|0.08774808399858902
0.09949999999999999|0.914|0.0040000000000000036|0.0005000000000000004|0.08898964032831516|0.08721125005449744|0.08774808399858902|0.08874397918803463
0.0004999999999999996|0.9095|0.0004999999999999449|0.0004999999999999996|0.00024882786260636407|0.0002289487694117658|0.0|0.000526688707797923
0.0049999999999999975|0.9095|0.0004999999999999449|0.003999999999999998|0.0026854718151316475|0.002731588055739813|0.000526688707797923|0.005313369718675761
0.009499999999999995|0.9095|0.0004999999999999449|0.0004999999999999987|0.005452269463820749|0.0057743987364857795|0.005313369718675761|0.006006228457167814
0.0004999999999999996|0.905|0.0040000000000000036|0.0004999999999999996|0.0002289487694117658|0.00029049699626600487|0.0|5.191976273336027e-05
0.009499999999999995|0.905|0.0040000000000000036|0.0004999999999999987|0.0057743987364857795|0.006622788895485249|0.006879617290058229|0.007054189677609223
0.0004999999999999996|0.9005000000000001|0.000500000000000056|0.0004999999999999996|0.00029049699626600487|0.0003225253916869418|0.0|0.0006684816954248157
0.0049999999999999975|0.9005000000000001|0.000500000000000056|0.003999999999999998|0.0034531640470216868|0.003454840516022825|0.0006684816954248157|0.006242004638447876
0.009499999999999995|0.9005000000000001|0.000500000000000056|0.0004999999999999987|0.006622788895485249|0.00659144204648236|0.006242004638447876|0.006910724174038165
0.013999999999999992|0.9095|0.0004999999999999449|0.003999999999999997|0.00897501558199397|0.008917162329842982|0.006006228457167814|0.01245259256789815
0.05|0.9095|0.0004999999999999449|0.03200000000000001|0.04025128776230752|0.04025128776230752|0.01245259256789815|0.06915712614531032
0.08600000000000002|0.9095|0.0004999999999999449|0.0040000000000000036|0.07277035594318568|0.07273276096160038|0.06915712614531032|0.07704041036637023
0.013999999999999992|0.905|0.0040000000000000036|0.003999999999999997|0.008917162329842982|0.009357671906032516|0.007054189677609223|0.008440913370242194
0.08600000000000002|0.905|0.0040000000000000036|0.0040000000000000036|0.07273276096160038|0.070246612072249|0.07232644160111391|0.07405302794603857
0.013999999999999992|0.9005000000000001|0.000500000000000056|0.003999999999999997|0.009357671906032516|0.009499501216713325|0.006910724174038165|0.012765198983034493
0.05|0.9005000000000001|0.000500000000000056|0.03200000000000001|0.039100506889618886|0.03909979890638074|0.012765198983034493|0.06655574712359859
0.08600000000000002|0.9005000000000001|0.000500000000000056|0.0040000000000000036|0.070246612072249|0.06981727416578037|0.06655574712359859|0.0728236625201643
0.09050000000000001|0.9095|0.0004999999999999449|0.0005000000000000004|0.0779422689752701|0.07720544373942502|0.07704041036637023|0.07815320887235133
0.095|0.9095|0.0004999999999999449|0.00399999999999999|0.08292753561590119|0.08278787267412771|0.07815320887235133|0.08660868150666146
0.09949999999999999|0.9095|0.0004999999999999449|0.0005000000000000004|0.08721125005449744|0.08697913216762905|0.08660868150666146|0.08759018291030861
0.09050000000000001|0.905|0.0040000000000000036|0.0005000000000000004|0.07720544373942502|0.07329946450438796|0.07405302794603857|0.07426885123915415
0.09949999999999999|0.905|0.0040000000000000036|0.0005000000000000004|0.08697913216762905|0.08283769451482949|0.08605786108662174|0.08636500388159113
0.09050000000000001|0.9005000000000001|0.000500000000000056|0.0005000000000000004|0.07329946450438796|0.07303814423986275|0.0728236625201643|0.07360463263852246
0.095|0.9005000000000001|0.000500000000000056|0.00399999999999999|0.07701536444636446|0.07686632045079385|0.07360463263852246|0.08184285619752349
0.09949999999999999|0.9005000000000001|0.000500000000000056|0.0005000000000000004|0.08283769451482949|0.08196819912400279|0.08184285619752349|0.08315932941417908
0.0004999999999999996|0.8960000000000001|0.0040000000000000036|0.0004999999999999996|0.0003225253916869418|0.0003032048947827436|0.0|0.0006872053918377639
0.0049999999999999975|0.8960000000000001|0.0040000000000000036|0.003999999999999998|0.003454840516022825|0.003463237422655809|0.0006872053918377639|0.0062503397802986995
0.009499999999999995|0.8960000000000001|0.0040000000000000036|0.0004999999999999987|0.00659144204648236|0.006644224598113506|0.0062503397802986995|0.006945244196266894
0.0004999999999999996|0.8600000000000001|0.03200000000000003|0.0004999999999999996|0.0003032048947827436|0.00021637996952422858|0.0|7.86977001115234e-06
0.009499999999999995|0.8600000000000001|0.03200000000000003|0.0004999999999999987|0.006644224598113506|0.005155312183642487|0.006997273163596776|0.007033899563106338
0.0004999999999999996|0.8240000000000001|0.0040000000000000036|0.0004999999999999996|0.00021637996952422858|0.00022405424508588012|0.0|0.0004904486494127806
0.0049999999999999975|0.8240000000000001|0.0040000000000000036|0.003999999999999998|0.0024748105923195814|0.002283553975908135|0.0004904486494127806|0.004652081897673942
0.009499999999999995|0.8240000000000001|0.0040000000000000036|0.0004999999999999987|0.005155312183642487|0.004512066926477694|0.004652081897673942|0.005221883841964037
0.013999999999999992|0.8960000000000001|0.0040000000000000036|0.003999999999999997|0.009499501216713325|0.009451634380785466|0.006945244196266894|0.01298056930339983
0.05|0.8960000000000001|0.0040000000000000036|0.03200000000000001|0.03909979890638074|0.039086106399642044|0.01298056930339983|0.06529183167220641
0.08600000000000002|0.8960000000000001|0.0040000000000000036|0.0040000000000000036|0.06981727416578037|0.06766726117793274|0.06529183167220641|0.07154481091096614
0.013999999999999992|0.8600000000000001|0.03200000000000003|0.003999999999999997|0.009451634380785466|0.00756647282967873|0.007033899563106338|0.0073256920961127904
0.08600000000000002|0.8600000000000001|0.03200000000000003|0.0040000000000000036|0.06766726117793274|0.05212135251006795|0.06046497195117906|0.06064607513777435
0.013999999999999992|0.8240000000000001|0.0040000000000000036|0.003999999999999997|0.00756647282967873|0.007595110963711972|0.005221883841964037|0.010004381695110184
0.05|0.8240000000000001|0.0040000000000000036|0.03200000000000001|0.02927854754629587|0.02927854754629587|0.010004381695110184|0.04865678215659505
0.08600000000000002|0.8240000000000001|0.0040000000000000036|0.0040000000000000036|0.05212135251006795|0.05106913140732891|0.04865678215659505|0.052484711471681746
0.09050000000000001|0.8960000000000001|0.0040000000000000036|0.0005000000000000004|0.07303814423986275|0.07067846419719341|0.07154481091096614|0.07234722359806818
0.095|0.8960000000000001|0.0040000000000000036|0.00399999999999999|0.07686632045079385|0.07567396848622919|0.07234722359806818|0.07786959519443648
0.09949999999999999|0.8960000000000001|0.0040000000000000036|0.0005000000000000004|0.08196819912400279|0.07674050137103834|0.07786959519443648|0.07814404853296239
0.09050000000000001|0.8600000000000001|0.03200000000000003|0.0005000000000000004|0.07067846419719341|0.053559555267661686|0.06064607513777435|0.060655305751058236
0.09949999999999999|0.8600000000000001|0.03200000000000003|0.0005000000000000004|0.07674050137103834|0.055648664942382804|0.06540957242600355|0.06540957242600355
0.09050000000000001|0.8240000000000001|0.0040000000000000036|0.0005000000000000004|0.053559555267661686|0.052649542712346245|0.052484711471681746|0.0527609241750467
0.095|0.8240000000000001|0.0040000000000000036|0.00399999999999999|0.05347013629562733|0.05337455261121699|0.0527609241750467|0.05432206092789657
0.09949999999999999|0.8240000000000001|0.0040000000000000036|0.0005000000000000004|0.055648664942382804|0.05423248860089028|0.05432206092789657|0.05442855150693022
0.0004999999999999996|0.788|0.03200000000000003|0.0004999999999999996|0.00022405424508588012|6.870614297170312e-05|0.0|0.00015240924309013645
0.0049999999999999975|0.788|0.03200000000000003|0.003999999999999998|0.002283553975908135|0.0007535010446165629|0.00015240924309013645|0.0011635963358706972
0.009499999999999995|0.788|0.03200000000000003|0.0004999999999999987|0.004512066926477694|0.0012212815184275351|0.0011635963358706972|0.0012146758515533568
0.0004999999999999996|0.5|0.25600000000000006|0.0004999999999999996|6.870614297170312e-05|6.89127549750935e-05|0.0|2.676597255181778e-07
0.009499999999999995|0.5|0.25600000000000006|0.0004999999999999987|0.0012212815184275351|0.001224490293003956|0.001274126853420962|0.001274126853420962
0.0004999999999999996|0.2119999999999999|0.03199999999999997|0.0004999999999999996|6.89127549750935e-05|0.00022469491136361297|0.0|0.00015284490675226278
0.0049999999999999975|0.2119999999999999|0.03199999999999997|0.003999999999999998|0.0007555416294531835|0.0022904319674425665|0.00015284490675226278|0.0011668825343705204
0.009499999999999995|0.2119999999999999|0.03199999999999997|0.0004999999999999987|0.001224490293003956|0.0045256822639359855|0.0011668825343705204|0.0012182857229518303
0.09050000000000001|0.788|0.03200000000000003|0.0005000000000000004|0.052649542712346245|0.05235210610391947|0.05246900233359942|0.05248465575608108
0.095|0.788|0.03200000000000003|0.00399999999999999|0.05337455261121699|0.052609883135934316|0.05248465575608108|0.05265797399516676
0.09949999999999999|0.788|0.03200000000000003|0.0005000000000000004|0.05423248860089028|0.05253824886629356|0.05265797399516676|0.05265585453132468
0.09050000000000001|0.5|0.25600000000000006|0.0005000000000000004|0.05235210610391947|0.05250981818345151|0.05141693626647995|0.05141693626647995
0.09949999999999999|0.5|0.25600000000000006|0.0005000000000000004|0.05253824886629356|0.05269590735873274|0.05153025282801849|0.05153025282801849
0.09050000000000001|0.2119999999999999|0.03199999999999997|0.0005000000000000004|0.05250981818345151|0.05280986402254534|0.052638454977986956|0.05265409687761666
0.095|0.2119999999999999|0.03199999999999997|0.00399999999999999|0.05277923207465418|0.05354935993190281|0.05265409687761666|0.05283534317187417
0.09949999999999999|0.2119999999999999|0.03199999999999997|0.0005000000000000004|0.05269590735873274|0.054410668866831|0.05283534317187417|0.052841351156564895
0.0004999999999999996|0.17599999999999993|0.0040000000000000036|0.0004999999999999996|0.00022469491136361297|0.0002169608975998745|0.0|0.0004919290533680737
0.0049999999999999975|0.17599999999999993|0.0040000000000000036|0.003999999999999998|0.0022904319674425665|0.0024818668500728963|0.0004919290533680737|0.004665348036058577
0.009499999999999995|0.17599999999999993|0.0040000000000000036|0.0004999999999999987|0.0045256822639359855|0.005169692257954271|0.004665348036058577|0.005236798510024696
0.0004999999999999996|0.13999999999999996|0.03199999999999999|0.0004999999999999996|0.0002169608975998745|0.00030377969197763644|0.0|7.887268007644414e-06
0.009499999999999995|0.13999999999999996|0.03199999999999999|0.0004999999999999987|0.005169692257954271|0.006657931489799109|0.0070143756691163905|0.007051108024991541
0.0004999999999999996|0.10399999999999998|0.0040000000000000036|0.0004999999999999996|0.00030377969197763644|0.00032323301711210305|0.0|0.0006886241882988283
0.0049999999999999975|0.10399999999999998|0.0040000000000000036|0.003999999999999998|0.003470340018037995|0.003462682083688018|0.0006886241882988283|0.0062642212568980535
0.009499999999999995|0.10399999999999998|0.0040000000000000036|0.0004999999999999987|0.006657931489799109|0.006605569823830673|0.0062642212568980535|0.006960716295043737
0.013999999999999992|0.17599999999999993|0.0040000000000000036|0.003999999999999997|0.007617032950668549|0.007587958041554946|0.005236798510024696|0.01003544026408313
0.05|0.17599999999999993|0.0040000000000000036|0.03200000000000001|0.029372306874746405|0.029372306874746405|0.01003544026408313|0.04880304447477313
0.08600000000000002|0.17599999999999993|0.0040000000000000036|0.0040000000000000036|0.05123188667477646|0.052284933174043584|0.04880304447477313|0.05265357865552195
0.013999999999999992|0.13999999999999996|0.03199999999999999|0.003999999999999997|0.007587958041554946|0.009475046059459608|0.007051108024991541|0.007343736023180386
0.08600000000000002|0.13999999999999996|0.03199999999999999|0.0040000000000000036|0.052284933174043584|0.06782893651212464|0.06062468009546201|0.06080730814012927
0.013999999999999992|0.10399999999999998|0.0040000000000000036|0.003999999999999997|0.009475046059459608|0.00951999417829519|0.006960716295043737|0.01301126365226355
0.05|0.10399999999999998|0.0040000000000000036|0.03200000000000001|0.03917790175668791|0.03919309588812238|0.01301126365226355|0.06544555244100804
0.08600000000000002|0.10399999999999998|0.0040000000000000036|0.0040000000000000036|0.06782893651212464|0.06998345916726775|0.06544555244100804|0.07170440381483838
0.09050000000000001|0.17599999999999993|0.0040000000000000036|0.0005000000000000004|0.05280986402254534|0.05372814264151935|0.05265357865552195|0.052930943572132745
0.095|0.17599999999999993|0.0040000000000000036|0.00399999999999999|0.05354935993190281|0.05364462001159711|0.052930943572132745|0.05449992096183458
0.09949999999999999|0.17599999999999993|0.0040000000000000036|0.0005000000000000004|0.054410668866831|0.05582760401343383|0.05449992096183458|0.05459742726376292
0.09050000000000001|0.13999999999999996|0.03199999999999999|0.0005000000000000004|0.05372814264151935|0.07082670026833895|0.06080730814012927|0.060828681885160774
0.09949999999999999|0.13999999999999996|0.03199999999999999|0.0005000000000000004|0.05582760401343383|0.07689528139889748|0.06558193604801692|0.06558193604801692
0.09050000000000001|0.10399999999999998|0.0040000000000000036|0.0005000000000000004|0.07082670026833895|0.07320269485232898|0.07170440381483838|0.07249421934126812
0.095|0.10399999999999998|0.0040000000000000036|0.00399999999999999|0.07582438315183256|0.07701741613459635|0.07249421934126812|0.07803334651729003
0.09949999999999999|0.10399999999999998|0.0040000000000000036|0.0005000000000000004|0.07689528139889748|0.082118156767428|0.07803334651729003|0.07829679117338904
