500runs
0.0078125|0.2421875|0.0078125|0.0078125|0.0|0.0|0.012192337748162727|0.015220879548235882
0.03125|0.2421875|0.015625|0.0078125|0.015220879548235882|0.012192337748162727|0.041557584831539346|0.03911640172288261
0.0546875|0.2421875|0.0078125|0.0078125|0.03911640172288261|0.041557584831539346|0.05438611545815697|0.05506552690363263
0.0078125|0.21875|0.0078125|0.015625|0.0|0.0|0.011024875708181505|0.012192337748162727
0.0546875|0.21875|0.0078125|0.015625|0.041557584831539346|0.038629076080672356|0.052013883057198444|0.05438611545815697
0.0078125|0.1953125|0.0078125|0.0078125|0.0|0.0|0.01320509965007283|0.011024875708181505
0.03125|0.1953125|0.015625|0.0078125|0.011024875708181505|0.01320509965007283|0.033537278258172425|0.038629076080672356
0.0546875|0.1953125|0.0078125|0.0078125|0.038629076080672356|0.033537278258172425|0.04680778578463493|0.052013883057198444
0.078125|0.2421875|0.015625|0.0078125|0.05506552690363263|0.05438611545815697|0.07389909361595814|0.07958794670328001
0.125|0.2421875|0.03125|0.0078125|0.07958794670328001|0.07389909361595814|0.13635887175436587|0.12643160499415765
0.171875|0.2421875|0.015625|0.0078125|0.12643160499415765|0.13635887175436587|0.15660714368431178|0.15123132045753926
0.078125|0.21875|0.015625|0.015625|0.05438611545815697|0.052013883057198444|0.07381058354623596|0.07389909361595814
0.171875|0.21875|0.015625|0.015625|0.13635887175436587|0.1431723335003017|0.16601556597653716|0.15660714368431178
0.078125|0.1953125|0.015625|0.0078125|0.052013883057198444|0.04680778578463493|0.07908185452556228|0.07381058354623596
0.125|0.1953125|0.03125|0.0078125|0.07381058354623596|0.07908185452556228|0.13939539793445743|0.1431723335003017
0.171875|0.1953125|0.015625|0.0078125|0.1431723335003017|0.13939539793445743|0.17522134492005323|0.16601556597653716
0.1953125|0.2421875|0.0078125|0.0078125|0.15123132045753926|0.15660714368431178|0.1689971088060132|0.16715731719634705
0.21875|0.2421875|0.015625|0.0078125|0.16715731719634705|0.1689971088060132|0.20161153428044876|0.19116030052872726
0.2421875|0.2421875|0.0078125|0.0078125|0.19116030052872726|0.20161153428044876|0.2187085046374971|0.20818003561334827
0.1953125|0.21875|0.0078125|0.015625|0.15660714368431178|0.16601556597653716|0.18200144823880113|0.1689971088060132
0.2421875|0.21875|0.0078125|0.015625|0.20161153428044876|0.2147539276631307|0.22796722167133152|0.2187085046374971
0.1953125|0.1953125|0.0078125|0.0078125|0.16601556597653716|0.17522134492005323|0.19118740313294358|0.18200144823880113
0.21875|0.1953125|0.015625|0.0078125|0.18200144823880113|0.19118740313294358|0.2158984169533339|0.2147539276631307
0.2421875|0.1953125|0.0078125|0.0078125|0.2147539276631307|0.2158984169533339|0.23273943773446862|0.22796722167133152
0.0078125|0.171875|0.0078125|0.015625|0.0|0.0|0.011723769084247538|0.01320509965007283
0.03125|0.171875|0.015625|0.015625|0.01320509965007283|0.011723769084247538|0.0316937784086756|0.033537278258172425
0.0546875|0.171875|0.0078125|0.015625|0.033537278258172425|0.0316937784086756|0.03638536843878856|0.04680778578463493
0.0078125|0.125|0.0078125|0.03125|0.0|0.0|0.012603980940937258|0.011723769084247538
0.0546875|0.125|0.0078125|0.03125|0.0316937784086756|0.033700982876679685|0.038443338777520285|0.03638536843878856
0.0078125|0.078125|0.0078125|0.015625|0.0|0.0|0.01450233745948526|0.012603980940937258
0.03125|0.078125|0.015625|0.015625|0.012603980940937258|0.01450233745948526|0.036988665792621264|0.033700982876679685
0.0546875|0.078125|0.0078125|0.015625|0.033700982876679685|0.036988665792621264|0.051986881191098|0.038443338777520285
0.1953125|0.171875|0.0078125|0.015625|0.17522134492005323|0.19271407641376848|0.19741049724438076|0.19118740313294358
0.21875|0.171875|0.015625|0.015625|0.19118740313294358|0.19741049724438076|0.221803141888681|0.2158984169533339
0.2421875|0.171875|0.0078125|0.015625|0.2158984169533339|0.221803141888681|0.23845124052149877|0.23273943773446862
0.1953125|0.125|0.0078125|0.03125|0.19271407641376848|0.20049777061588245|0.20662212206769773|0.19741049724438076
0.2421875|0.125|0.0078125|0.03125|0.221803141888681|0.23062831973501055|0.24513564917155117|0.23845124052149877
0.1953125|0.078125|0.0078125|0.015625|0.20049777061588245|0.191115569555994|0.20632682717290157|0.20662212206769773
0.21875|0.078125|0.015625|0.015625|0.20662212206769773|0.20632682717290157|0.23068484129868327|0.23062831973501055
0.2421875|0.078125|0.0078125|0.015625|0.23062831973501055|0.23068484129868327|0.24687676541972364|0.24513564917155117
0.0078125|0.0546875|0.0078125|0.0078125|0.0|0.0|0.012220318768848312|0.01450233745948526
0.03125|0.0546875|0.015625|0.0078125|0.01450233745948526|0.012220318768848312|0.04321321384390028|0.036988665792621264
0.0546875|0.0546875|0.0078125|0.0078125|0.036988665792621264|0.04321321384390028|0.058464051336330314|0.051986881191098
0.0078125|0.03125|0.0078125|0.015625|0.0|0.0|0.013651719307499137|0.012220318768848312
0.0546875|0.03125|0.0078125|0.015625|0.04321321384390028|0.04709048492963329|0.061865767205825005|0.058464051336330314
0.0078125|0.0078125|0.0078125|0.0078125|0.0|0.0|0.016434902388955345|0.013651719307499137
0.03125|0.0078125|0.015625|0.0078125|0.013651719307499137|0.016434902388955345|0.04493321579104844|0.04709048492963329
0.0546875|0.0078125|0.0078125|0.0078125|0.04709048492963329|0.04493321579104844|0.062284656120839645|0.061865767205825005
0.078125|0.0546875|0.015625|0.0078125|0.051986881191098|0.058464051336330314|0.08304006379405934|0.08862506318380144
0.125|0.0546875|0.03125|0.0078125|0.08862506318380144|0.08304006379405934|0.16105739407891037|0.1552406078522024
0.171875|0.0546875|0.015625|0.0078125|0.1552406078522024|0.16105739407891037|0.18567221846661328|0.191115569555994
0.078125|0.03125|0.015625|0.015625|0.058464051336330314|0.061865767205825005|0.0852053090619985|0.08304006379405934
0.171875|0.03125|0.015625|0.015625|0.16105739407891037|0.1596738232278038|0.1832156350002251|0.18567221846661328
0.078125|0.0078125|0.015625|0.0078125|0.061865767205825005|0.062284656120839645|0.09189978253530659|0.0852053090619985
0.125|0.0078125|0.03125|0.0078125|0.0852053090619985|0.09189978253530659|0.15314720135374046|0.1596738232278038
0.171875|0.0078125|0.015625|0.0078125|0.1596738232278038|0.15314720135374046|0.1830676448367595|0.1832156350002251
0.1953125|0.0546875|0.0078125|0.0078125|0.191115569555994|0.18567221846661328|0.2011103929224443|0.20632682717290157
0.21875|0.0546875|0.015625|0.0078125|0.20632682717290157|0.2011103929224443|0.23415323095683907|0.23068484129868327
0.2421875|0.0546875|0.0078125|0.0078125|0.23068484129868327|0.23415323095683907|0.24781672987440165|0.24687676541972364
0.1953125|0.03125|0.0078125|0.015625|0.18567221846661328|0.1832156350002251|0.19855936030078664|0.2011103929224443
0.2421875|0.03125|0.0078125|0.015625|0.23415323095683907|0.23395831214470578|0.24876310747814037|0.24781672987440165
0.1953125|0.0078125|0.0078125|0.0078125|0.1832156350002251|0.1830676448367595|0.20104746518968333|0.19855936030078664
0.21875|0.0078125|0.015625|0.0078125|0.19855936030078664|0.20104746518968333|0.23116223122024515|0.23395831214470578
0.2421875|0.0078125|0.0078125|0.0078125|0.23395831214470578|0.23116223122024515|0.24864992183249632|0.24876310747814037
0.265625|0.2421875|0.015625|0.0078125|0.20818003561334827|0.2187085046374971|0.244761050946789|0.2495864709720799
0.3125|0.2421875|0.03125|0.0078125|0.2495864709720799|0.244761050946789|0.3261271262506121|0.3200451156843888
0.359375|0.2421875|0.015625|0.0078125|0.3200451156843888|0.3261271262506121|0.35452589303962656|0.35521475209075226
0.265625|0.21875|0.015625|0.015625|0.2187085046374971|0.22796722167133152|0.24993322000452814|0.244761050946789
0.359375|0.21875|0.015625|0.015625|0.3261271262506121|0.32186359171298984|0.3494490368802037|0.35452589303962656
0.265625|0.1953125|0.015625|0.0078125|0.22796722167133152|0.23273943773446862|0.2591364504262964|0.24993322000452814
0.3125|0.1953125|0.03125|0.0078125|0.24993322000452814|0.2591364504262964|0.30909901277357876|0.32186359171298984
0.359375|0.1953125|0.015625|0.0078125|0.32186359171298984|0.30909901277357876|0.33598049561699983|0.3494490368802037
0.40625|0.2421875|0.03125|0.0078125|0.35521475209075226|0.35452589303962656|0.4068087793618461|0.4240485177738245
0.5|0.2421875|0.0625|0.0078125|0.4240485177738245|0.4068087793618461|0.5934110745880041|0.5761710818792619
0.59375|0.2421875|0.03125|0.0078125|0.5761710818792619|0.5934110745880041|0.6456919243482413|0.6450037700295811
0.40625|0.21875|0.03125|0.015625|0.35452589303962656|0.3494490368802037|0.40339555793194926|0.4068087793618461
0.59375|0.21875|0.03125|0.015625|0.5934110745880041|0.596823606666328|0.650768937932786|0.6456919243482413
0.40625|0.1953125|0.03125|0.0078125|0.3494490368802037|0.33598049561699983|0.41855385179681015|0.40339555793194926
0.5|0.1953125|0.0625|0.0078125|0.40339555793194926|0.41855385179681015|0.5816650899170063|0.596823606666328
0.59375|0.1953125|0.03125|0.0078125|0.596823606666328|0.5816650899170063|0.6642363376951557|0.650768937932786
0.640625|0.2421875|0.015625|0.0078125|0.6450037700295811|0.6456919243482413|0.6740886500064138|0.6801695886651834
0.6875|0.2421875|0.03125|0.0078125|0.6801695886651834|0.6740886500064138|0.7554406849661638|0.7506146638119238
0.734375|0.2421875|0.015625|0.0078125|0.7506146638119238|0.7554406849661638|0.7814855799154733|0.79201261277256
0.640625|0.21875|0.015625|0.015625|0.6456919243482413|0.650768937932786|0.6783517666570702|0.6740886500064138
0.734375|0.21875|0.015625|0.015625|0.7554406849661638|0.7502692094537605|0.7722301650749752|0.7814855799154733
0.640625|0.1953125|0.015625|0.0078125|0.650768937932786|0.6642363376951557|0.6911151296380702|0.6783517666570702
0.6875|0.1953125|0.03125|0.0078125|0.6783517666570702|0.6911151296380702|0.7410675022815549|0.7502692094537605
0.734375|0.1953125|0.015625|0.0078125|0.7502692094537605|0.7410675022815549|0.7674590564142676|0.7722301650749752
0.265625|0.171875|0.015625|0.015625|0.23273943773446862|0.23845124052149877|0.2585873921373259|0.2591364504262964
0.3125|0.171875|0.03125|0.015625|0.2591364504262964|0.2585873921373259|0.30630382910306875|0.30909901277357876
0.359375|0.171875|0.015625|0.015625|0.30909901277357876|0.30630382910306875|0.3152225422260558|0.33598049561699983
0.265625|0.125|0.015625|0.03125|0.23845124052149877|0.24513564917155117|0.2652161988827675|0.2585873921373259
0.359375|0.125|0.015625|0.03125|0.30630382910306875|0.31129711577631347|0.3190163275059711|0.3152225422260558
0.265625|0.078125|0.015625|0.015625|0.24513564917155117|0.24687676541972364|0.2712765431177917|0.2652161988827675
0.3125|0.078125|0.03125|0.015625|0.2652161988827675|0.2712765431177917|0.3176879565654788|0.31129711577631347
0.359375|0.078125|0.015625|0.015625|0.31129711577631347|0.3176879565654788|0.3433809674701633|0.3190163275059711
0.640625|0.171875|0.015625|0.015625|0.6642363376951557|0.6849938946342039|0.6939109128256244|0.6911151296380702
0.6875|0.171875|0.03125|0.015625|0.6911151296380702|0.6939109128256244|0.7416171404074485|0.7410675022815549
0.734375|0.171875|0.015625|0.015625|0.7410675022815549|0.7416171404074485|0.7617474613413281|0.7674590564142676
0.640625|0.125|0.015625|0.03125|0.6849938946342039|0.6812006784175504|0.6889190663959489|0.6939109128256244
0.734375|0.125|0.015625|0.03125|0.7416171404074485|0.7349903192650858|0.7550655231121243|0.7617474613413281
0.640625|0.078125|0.015625|0.015625|0.6812006784175504|0.6568387727382625|0.6825286773820648|0.6889190663959489
0.6875|0.078125|0.03125|0.015625|0.6889190663959489|0.6825286773820648|0.7289298377071572|0.7349903192650858
0.734375|0.078125|0.015625|0.015625|0.7349903192650858|0.7289298377071572|0.7533232133881738|0.7550655231121243
0.265625|0.0546875|0.015625|0.0078125|0.24687676541972364|0.24781672987440165|0.267514421741399|0.2712765431177917
0.3125|0.0546875|0.03125|0.0078125|0.2712765431177917|0.267514421741399|0.3322009481544684|0.3176879565654788
0.359375|0.0546875|0.015625|0.0078125|0.3176879565654788|0.3322009481544684|0.358302182907426|0.3433809674701633
0.265625|0.03125|0.015625|0.015625|0.24781672987440165|0.24876310747814037|0.2708363147753242|0.267514421741399
0.359375|0.03125|0.015625|0.015625|0.3322009481544684|0.34032600923835127|0.3652831111482393|0.358302182907426
0.265625|0.0078125|0.015625|0.0078125|0.24876310747814037|0.24864992183249632|0.2770397170744903|0.2708363147753242
0.3125|0.0078125|0.03125|0.0078125|0.2708363147753242|0.2770397170744903|0.33586491654250056|0.34032600923835127
0.359375|0.0078125|0.015625|0.0078125|0.34032600923835127|0.33586491654250056|0.36672827500178967|0.3652831111482393
0.40625|0.0546875|0.03125|0.0078125|0.3433809674701633|0.358302182907426|0.4091246438643215|0.4229109501429668
0.5|0.0546875|0.0625|0.0078125|0.4229109501429668|0.4091246438643215|0.5910973090794246|0.5773108045201567
0.59375|0.0546875|0.03125|0.0078125|0.5773108045201567|0.5910973090794246|0.6419184924626796|0.6568387727382625
0.40625|0.03125|0.03125|0.015625|0.358302182907426|0.3652831111482393|0.4133824335497854|0.4091246438643215
0.59375|0.03125|0.03125|0.015625|0.5910973090794246|0.5868401272083742|0.6349379646047438|0.6419184924626796
0.40625|0.0078125|0.03125|0.0078125|0.3652831111482393|0.36672827500178967|0.42976597850869946|0.4133824335497854
0.5|0.0078125|0.0625|0.0078125|0.4133824335497854|0.42976597850869946|0.570456783775321|0.5868401272083742
0.59375|0.0078125|0.03125|0.0078125|0.5868401272083742|0.570456783775321|0.6334925747125963|0.6349379646047438
0.640625|0.0546875|0.015625|0.0078125|0.6568387727382625|0.6419184924626796|0.668017405384465|0.6825286773820648
0.6875|0.0546875|0.03125|0.0078125|0.6825286773820648|0.668017405384465|0.7326903104561512|0.7289298377071572
0.734375|0.0546875|0.015625|0.0078125|0.7289298377071572|0.7326903104561512|0.7523817947163721|0.7533232133881738
0.640625|0.03125|0.015625|0.015625|0.6419184924626796|0.6349379646047438|0.6598923108619154|0.668017405384465
0.734375|0.03125|0.015625|0.015625|0.7326903104561512|0.7293685433803424|0.7514349733941028|0.7523817947163721
0.640625|0.0078125|0.015625|0.0078125|0.6349379646047438|0.6334925747125963|0.6643524563487219|0.6598923108619154
0.6875|0.0078125|0.03125|0.0078125|0.6598923108619154|0.6643524563487219|0.7231665145534169|0.7293685433803424
0.734375|0.0078125|0.015625|0.0078125|0.7293685433803424|0.7231665145534169|0.7515485699225176|0.7514349733941028
0.7578125|0.2421875|0.0078125|0.0078125|0.79201261277256|0.7814855799154733|0.7985764991336068|0.8090233392722292
0.78125|0.2421875|0.015625|0.0078125|0.8090233392722292|0.7985764991336068|0.8311720024460023|0.8330129141557687
0.8046875|0.2421875|0.0078125|0.0078125|0.8330129141557687|0.8311720024460023|0.8435519716949088|0.8489270903520796
0.7578125|0.21875|0.0078125|0.015625|0.7814855799154733|0.7722301650749752|0.7854372346958721|0.7985764991336068
0.8046875|0.21875|0.0078125|0.015625|0.8311720024460023|0.818171858064423|0.8341458279236327|0.8435519716949088
0.7578125|0.1953125|0.0078125|0.0078125|0.7722301650749752|0.7674590564142676|0.784293273527527|0.7854372346958721
0.78125|0.1953125|0.015625|0.0078125|0.7854372346958721|0.784293273527527|0.8089910411997278|0.818171858064423
0.8046875|0.1953125|0.0078125|0.0078125|0.818171858064423|0.8089910411997278|0.8249463211954591|0.8341458279236327
0.828125|0.2421875|0.015625|0.0078125|0.8489270903520796|0.8435519716949088|0.863782459974484|0.8737035823242572
0.875|0.2421875|0.03125|0.0078125|0.8737035823242572|0.863782459974484|0.9261812418940903|0.9204997215567466
0.921875|0.2421875|0.015625|0.0078125|0.9204997215567466|0.9261812418940903|0.9456740330642444|0.944996665145515
0.828125|0.21875|0.015625|0.015625|0.8435519716949088|0.8341458279236327|0.85697059580959|0.863782459974484
0.921875|0.21875|0.015625|0.015625|0.9261812418940903|0.9262663281582534|0.948042709236199|0.9456740330642444
0.828125|0.1953125|0.015625|0.0078125|0.8341458279236327|0.8249463211954591|0.8607423173260437|0.85697059580959
0.875|0.1953125|0.03125|0.0078125|0.85697059580959|0.8607423173260437|0.9209999179825734|0.9262663281582534
0.921875|0.1953125|0.015625|0.0078125|0.9262663281582534|0.9209999179825734|0.9532425551541424|0.948042709236199
0.9453125|0.2421875|0.0078125|0.0078125|0.944996665145515|0.9456740330642444|0.9584888561413653|0.9609279202479167
0.96875|0.2421875|0.015625|0.0078125|0.9609279202479167|0.9584888561413653|0.9878214626217313|0.9847966480646896
0.9921875|0.2421875|0.0078125|0.0078125|0.9847966480646896|0.9878214626217313|1.0|1.0
0.9453125|0.21875|0.0078125|0.015625|0.9456740330642444|0.948042709236199|0.9614131783100859|0.9584888561413653
0.9921875|0.21875|0.0078125|0.015625|0.9878214626217313|0.9889872698260609|1.0|1.0
0.9453125|0.1953125|0.0078125|0.0078125|0.948042709236199|0.9532425551541424|0.9664991726584029|0.9614131783100859
0.96875|0.1953125|0.015625|0.0078125|0.9614131783100859|0.9664991726584029|0.9868092648419398|0.9889872698260609
0.9921875|0.1953125|0.0078125|0.0078125|0.9889872698260609|0.9868092648419398|1.0|1.0
0.7578125|0.171875|0.0078125|0.015625|0.7674590564142676|0.7617474613413281|0.7783893527490561|0.784293273527527
0.78125|0.171875|0.015625|0.015625|0.784293273527527|0.7783893527490561|0.8027692546449454|0.8089910411997278
0.8046875|0.171875|0.0078125|0.015625|0.8089910411997278|0.8027692546449454|0.8074643217318296|0.8249463211954591
0.7578125|0.125|0.0078125|0.03125|0.7617474613413281|0.7550655231121243|0.7695653808373022|0.7783893527490561
0.8046875|0.125|0.0078125|0.03125|0.8027692546449454|0.7935601691561448|0.799680519454773|0.8074643217318296
0.7578125|0.078125|0.0078125|0.015625|0.7550655231121243|0.7533232133881738|0.7695082035664856|0.7695653808373022
0.78125|0.078125|0.015625|0.015625|0.7695653808373022|0.7695082035664856|0.7938529912396707|0.7935601691561448
0.8046875|0.078125|0.0078125|0.015625|0.7935601691561448|0.7938529912396707|0.8090547796081786|0.799680519454773
0.9453125|0.171875|0.0078125|0.015625|0.9532425551541424|0.9636531294356098|0.968340348426447|0.9664991726584029
0.96875|0.171875|0.015625|0.015625|0.9664991726584029|0.968340348426447|0.9882888923223244|0.9868092648419398
0.9921875|0.171875|0.0078125|0.015625|0.9868092648419398|0.9882888923223244|1.0|1.0
0.9453125|0.125|0.0078125|0.03125|0.9636531294356098|0.9615950011766141|0.9663325099151298|0.968340348426447
0.9921875|0.125|0.0078125|0.03125|0.9882888923223244|0.9874085007744442|1.0|1.0
0.9453125|0.078125|0.0078125|0.015625|0.9615950011766141|0.9480628012370057|0.9630472235599954|0.9663325099151298
0.96875|0.078125|0.015625|0.015625|0.9663325099151298|0.9630472235599954|0.9855118818107818|0.9874085007744442
0.9921875|0.078125|0.0078125|0.015625|0.9874085007744442|0.9855118818107818|1.0|1.0
0.7578125|0.0546875|0.0078125|0.0078125|0.7533232133881738|0.7523817947163721|0.7660405947129381|0.7695082035664856
0.78125|0.0546875|0.015625|0.0078125|0.7695082035664856|0.7660405947129381|0.7990643976462316|0.7938529912396707
0.8046875|0.0546875|0.0078125|0.0078125|0.7938529912396707|0.7990643976462316|0.8144920737935878|0.8090547796081786
0.7578125|0.03125|0.0078125|0.015625|0.7523817947163721|0.7514349733941028|0.7662354206121695|0.7660405947129381
0.8046875|0.03125|0.0078125|0.015625|0.7990643976462316|0.8016128671463018|0.816946390770939|0.8144920737935878
0.7578125|0.0078125|0.0078125|0.0078125|0.7514349733941028|0.7515485699225176|0.7690298656651107|0.7662354206121695
0.78125|0.0078125|0.015625|0.0078125|0.7662354206121695|0.7690298656651107|0.7991272757751622|0.8016128671463018
0.8046875|0.0078125|0.0078125|0.0078125|0.8016128671463018|0.7991272757751622|0.8170938047563163|0.816946390770939
0.828125|0.0546875|0.015625|0.0078125|0.8090547796081786|0.8144920737935878|0.839086035361291|0.84489872144186
0.875|0.0546875|0.03125|0.0078125|0.84489872144186|0.839086035361291|0.9170367294288706|0.9114565361838584
0.921875|0.0546875|0.015625|0.0078125|0.9114565361838584|0.9170367294288706|0.9415916249850949|0.9480628012370057
0.828125|0.03125|0.015625|0.015625|0.8144920737935878|0.816946390770939|0.8404690248604769|0.839086035361291
0.921875|0.03125|0.015625|0.015625|0.9170367294288706|0.9148734759747544|0.9381922946133523|0.9415916249850949
0.828125|0.0078125|0.015625|0.0078125|0.816946390770939|0.8170938047563163|0.8469901073145966|0.8404690248604769
0.875|0.0078125|0.03125|0.0078125|0.8404690248604769|0.8469901073145966|0.9081842321430473|0.9148734759747544
0.921875|0.0078125|0.015625|0.0078125|0.9148734759747544|0.9081842321430473|0.9377738289405583|0.9381922946133523
0.9453125|0.0546875|0.0078125|0.0078125|0.9480628012370057|0.9415916249850949|0.9568281165348852|0.9630472235599954
0.96875|0.0546875|0.015625|0.0078125|0.9630472235599954|0.9568281165348852|0.9877915978001411|0.9855118818107818
0.9921875|0.0546875|0.0078125|0.0078125|0.9855118818107818|0.9877915978001411|1.0|1.0
0.9453125|0.03125|0.0078125|0.015625|0.9415916249850949|0.9381922946133523|0.9529541549847217|0.9568281165348852
0.9921875|0.03125|0.0078125|0.015625|0.9877915978001411|0.9863613260591714|1.0|1.0
0.9453125|0.0078125|0.0078125|0.0078125|0.9381922946133523|0.9377738289405583|0.9551095395234089|0.9529541549847217
0.96875|0.0078125|0.015625|0.0078125|0.9529541549847217|0.9551095395234089|0.9835808212518324|0.9863613260591714
0.9921875|0.0078125|0.0078125|0.0078125|0.9863613260591714|0.9835808212518324|1.0|1.0
0.7578125|0.734375|0.0078125|0.015625|0.7920691372413919|0.815888342679452|0.8190918791850442|0.809076620942273
0.78125|0.734375|0.015625|0.015625|0.809076620942273|0.8190918791850442|0.8401406579336067|0.8330604030812724
0.8046875|0.734375|0.0078125|0.015625|0.8330604030812724|0.8401406579336067|0.8558299245721116|0.8489701888838131
0.7578125|0.6875|0.0078125|0.03125|0.815888342679452|0.8375573260051745|0.8415978618130593|0.8190918791850442
0.8046875|0.6875|0.0078125|0.03125|0.8401406579336067|0.8547001186230477|0.8640399133135872|0.8558299245721116
0.7578125|0.640625|0.0078125|0.015625|0.8375573260051745|0.8438951545682093|0.8467587847603015|0.8415978618130593
0.78125|0.640625|0.015625|0.015625|0.8415978618130593|0.8467587847603015|0.8548704774011023|0.8547001186230477
0.8046875|0.640625|0.0078125|0.015625|0.8547001186230477|0.8548704774011023|0.8639142340816559|0.8640399133135872
0.828125|0.734375|0.015625|0.015625|0.8489701888838131|0.8558299245721116|0.8747039764609299|0.8737400847010608
0.875|0.734375|0.03125|0.015625|0.8737400847010608|0.8747039764609299|0.9247274599281391|0.9205231486961031
0.921875|0.734375|0.015625|0.015625|0.9205231486961031|0.9247274599281391|0.9448360809343799|0.9450133523108687
0.828125|0.6875|0.015625|0.03125|0.8558299245721116|0.8640399133135872|0.8814277028776231|0.8747039764609299
0.921875|0.6875|0.015625|0.03125|0.9247274599281391|0.929135376079677|0.9482087010339089|0.9448360809343799
0.828125|0.640625|0.015625|0.015625|0.8640399133135872|0.8639142340816559|0.8862426337127914|0.8814277028776231
0.875|0.640625|0.03125|0.015625|0.8814277028776231|0.8862426337127914|0.9261948617092745|0.929135376079677
0.921875|0.640625|0.015625|0.015625|0.929135376079677|0.9261948617092745|0.9529630225250139|0.9482087010339089
0.9453125|0.734375|0.0078125|0.015625|0.9450133523108687|0.9448360809343799|0.9598480819888622|0.9609398093288254
0.96875|0.734375|0.015625|0.015625|0.9609398093288254|0.9598480819888622|0.9861910612632654|0.9848012653871808
0.9921875|0.734375|0.0078125|0.015625|0.9848012653871808|0.9861910612632654|1.0|1.0
0.9453125|0.6875|0.0078125|0.03125|0.9448360809343799|0.9482087010339089|0.9631580318157014|0.9598480819888622
0.9921875|0.6875|0.0078125|0.03125|0.9861910612632654|0.9874494968138644|1.0|1.0
0.9453125|0.640625|0.0078125|0.015625|0.9482087010339089|0.9529630225250139|0.9676050557407784|0.9631580318157014
0.96875|0.640625|0.015625|0.015625|0.9631580318157014|0.9676050557407784|0.9856971359131362|0.9874494968138644
0.9921875|0.640625|0.0078125|0.015625|0.9874494968138644|0.9856971359131362|1.0|1.0
0.7578125|0.59375|0.0078125|0.03125|0.8438951545682093|0.8469713089919291|0.8486073683090278|0.8467587847603015
0.78125|0.59375|0.015625|0.03125|0.8467587847603015|0.8486073683090278|0.8549228797223617|0.8548704774011023
0.8046875|0.59375|0.0078125|0.03125|0.8548704774011023|0.8549228797223617|0.8571406521964376|0.8639142340816559
0.7578125|0.5|0.0078125|0.0625|0.8469713089919291|0.8469579370724191|0.8485908187794607|0.8486073683090278
0.8046875|0.5|0.0078125|0.0625|0.8549228797223617|0.8549072105882621|0.8571267280553896|0.8571406521964376
0.7578125|0.40625|0.0078125|0.03125|0.8469579370724191|0.8438693558546632|0.8467330110410097|0.8485908187794607
0.78125|0.40625|0.015625|0.03125|0.8485908187794607|0.8467330110410097|0.8548453729917275|0.8549072105882621
0.8046875|0.40625|0.0078125|0.03125|0.8549072105882621|0.8548453729917275|0.8638894297193946|0.8571267280553896
0.9453125|0.59375|0.0078125|0.03125|0.9529630225250139|0.9650937162942308|0.9698519573269234|0.9676050557407784
0.96875|0.59375|0.015625|0.03125|0.9676050557407784|0.9698519573269234|0.9874565755913568|0.9856971359131362
0.9921875|0.59375|0.0078125|0.03125|0.9856971359131362|0.9874565755913568|1.0|1.0
0.9453125|0.5|0.0078125|0.0625|0.9650937162942308|0.9650890891137608|0.969847685536809|0.9698519573269234
0.9921875|0.5|0.0078125|0.0625|0.9874565755913568|0.9874545313734306|1.0|1.0
0.9453125|0.40625|0.0078125|0.03125|0.9650890891137608|0.9529520448158921|0.9675979683370036|0.969847685536809
0.96875|0.40625|0.015625|0.03125|0.969847685536809|0.9675979683370036|0.9856940773189772|0.9874545313734306
0.9921875|0.40625|0.0078125|0.03125|0.9874545313734306|0.9856940773189772|1.0|1.0
0.7578125|0.359375|0.0078125|0.015625|0.8438693558546632|0.8375247677251318|0.8415671206832103|0.8467330110410097
0.78125|0.359375|0.015625|0.015625|0.8467330110410097|0.8415671206832103|0.8546707744565062|0.8548453729917275
0.8046875|0.359375|0.0078125|0.015625|0.8548453729917275|0.8546707744565062|0.8640099681544401|0.8638894297193946
0.7578125|0.3125|0.0078125|0.03125|0.8375247677251318|0.815840556135351|0.8190439856513868|0.8415671206832103
0.8046875|0.3125|0.0078125|0.03125|0.8546707744565062|0.8400976736865231|0.8557921166079208|0.8640099681544401
0.7578125|0.265625|0.0078125|0.015625|0.815840556135351|0.79201261277256|0.8090233392722292|0.8190439856513868
0.78125|0.265625|0.015625|0.015625|0.8190439856513868|0.8090233392722292|0.8330129141557687|0.8400976736865231
0.8046875|0.265625|0.0078125|0.015625|0.8400976736865231|0.8330129141557687|0.8489270903520796|0.8557921166079208
0.828125|0.359375|0.015625|0.015625|0.8638894297193946|0.8640099681544401|0.8814009500030531|0.8862179916775371
0.875|0.359375|0.03125|0.015625|0.8862179916775371|0.8814009500030531|0.929118337712957|0.9261772556655019
0.921875|0.359375|0.015625|0.015625|0.9261772556655019|0.929118337712957|0.9481956823788535|0.9529520448158921
0.828125|0.3125|0.015625|0.03125|0.8640099681544401|0.8557921166079208|0.87467017907236|0.8814009500030531
0.921875|0.3125|0.015625|0.03125|0.929118337712957|0.9247060222994103|0.9448203717818019|0.9481956823788535
0.828125|0.265625|0.015625|0.015625|0.8557921166079208|0.8489270903520796|0.8737035823242572|0.87467017907236
0.875|0.265625|0.03125|0.015625|0.87467017907236|0.8737035823242572|0.9204997215567466|0.9247060222994103
0.921875|0.265625|0.015625|0.015625|0.9247060222994103|0.9204997215567466|0.944996665145515|0.9448203717818019
0.9453125|0.359375|0.0078125|0.015625|0.9529520448158921|0.9481956823788535|0.9631490704903581|0.9675979683370036
0.96875|0.359375|0.015625|0.015625|0.9675979683370036|0.9631490704903581|0.9874466301140475|0.9856940773189772
0.9921875|0.359375|0.0078125|0.015625|0.9856940773189772|0.9874466301140475|1.0|1.0
0.9453125|0.3125|0.0078125|0.03125|0.9481956823788535|0.9448203717818019|0.959836518102664|0.9631490704903581
0.9921875|0.3125|0.0078125|0.03125|0.9874466301140475|0.9861870119453657|1.0|1.0
0.9453125|0.265625|0.0078125|0.015625|0.9448203717818019|0.944996665145515|0.9609279202479167|0.959836518102664
0.96875|0.265625|0.015625|0.015625|0.959836518102664|0.9609279202479167|0.9847966480646896|0.9861870119453657
0.9921875|0.265625|0.0078125|0.015625|0.9861870119453657|0.9847966480646896|1.0|1.0
0.7578125|0.9921875|0.0078125|0.0078125|0.7516280995291116|0.7515147151255617|0.7663122674135757|0.7691058639794611
0.78125|0.9921875|0.015625|0.0078125|0.7691058639794611|0.7663122674135757|0.8016809824511161|0.7991961765572533
0.8046875|0.9921875|0.0078125|0.0078125|0.7991961765572533|0.8016809824511161|0.8170106523586633|0.817157681530514
0.7578125|0.96875|0.0078125|0.015625|0.7515147151255617|0.7524612297936574|0.7661170714454507|0.7663122674135757
0.8046875|0.96875|0.0078125|0.015625|0.8016809824511161|0.7991331900098223|0.8145558640466953|0.8170106523586633
0.7578125|0.9453125|0.0078125|0.0078125|0.7524612297936574|0.7534012223858196|0.7695831407257848|0.7661170714454507
0.78125|0.9453125|0.015625|0.0078125|0.7661170714454507|0.7695831407257848|0.7939227419598961|0.7991331900098223
0.8046875|0.9453125|0.0078125|0.0078125|0.7991331900098223|0.7939227419598961|0.809119592006824|0.8145558640466953
0.828125|0.9921875|0.015625|0.0078125|0.817157681530514|0.8170106523586633|0.840525624379473|0.8470447552475827
0.875|0.9921875|0.03125|0.0078125|0.8470447552475827|0.840525624379473|0.9149048929090132|0.9082181573322653
0.921875|0.9921875|0.015625|0.0078125|0.9082181573322653|0.9149048929090132|0.9382155533310106|0.9377969890944243
0.828125|0.96875|0.015625|0.015625|0.8170106523586633|0.8145558640466953|0.8391428634579443|0.840525624379473
0.921875|0.96875|0.015625|0.015625|0.9149048929090132|0.9170673737366198|0.9416133485482391|0.9382155533310106
0.828125|0.9453125|0.015625|0.0078125|0.8145558640466953|0.809119592006824|0.8449528744686478|0.8391428634579443
0.875|0.9453125|0.03125|0.0078125|0.8391428634579443|0.8449528744686478|0.9114889455697841|0.9170673737366198
0.921875|0.9453125|0.015625|0.0078125|0.9170673737366198|0.9114889455697841|0.9480818651596463|0.9416133485482391
0.9453125|0.9921875|0.0078125|0.0078125|0.9377969890944243|0.9382155533310106|0.9529717935401776|0.9551263835902786
0.96875|0.9921875|0.015625|0.0078125|0.9551263835902786|0.9529717935401776|0.9863664505632801|0.9835869910720016
0.9921875|0.9921875|0.0078125|0.0078125|0.9835869910720016|0.9863664505632801|1.0|1.0
0.9453125|0.96875|0.0078125|0.015625|0.9382155533310106|0.9416133485482391|0.9568443564717316|0.9529717935401776
0.9921875|0.96875|0.0078125|0.015625|0.9863664505632801|0.9877961931737068|1.0|1.0
0.9453125|0.9453125|0.0078125|0.0078125|0.9416133485482391|0.9480818651596463|0.9630611367079129|0.9568443564717316
0.96875|0.9453125|0.015625|0.0078125|0.9568443564717316|0.9630611367079129|0.9855173017845248|0.9877961931737068
0.9921875|0.9453125|0.0078125|0.0078125|0.9877961931737068|0.9855173017845248|1.0|1.0
0.7578125|0.921875|0.0078125|0.015625|0.7534012223858196|0.7551413715209142|0.7696394894816656|0.7695831407257848
0.78125|0.921875|0.015625|0.015625|0.7695831407257848|0.7696394894816656|0.7936292603745169|0.7939227419598961
0.8046875|0.921875|0.0078125|0.015625|0.7939227419598961|0.7936292603745169|0.7997470045802294|0.809119592006824
0.7578125|0.875|0.0078125|0.03125|0.7551413715209142|0.7618185858709255|0.7784571854839966|0.7696394894816656
0.8046875|0.875|0.0078125|0.03125|0.7936292603745169|0.802831876294143|0.807525660431174|0.7997470045802294
0.7578125|0.828125|0.0078125|0.015625|0.7618185858709255|0.7675275250753015|0.7843581306158476|0.7784571854839966
0.78125|0.828125|0.015625|0.015625|0.7784571854839966|0.7843581306158476|0.8090503967164887|0.802831876294143
0.8046875|0.828125|0.0078125|0.015625|0.802831876294143|0.8090503967164887|0.8250004849055274|0.807525660431174
0.9453125|0.921875|0.0078125|0.015625|0.9480818651596463|0.9616088706000662|0.9663448657116488|0.9630611367079129
0.96875|0.921875|0.015625|0.015625|0.9630611367079129|0.9663448657116488|0.9874131152568847|0.9855173017845248
0.9921875|0.921875|0.0078125|0.015625|0.9855173017845248|0.9874131152568847|1.0|1.0
0.9453125|0.875|0.0078125|0.03125|0.9616088706000662|0.9636655821242822|0.9683509461494715|0.9663448657116488
0.9921875|0.875|0.0078125|0.03125|0.9874131152568847|0.9882928427413614|1.0|1.0
0.9453125|0.828125|0.0078125|0.015625|0.9636655821242822|0.9532578120626053|0.9665101127811289|0.9683509461494715
0.96875|0.828125|0.015625|0.015625|0.9683509461494715|0.9665101127811289|0.9868136828441011|0.9882928427413614
0.9921875|0.828125|0.0078125|0.015625|0.9882928427413614|0.9868136828441011|1.0|1.0
0.7578125|0.8046875|0.0078125|0.0078125|0.7675275250753015|0.7722950611314193|0.7854998766782445|0.7843581306158476
0.78125|0.8046875|0.015625|0.0078125|0.7843581306158476|0.7854998766782445|0.8182275550144797|0.8090503967164887
0.8046875|0.8046875|0.0078125|0.0078125|0.8090503967164887|0.8182275550144797|0.834196919097775|0.8250004849055274
0.7578125|0.78125|0.0078125|0.015625|0.7722950611314193|0.7815472767886648|0.798634088928997|0.7854998766782445
0.8046875|0.78125|0.0078125|0.015625|0.8182275550144797|0.8312210584133222|0.8435982736583507|0.834196919097775
0.7578125|0.7578125|0.0078125|0.0078125|0.7815472767886648|0.7920691372413919|0.809076620942273|0.798634088928997
0.78125|0.7578125|0.015625|0.0078125|0.798634088928997|0.809076620942273|0.8330604030812724|0.8312210584133222
0.8046875|0.7578125|0.0078125|0.0078125|0.8312210584133222|0.8330604030812724|0.8489701888838131|0.8435982736583507
0.828125|0.8046875|0.015625|0.0078125|0.8250004849055274|0.834196919097775|0.8570148876812683|0.860786008281226
0.875|0.8046875|0.03125|0.0078125|0.860786008281226|0.8570148876812683|0.9262900714972321|0.9210253200331685
0.921875|0.8046875|0.015625|0.0078125|0.9210253200331685|0.9262900714972321|0.9480591726004114|0.9532578120626053
0.828125|0.78125|0.015625|0.015625|0.834196919097775|0.8435982736583507|0.8638229128226984|0.8570148876812683
0.921875|0.78125|0.015625|0.015625|0.9262900714972321|0.926203765902229|0.9456910194526863|0.9480591726004114
0.828125|0.7578125|0.015625|0.0078125|0.8435982736583507|0.8489701888838131|0.8737400847010608|0.8638229128226984
0.875|0.7578125|0.03125|0.0078125|0.8638229128226984|0.8737400847010608|0.9205231486961031|0.926203765902229
0.921875|0.7578125|0.015625|0.0078125|0.926203765902229|0.9205231486961031|0.9450133523108687|0.9456910194526863
0.9453125|0.8046875|0.0078125|0.0078125|0.9532578120626053|0.9480591726004114|0.9614257353150237|0.9665101127811289
0.96875|0.8046875|0.015625|0.0078125|0.9665101127811289|0.9614257353150237|0.9889908634409378|0.9868136828441011
0.9921875|0.8046875|0.0078125|0.0078125|0.9868136828441011|0.9889908634409378|1.0|1.0
0.9453125|0.78125|0.0078125|0.015625|0.9480591726004114|0.9456910194526863|0.9585016066062682|0.9614257353150237
0.9921875|0.78125|0.0078125|0.015625|0.9889908634409378|0.9878252408935158|1.0|1.0
0.9453125|0.7578125|0.0078125|0.0078125|0.9456910194526863|0.9450133523108687|0.9609398093288254|0.9585016066062682
0.96875|0.7578125|0.015625|0.0078125|0.9585016066062682|0.9609398093288254|0.9848012653871808|0.9878252408935158
0.9921875|0.7578125|0.0078125|0.0078125|0.9878252408935158|0.9848012653871808|1.0|1.0
0.265625|0.9921875|0.015625|0.0078125|0.2487403107221451|0.24885196087386935|0.2709290078702713|0.27713233599071063
0.3125|0.9921875|0.03125|0.0078125|0.27713233599071063|0.2709290078702713|0.34042281598498436|0.3359621072845076
0.359375|0.9921875|0.015625|0.0078125|0.3359621072845076|0.34042281598498436|0.36538051745498235|0.3668262704802585
0.265625|0.96875|0.015625|0.015625|0.24885196087386935|0.24790495919831457|0.2676059924138895|0.2709290078702713
0.359375|0.96875|0.015625|0.015625|0.34042281598498436|0.33229534060983984|0.3583991346518362|0.36538051745498235
0.265625|0.9453125|0.015625|0.0078125|0.24790495919831457|0.24696433767138512|0.2713675485094861|0.2676059924138895
0.3125|0.9453125|0.03125|0.0078125|0.2676059924138895|0.2713675485094861|0.31778072277172675|0.33229534060983984
0.359375|0.9453125|0.015625|0.0078125|0.33229534060983984|0.31778072277172675|0.3434766474039148|0.3583991346518362
0.40625|0.9921875|0.03125|0.0078125|0.3668262704802585|0.36538051745498235|0.4134791257393832|0.42986344898412726
0.5|0.9921875|0.0625|0.0078125|0.42986344898412726|0.4134791257393832|0.5869333553842876|0.5705505757387269
0.59375|0.9921875|0.03125|0.0078125|0.5705505757387269|0.5869333553842876|0.6350296131484092|0.6335844137820343
0.40625|0.96875|0.03125|0.015625|0.36538051745498235|0.3583991346518362|0.40922206587999277|0.4134791257393832
0.59375|0.96875|0.03125|0.015625|0.5869333553842876|0.5911897012139518|0.6420090629933217|0.6350296131484092
0.40625|0.9453125|0.03125|0.0078125|0.3583991346518362|0.3434766474039148|0.4230067167150335|0.40922206587999277
0.5|0.9453125|0.0625|0.0078125|0.40922206587999277|0.4230067167150335|0.5774031916084205|0.5911897012139518
0.59375|0.9453125|0.03125|0.0078125|0.5911897012139518|0.5774031916084205|0.6569276340619424|0.6420090629933217
0.640625|0.9921875|0.015625|0.0078125|0.6335844137820343|0.6350296131484092|0.6599823260338582|0.6644420596955458
0.6875|0.9921875|0.03125|0.0078125|0.6644420596955458|0.6599823260338582|0.7294514102676779|0.7232499999110885
0.734375|0.9921875|0.015625|0.0078125|0.7232499999110885|0.7294514102676779|0.7515147151255617|0.7516280995291116
0.640625|0.96875|0.015625|0.015625|0.6350296131484092|0.6420090629933217|0.6681058909097127|0.6599823260338582
0.734375|0.96875|0.015625|0.015625|0.7294514102676779|0.7327719683833742|0.7524612297936574|0.7515147151255617
0.640625|0.9453125|0.015625|0.0078125|0.6420090629933217|0.6569276340619424|0.682615302165423|0.6681058909097127
0.6875|0.9453125|0.03125|0.0078125|0.6681058909097127|0.682615302165423|0.7290109984960677|0.7327719683833742
0.734375|0.9453125|0.015625|0.0078125|0.7327719683833742|0.7290109984960677|0.7534012223858196|0.7524612297936574
0.265625|0.921875|0.015625|0.015625|0.24696433767138512|0.24521995613382655|0.26530321209091906|0.2713675485094861
0.3125|0.921875|0.03125|0.015625|0.2713675485094861|0.26530321209091906|0.311388415256082|0.31778072277172675
0.359375|0.921875|0.015625|0.015625|0.31778072277172675|0.311388415256082|0.31910989933116257|0.3434766474039148
0.265625|0.875|0.015625|0.03125|0.24521995613382655|0.2385315693915325|0.25866789410016877|0.26530321209091906
0.359375|0.875|0.015625|0.03125|0.311388415256082|0.30638926202232963|0.31531095318198404|0.31910989933116257
0.265625|0.828125|0.015625|0.015625|0.2385315693915325|0.23281390271497424|0.2592153461416405|0.25866789410016877
0.3125|0.828125|0.03125|0.015625|0.25866789410016877|0.2592153461416405|0.3091822197094433|0.30638926202232963
0.359375|0.828125|0.015625|0.015625|0.30638926202232963|0.3091822197094433|0.336065402328596|0.31531095318198404
0.640625|0.921875|0.015625|0.015625|0.6569276340619424|0.6812860734442018|0.6890039183768742|0.682615302165423
0.6875|0.921875|0.03125|0.015625|0.682615302165423|0.6890039183768742|0.7350692489075432|0.7290109984960677
0.734375|0.921875|0.015625|0.015625|0.7290109984960677|0.7350692489075432|0.7551413715209142|0.7534012223858196
0.640625|0.875|0.015625|0.03125|0.6812860734442018|0.6850751351582717|0.6939908419648596|0.6890039183768742
0.734375|0.875|0.015625|0.03125|0.7350692489075432|0.7416917414203994|0.7618185858709255|0.7551413715209142
0.640625|0.828125|0.015625|0.015625|0.6850751351582717|0.6643158448623827|0.6911931729335168|0.6939908419648596
0.6875|0.828125|0.03125|0.015625|0.6939908419648596|0.6911931729335168|0.7411398663772909|0.7416917414203994
0.734375|0.828125|0.015625|0.015625|0.7416917414203994|0.7411398663772909|0.7675275250753015|0.7618185858709255
0.265625|0.8046875|0.015625|0.0078125|0.23281390271497424|0.228040254693971|0.25000923461345725|0.2592153461416405
0.3125|0.8046875|0.03125|0.0078125|0.2592153461416405|0.25000923461345725|0.3219459732075081|0.3091822197094433
0.359375|0.8046875|0.015625|0.0078125|0.3091822197094433|0.3219459732075081|0.34953226090408307|0.336065402328596
0.265625|0.78125|0.015625|0.015625|0.228040254693971|0.2187753670122345|0.2448319931793874|0.25000923461345725
0.359375|0.78125|0.015625|0.015625|0.3219459732075081|0.32620700497973015|0.3546080210776387|0.34953226090408307
0.265625|0.7578125|0.015625|0.0078125|0.2187753670122345|0.20824306508058316|0.249658462522491|0.2448319931793874
0.3125|0.7578125|0.03125|0.0078125|0.2448319931793874|0.249658462522491|0.3201247383976321|0.32620700497973015
0.359375|0.7578125|0.015625|0.0078125|0.32620700497973015|0.3201247383976321|0.3552956243925794|0.3546080210776387
0.40625|0.8046875|0.03125|0.0078125|0.336065402328596|0.34953226090408307|0.4034788574694942|0.41863786081020976
0.5|0.8046875|0.0625|0.0078125|0.41863786081020976|0.4034788574694942|0.5969042465889939|0.5817462492529063
0.59375|0.8046875|0.03125|0.0078125|0.5817462492529063|0.5969042465889939|0.6508481540784716|0.6643158448623827
0.40625|0.78125|0.03125|0.015625|0.34953226090408307|0.3546080210776387|0.40689025116318495|0.4034788574694942
0.59375|0.78125|0.03125|0.015625|0.5969042465889939|0.5934912468844566|0.6457700739041667|0.6508481540784716
0.40625|0.7578125|0.03125|0.0078125|0.3546080210776387|0.3552956243925794|0.42413080175718765|0.40689025116318495
0.5|0.7578125|0.0625|0.0078125|0.40689025116318495|0.42413080175718765|0.5762513280311877|0.5934912468844566
0.59375|0.7578125|0.03125|0.0078125|0.5934912468844566|0.5762513280311877|0.6450814353418425|0.6457700739041667
0.640625|0.8046875|0.015625|0.0078125|0.6643158448623827|0.6508481540784716|0.67842944588741|0.6911931729335168
0.6875|0.8046875|0.03125|0.0078125|0.6911931729335168|0.67842944588741|0.7503376827960635|0.7411398663772909
0.734375|0.8046875|0.015625|0.0078125|0.7411398663772909|0.7503376827960635|0.7722950611314193|0.7675275250753015
0.640625|0.78125|0.015625|0.015625|0.6508481540784716|0.6457700739041667|0.674164268166449|0.67842944588741
0.734375|0.78125|0.015625|0.015625|0.7503376827960635|0.7555059198086622|0.7815472767886648|0.7722950611314193
0.640625|0.7578125|0.015625|0.0078125|0.6457700739041667|0.6450814353418425|0.6802440929858775|0.674164268166449
0.6875|0.7578125|0.03125|0.0078125|0.674164268166449|0.6802440929858775|0.7506800416179517|0.7555059198086622
0.734375|0.7578125|0.015625|0.0078125|0.7555059198086622|0.7506800416179517|0.7920691372413919|0.7815472767886648
0.0078125|0.9921875|0.0078125|0.0078125|0.0|0.0|0.013657890606483366|0.016442113276816918
0.03125|0.9921875|0.015625|0.0078125|0.016442113276816918|0.013657890606483366|0.047110955145574784|0.04495333225368112
0.0546875|0.9921875|0.0078125|0.0078125|0.04495333225368112|0.047110955145574784|0.0618927078756816|0.06231221136258212
0.0078125|0.96875|0.0078125|0.015625|0.0|0.0|0.012225626048114113|0.013657890606483366
0.0546875|0.96875|0.0078125|0.015625|0.047110955145574784|0.04323211066745861|0.05848886180067132|0.0618927078756816
0.0078125|0.9453125|0.0078125|0.0078125|0.0|0.0|0.014508620865645824|0.012225626048114113
0.03125|0.9453125|0.015625|0.0078125|0.012225626048114113|0.014508620865645824|0.03700451164458301|0.04323211066745861
0.0546875|0.9453125|0.0078125|0.0078125|0.04323211066745861|0.03700451164458301|0.05200939565107544|0.05848886180067132
0.078125|0.9921875|0.015625|0.0078125|0.06231221136258212|0.0618927078756816|0.08524197396510995|0.09193902885651987
0.125|0.9921875|0.03125|0.0078125|0.09193902885651987|0.08524197396510995|0.159737124869694|0.15320924888508608
0.171875|0.9921875|0.015625|0.0078125|0.15320924888508608|0.159737124869694|0.18328849595168284|0.1831410897681305
0.078125|0.96875|0.015625|0.015625|0.0618927078756816|0.05848886180067132|0.08307492955641198|0.08524197396510995
0.171875|0.96875|0.015625|0.015625|0.159737124869694|0.1611228472389629|0.18574578010556894|0.18328849595168284
0.078125|0.9453125|0.015625|0.0078125|0.05848886180067132|0.05200939565107544|0.0886623802563317|0.08307492955641198
0.125|0.9453125|0.03125|0.0078125|0.08307492955641198|0.0886623802563317|0.1553034667389482|0.1611228472389629
0.171875|0.9453125|0.015625|0.0078125|0.1611228472389629|0.1553034667389482|0.19118918738031387|0.18574578010556894
0.1953125|0.9921875|0.0078125|0.0078125|0.1831410897681305|0.18328849595168284|0.19863753216569974|0.2011249842424406
0.21875|0.9921875|0.015625|0.0078125|0.2011249842424406|0.19863753216569974|0.23404311017419338|0.23124657088741923
0.2421875|0.9921875|0.0078125|0.0078125|0.23124657088741923|0.23404311017419338|0.24885196087386935|0.2487403107221451
0.1953125|0.96875|0.0078125|0.015625|0.18328849595168284|0.18574578010556894|0.20118795518674248|0.19863753216569974
0.2421875|0.96875|0.0078125|0.015625|0.23404311017419338|0.23423992116946712|0.24790495919831457|0.24885196087386935
0.1953125|0.9453125|0.0078125|0.0078125|0.18574578010556894|0.19118918738031387|0.20640460518963208|0.20118795518674248
0.21875|0.9453125|0.015625|0.0078125|0.20118795518674248|0.20640460518963208|0.2307689507258672|0.23423992116946712
0.2421875|0.9453125|0.0078125|0.0078125|0.23423992116946712|0.2307689507258672|0.24696433767138512|0.24790495919831457
0.0078125|0.921875|0.0078125|0.015625|0.0|0.0|0.012609537889568223|0.014508620865645824
0.03125|0.921875|0.015625|0.015625|0.014508620865645824|0.012609537889568223|0.03371558739899123|0.03700451164458301
0.0546875|0.921875|0.0078125|0.015625|0.03700451164458301|0.03371558739899123|0.03845999658172254|0.05200939565107544
0.0078125|0.875|0.0078125|0.03125|0.0|0.0|0.01172832179438575|0.012609537889568223
0.0546875|0.875|0.0078125|0.03125|0.03371558739899123|0.03170606388394245|0.03639987218505098|0.03845999658172254
0.0078125|0.828125|0.0078125|0.015625|0.0|0.0|0.013210205392052133|0.01172832179438575
0.03125|0.828125|0.015625|0.015625|0.01172832179438575|0.013210205392052133|0.0335499027861793|0.03170606388394245
0.0546875|0.828125|0.0078125|0.015625|0.03170606388394245|0.0335499027861793|0.04682537080145935|0.03639987218505098
0.1953125|0.921875|0.0078125|0.015625|0.19118918738031387|0.20057420772831006|0.20669964116411607|0.20640460518963208
0.21875|0.921875|0.015625|0.015625|0.20640460518963208|0.20669964116411607|0.23071193548236713|0.2307689507258672
0.2421875|0.921875|0.0078125|0.015625|0.2307689507258672|0.23071193548236713|0.24521995613382655|0.24696433767138512
0.1953125|0.875|0.0078125|0.03125|0.20057420772831006|0.19278281966396232|0.19748144508419668|0.20669964116411607
0.2421875|0.875|0.0078125|0.03125|0.23071193548236713|0.2218796934903856|0.2385315693915325|0.24521995613382655
0.1953125|0.828125|0.0078125|0.015625|0.19278281966396232|0.1752825796231815|0.19125342187925082|0.19748144508419668
0.21875|0.828125|0.015625|0.015625|0.19748144508419668|0.19125342187925082|0.21596848959843923|0.2218796934903856
0.2421875|0.828125|0.0078125|0.015625|0.2218796934903856|0.21596848959843923|0.23281390271497424|0.2385315693915325
0.0078125|0.8046875|0.0078125|0.0078125|0.0|0.0|0.01102902927195041|0.013210205392052133
0.03125|0.8046875|0.015625|0.0078125|0.013210205392052133|0.01102902927195041|0.03864365869237292|0.0335499027861793
0.0546875|0.8046875|0.0078125|0.0078125|0.0335499027861793|0.03864365869237292|0.05203331629249546|0.04682537080145935
0.0078125|0.78125|0.0078125|0.015625|0.0|0.0|0.012196642205486184|0.01102902927195041
0.0546875|0.78125|0.0078125|0.015625|0.03864365869237292|0.04157211146472975|0.05440550899770891|0.05203331629249546
0.0078125|0.7578125|0.0078125|0.0078125|0.0|0.0|0.01522595259173176|0.012196642205486184
0.03125|0.7578125|0.015625|0.0078125|0.012196642205486184|0.01522595259173176|0.03912976860564309|0.04157211146472975
0.0546875|0.7578125|0.0078125|0.0078125|0.04157211146472975|0.03912976860564309|0.05508439821279385|0.05440550899770891
0.078125|0.8046875|0.015625|0.0078125|0.04682537080145935|0.05203331629249546|0.07383762059603434|0.07911089320318897
0.125|0.8046875|0.03125|0.0078125|0.07911089320318897|0.07383762059603434|0.14322249402507387|0.139444875425005
0.171875|0.8046875|0.015625|0.0078125|0.139444875425005|0.14322249402507387|0.166073439905516|0.1752825796231815
0.078125|0.78125|0.015625|0.015625|0.05203331629249546|0.05440550899770891|0.07392469467922827|0.07383762059603434
0.171875|0.78125|0.015625|0.015625|0.14322249402507387|0.1364040311301861|0.15665832714865252|0.166073439905516
0.078125|0.7578125|0.015625|0.0078125|0.05440550899770891|0.05508439821279385|0.0796149113307092|0.07392469467922827
0.125|0.7578125|0.03125|0.0078125|0.07392469467922827|0.0796149113307092|0.12647344551899412|0.1364040311301861
0.171875|0.7578125|0.015625|0.0078125|0.1364040311301861|0.12647344551899412|0.15128054526639687|0.15665832714865252
0.1953125|0.8046875|0.0078125|0.0078125|0.1752825796231815|0.166073439905516|0.1820636973941865|0.19125342187925082
0.21875|0.8046875|0.015625|0.0078125|0.19125342187925082|0.1820636973941865|0.21482468112237546|0.21596848959843923
0.2421875|0.8046875|0.0078125|0.0078125|0.21596848959843923|0.21482468112237546|0.228040254693971|0.23281390271497424
0.1953125|0.78125|0.0078125|0.015625|0.166073439905516|0.15665832714865252|0.16905235217490458|0.1820636973941865
0.2421875|0.78125|0.0078125|0.015625|0.21482468112237546|0.20167404766672373|0.2187753670122345|0.228040254693971
0.1953125|0.7578125|0.0078125|0.0078125|0.15665832714865252|0.15128054526639687|0.16721071196267123|0.16905235217490458
0.21875|0.7578125|0.015625|0.0078125|0.16905235217490458|0.16721071196267123|0.191220184050658|0.20167404766672373
0.2421875|0.7578125|0.0078125|0.0078125|0.20167404766672373|0.191220184050658|0.20824306508058316|0.2187753670122345
0.0078125|0.734375|0.0078125|0.015625|0.0|0.0|0.013833633883840036|0.01522595259173176
0.03125|0.734375|0.015625|0.015625|0.01522595259173176|0.013833633883840036|0.04022328080583671|0.03912976860564309
0.0546875|0.734375|0.0078125|0.015625|0.03912976860564309|0.04022328080583671|0.05526098680373706|0.05508439821279385
0.0078125|0.6875|0.0078125|0.03125|0.0|0.0|0.012572652782515617|0.013833633883840036
0.0546875|0.6875|0.0078125|0.03125|0.04022328080583671|0.03690647586040685|0.05188189300486049|0.05526098680373706
0.0078125|0.640625|0.0078125|0.015625|0.0|0.0|0.014327911431589062|0.012572652782515617
0.03125|0.640625|0.015625|0.015625|0.012572652782515617|0.014327911431589062|0.03245144743853125|0.03690647586040685
0.0546875|0.640625|0.0078125|0.015625|0.03690647586040685|0.03245144743853125|0.047119019939299935|0.05188189300486049
0.078125|0.734375|0.015625|0.015625|0.05508439821279385|0.05526098680373706|0.07540332020926999|0.0796149113307092
0.125|0.734375|0.03125|0.015625|0.0796149113307092|0.07540332020926999|0.12550772172460048|0.12647344551899412
0.171875|0.734375|0.015625|0.015625|0.12647344551899412|0.12550772172460048|0.14440970034588188|0.15128054526639687
0.078125|0.6875|0.015625|0.03125|0.05526098680373706|0.05188189300486049|0.07098670095811364|0.07540332020926999
0.171875|0.6875|0.015625|0.03125|0.12550772172460048|0.11877201022085729|0.1361867542870323|0.14440970034588188
0.078125|0.640625|0.015625|0.015625|0.05188189300486049|0.047119019939299935|0.07393262466966757|0.07098670095811364
0.125|0.640625|0.03125|0.015625|0.07098670095811364|0.07393262466966757|0.11394926919485474|0.11877201022085729
0.171875|0.640625|0.015625|0.015625|0.11877201022085729|0.11394926919485474|0.13630870558229075|0.1361867542870323
0.1953125|0.734375|0.0078125|0.015625|0.15128054526639687|0.14440970034588188|0.16011902796082578|0.16721071196267123
0.21875|0.734375|0.015625|0.015625|0.16721071196267123|0.16011902796082578|0.18119506869031968|0.191220184050658
0.2421875|0.734375|0.0078125|0.015625|0.191220184050658|0.18119506869031968|0.18440073972365661|0.20824306508058316
0.1953125|0.6875|0.0078125|0.03125|0.14440970034588188|0.1361867542870323|0.14553991419491183|0.16011902796082578
0.2421875|0.6875|0.0078125|0.03125|0.18119506869031968|0.1586587429262788|0.1627048359986171|0.18440073972365661
0.1953125|0.640625|0.0078125|0.015625|0.1361867542870323|0.13630870558229075|0.14536509887467863|0.14553991419491183
0.21875|0.640625|0.015625|0.015625|0.14553991419491183|0.14536509887467863|0.1534884925419552|0.1586587429262788
0.2421875|0.640625|0.0078125|0.015625|0.1586587429262788|0.1534884925419552|0.15635485061001317|0.1627048359986171
0.0078125|0.59375|0.0078125|0.03125|0.0|0.0|0.012564861990551929|0.014327911431589062
0.03125|0.59375|0.015625|0.03125|0.014327911431589062|0.012564861990551929|0.030198519818584388|0.03245144743853125
0.0546875|0.59375|0.0078125|0.03125|0.03245144743853125|0.030198519818584388|0.03496363053605875|0.047119019939299935
0.0078125|0.5|0.0078125|0.0625|0.0|0.0|0.01256239087827993|0.012564861990551929
0.0546875|0.5|0.0078125|0.0625|0.030198519818584388|0.030193530352440004|0.03495900965063263|0.03496363053605875
0.0078125|0.40625|0.0078125|0.03125|0.0|0.0|0.014324371600851508|0.01256239087827993
0.03125|0.40625|0.015625|0.03125|0.01256239087827993|0.014324371600851508|0.03244321843005878|0.030193530352440004
0.0546875|0.40625|0.0078125|0.03125|0.030193530352440004|0.03244321843005878|0.04710651081980391|0.03495900965063263
0.1953125|0.59375|0.0078125|0.03125|0.13630870558229075|0.1430829868756649|0.14530487772468517|0.14536509887467863
0.21875|0.59375|0.015625|0.03125|0.14536509887467863|0.14530487772468517|0.151629541614436|0.1534884925419552
0.2421875|0.59375|0.0078125|0.03125|0.1534884925419552|0.151629541614436|0.1532645815846592|0.15635485061001317
0.1953125|0.5|0.0078125|0.0625|0.1430829868756649|0.14306739962741966|0.1452868521240304|0.14530487772468517
0.2421875|0.5|0.0078125|0.0625|0.151629541614436|0.1516110170159678|0.15324928575293834|0.1532645815846592
0.1953125|0.40625|0.0078125|0.03125|0.14306739962741966|0.1362806083600535|0.14533793690334262|0.1452868521240304
0.21875|0.40625|0.015625|0.03125|0.1452868521240304|0.14533793690334262|0.15345903888726078|0.1516110170159678
0.2421875|0.40625|0.0078125|0.03125|0.1516110170159678|0.15345903888726078|0.15632606974340135|0.15324928575293834
0.0078125|0.359375|0.0078125|0.015625|0.0|0.0|0.012569138667789236|0.014324371600851508
0.03125|0.359375|0.015625|0.015625|0.014324371600851508|0.012569138667789236|0.036896373284789306|0.03244321843005878
0.0546875|0.359375|0.0078125|0.015625|0.03244321843005878|0.036896373284789306|0.05186724361445516|0.04710651081980391
0.0078125|0.3125|0.0078125|0.03125|0.0|0.0|0.013829020697600204|0.012569138667789236
0.0546875|0.3125|0.0078125|0.03125|0.036896373284789306|0.0402100203972049|0.05524345143253641|0.05186724361445516
0.0078125|0.265625|0.0078125|0.015625|0.0|0.0|0.015220879548235882|0.013829020697600204
0.03125|0.265625|0.015625|0.015625|0.013829020697600204|0.015220879548235882|0.03911640172288261|0.0402100203972049
0.0546875|0.265625|0.0078125|0.015625|0.0402100203972049|0.03911640172288261|0.05506552690363263|0.05524345143253641
0.078125|0.359375|0.015625|0.015625|0.04710651081980391|0.05186724361445516|0.07096770332085978|0.07391317249219402
0.125|0.359375|0.03125|0.015625|0.07391317249219402|0.07096770332085978|0.11874083002562091|0.11392140278760028
0.171875|0.359375|0.015625|0.015625|0.11392140278760028|0.11874083002562091|0.13615306337247252|0.1362806083600535
0.078125|0.3125|0.015625|0.03125|0.05186724361445516|0.05524345143253641|0.0753790689037811|0.07096770332085978
0.171875|0.3125|0.015625|0.03125|0.11874083002562091|0.1254688684609265|0.14436624518631733|0.13615306337247252
0.078125|0.265625|0.015625|0.015625|0.05524345143253641|0.05506552690363263|0.07958794670328001|0.0753790689037811
0.125|0.265625|0.03125|0.015625|0.0753790689037811|0.07958794670328001|0.12643160499415765|0.1254688684609265
0.171875|0.265625|0.015625|0.015625|0.1254688684609265|0.12643160499415765|0.15123132045753926|0.14436624518631733
0.1953125|0.359375|0.0078125|0.015625|0.1362806083600535|0.13615306337247252|0.14550616482790696|0.14533793690334262
0.21875|0.359375|0.015625|0.015625|0.14533793690334262|0.14550616482790696|0.15862301351014166|0.15345903888726078
0.2421875|0.359375|0.0078125|0.015625|0.15345903888726078|0.15862301351014166|0.16266668409327875|0.15632606974340135
0.1953125|0.3125|0.0078125|0.03125|0.13615306337247252|0.14436624518631733|0.16007056707972162|0.14550616482790696
0.2421875|0.3125|0.0078125|0.03125|0.15862301351014166|0.1811395783073545|0.18434810930150158|0.16266668409327875
0.1953125|0.265625|0.0078125|0.015625|0.14436624518631733|0.15123132045753926|0.16715731719634705|0.16007056707972162
0.21875|0.265625|0.015625|0.015625|0.16007056707972162|0.16715731719634705|0.19116030052872726|0.1811395783073545
0.2421875|0.265625|0.0078125|0.015625|0.1811395783073545|0.19116030052872726|0.20818003561334827|0.18434810930150158
